	mass A					
t	x	y	θ	ω	α	
0.000	302.9	-83.42	-15.40		
0.033	302.8	-82.74	-15.28	8.287	
0.067	303.5	-80.44	-14.85	23.82	654.8
0.100	305.2	-74.35	-13.69	51.84	955.8
0.133	308.0	-62.04	-11.39	88.19	1.118E3
0.167	310.9	-42.69	-7.817	126.6	1.140E3
0.200	313.2	-16.17	-2.955	164.3	1.087E3
0.233	313.0	17.14	3.135	199.2	1.021E3
0.267	308.4	56.15	10.32	232.1	945.6
0.300	296.7	99.86	18.60	262.6	859.1
0.333	276.6	145.9	27.82	289.2	732.0
0.367	246.1	191.4	37.87	311.5	653.2
0.400	205.5	232.9	48.58	332.2	540.7
0.433	154.9	268.4	60.00	348.5	349.8
0.466	96.47	293.4	71.80	355.3	183.8
0.500	33.89	306.1	83.68	359.8	1.194
0.533	-30.92	305.4	95.78	357.0	-69.07
0.566	-91.97	292.2	107.5	352.8	-285.1
0.600	-149.5	266.5	119.3	341.3	-411.8
0.633	-196.8	232.7	130.2	322.1	-538.6
0.666	-235.7	192.6	140.8	307.0	-587.6
0.700	-265.2	149.0	150.7	283.3	-764.9
0.733	-285.4	106.0	159.6	255.1	-863.0
0.766	-297.2	64.94	167.7	226.1	-903.2
0.800	-303.0	28.13	174.7	194.8	-997.0
0.833	-304.5	-3.463	180.7	160.0	-1.073E3
0.866	-303.3	-28.44	185.4	122.8	-1.091E3
0.900	-300.9	-46.77	188.8	87.18	-1.101E3
0.933	-299.1	-59.04	191.2	49.98	-1.136E3
0.966	-298.3	-64.30	192.2	10.94	-1.144E3
1.000	-298.3	-62.84	191.9	-26.27	-1.108E3
1.033	-299.6	-55.08	190.4	-62.71	-1.087E3
1.066	-301.6	-40.87	187.7	-98.80	-1.078E3
1.100	-303.3	-20.31	183.8	-134.4	-1.030E3
1.133	-303.7	6.596	178.8	-167.8	-956.5
1.166	-301.2	38.86	172.6	-198.0	-865.4
1.199	-294.3	75.76	165.6	-225.6	-741.8
1.233	-280.8	115.7	157.6	-247.7	-670.1
1.266	-260.5	156.2	149.1	-269.3	-608.1
1.299	-231.6	196.6	139.7	-289.3	-493.2
1.333	-194.5	233.7	129.8	-301.8	-321.1
1.366	-150.4	265.2	119.6	-310.5	-233.9
1.399	-99.96	288.9	109.1	-317.4	-194.1
1.433	-44.80	303.3	98.40	-323.4	-9.894
1.466	13.21	306.9	87.53	-319.4	157.8
1.499	68.76	300.7	77.12	-310.7	212.3
1.533	121.9	284.7	66.83	-306.1	269.4
1.566	170.5	259.7	56.72	-293.7	480.3
1.599	211.4	228.8	47.26	-273.2	583.9
1.633	244.2	194.3	38.51	-254.2	632.9
1.666	270.0	157.9	30.31	-232.2	707.1
1.699	288.3	122.6	23.03	-206.2	807.4
1.733	300.5	89.45	16.58	-179.0	874.0
1.766	308.1	60.49	11.11	-147.8	957.7
1.799	312.3	36.85	6.730	-114.9	1.003E3
1.833	314.2	18.93	3.448	-81.07	1.056E3
1.866	314.9	7.297	1.327	-44.68	1.073E3
1.899	315.2	2.592	0.471	-9.027	1.044E3
1.933	315.2	3.993	0.726	24.53	1.023E3
1.966	314.8	11.58	2.106	59.06	1.027E3
1.999	313.8	25.59	4.661	93.26	1.005E3
2.032	311.4	45.54	8.320	125.9	953.9
2.066	305.8	70.90	13.05	156.9	876.5
2.099	296.8	100.9	18.78	184.5	792.1
2.132	282.9	134.0	25.35	209.5	708.3
2.166	262.9	169.0	32.73	231.9	673.9
2.199	236.2	203.9	40.80	253.8	634.8
2.232	201.3	236.9	49.65	274.8	546.6
2.266	159.2	266.1	59.11	290.4	397.6
2.299	110.6	288.1	69.00	301.1	220.7
2.332	57.77	302.3	79.18	305.4	94.27
2.366	3.464	306.7	89.35	306.6	24.53
2.399	-51.01	301.4	99.61	307.5	-91.91
2.432	-103.6	287.1	109.8	301.0	-272.4
2.466	-150.7	264.5	119.7	288.5	-426.5
2.499	-191.4	235.8	129.1	273.0	-515.6
2.532	-225.3	203.9	137.9	253.9	-585.1
2.566	-251.9	170.0	146.0	233.9	-673.3
2.599	-271.5	135.7	153.5	209.6	-775.4
2.632	-285.5	104.1	160.0	181.6	-846.1
2.666	-294.0	75.76	165.5	153.4	-901.2
2.699	-299.0	51.75	170.2	121.8	-968.5
2.732	-302.1	33.54	173.7	88.34	-981.8
2.765	-303.5	20.87	176.1	56.44	-957.6
2.799	-304.1	13.67	177.4	24.68	-991.6
2.832	-304.4	12.17	177.7	-9.438	-968.2
2.865	-304.0	17.01	176.8	-40.77	-923.7
2.899	-303.6	26.59	175.0	-69.97	-885.6
2.932	-301.9	41.71	172.1	-100.4	-893.9
2.965	-298.2	61.72	168.3	-129.3	-816.4
2.999	-291.6	86.28	163.5	-155.2	-730.0
3.032	-282.3	114.2	158.0	-177.6	-659.7
3.065	-267.9	144.4	151.7	-199.2	-613.0
3.099	-248.5	176.0	144.7	-218.6	-554.2
3.132	-223.2	207.3	137.1	-235.9	-474.1
3.165	-191.7	237.0	129.0	-250.5	-405.7
3.199	-154.6	263.3	120.4	-262.7	-291.8
3.232	-111.8	284.4	111.5	-270.6	-135.3
3.265	-65.65	298.8	102.4	-271.4	-39.07
3.299	-18.08	306.3	93.38	-272.3	25.57
3.332	30.88	306.3	84.24	-270.9	110.0
3.365	78.09	298.3	75.33	-264.3	232.4
3.399	122.7	283.9	66.63	-255.7	314.9
3.432	163.0	263.8	58.29	-243.2	420.3
3.465	198.0	239.6	50.42	-227.7	506.5
3.499	227.6	213.1	43.12	-209.5	575.1
3.532	251.4	185.8	36.46	-189.3	653.5
3.565	269.7	158.9	30.51	-166.1	730.3
3.598	283.1	134.4	25.40	-140.4	967.7
3.632	292.6	113.2	21.15	-103.2	926.5
3.665	297.1	99.54	18.52	-74.26	801.6
3.698	300.8	87.41	16.21	-54.04	726.5
3.732	302.6	80.64	14.92	-24.16	875.9
3.765	302.8	78.86	14.60	4.228	859.8
3.798	302.2	82.13	15.20	32.97	885.0
3.832	299.6	90.42	16.79	63.20	885.1
3.865	295.2	104.0	19.41	92.33	835.4
3.898	288.0	121.9	22.95	118.7	772.9
3.932	277.9	143.6	27.33	143.8	711.7
3.965	263.7	168.2	32.53	166.4	666.5
3.998	244.8	194.1	38.41	187.8	644.0
4.032	220.6	220.9	45.04	209.5	554.9
4.065	190.4	247.0	52.37	225.4	437.7
4.098	155.3	269.7	60.06	237.7	346.5
4.132	115.5	288.9	68.21	249.1	247.4
4.165	71.68	302.3	76.66	254.4	128.5
4.198	26.16	309.3	85.16	257.0	49.78
4.232	-20.45	309.0	93.79	258.2	-30.42
4.265	-66.18	301.8	102.4	254.9	-177.0
4.298	-109.4	288.3	110.8	246.5	-302.9
4.331	-148.3	269.7	118.8	234.4	-356.2
4.365	-182.5	247.6	126.4	222.6	-403.1
4.398	-211.8	222.3	133.6	208.2	-504.2
4.431	-236.1	196.2	140.3	188.7	-611.9
4.465	-254.8	170.6	146.2	167.2	-677.8
4.498	-268.8	146.5	151.4	143.7	-760.1
4.531	-279.1	125.6	155.8	116.6	-804.2
4.565	-286.1	108.8	159.2	89.57	-835.1
4.598	-290.6	95.86	161.7	61.64	-840.9
4.631	-293.1	88.01	163.3	32.82	-856.5
4.665	-294.1	84.71	163.9	4.998	-810.6
4.698	-293.4	86.26	163.6	-21.66	-780.6
4.731	-291.5	91.96	162.5	-46.64	-755.1
4.765	-288.2	102.0	160.5	-72.05	-744.3
4.798	-282.8	116.1	157.7	-96.37	-683.8
4.831	-275.2	133.7	154.1	-117.8	-630.7
4.865	-264.9	153.9	149.8	-138.0	-616.4
4.898	-250.5	176.1	144.9	-158.9	-596.3
4.931	-232.4	200.2	139.2	-178.0	-488.5
4.965	-209.4	224.3	133.0	-191.8	-397.4
4.998	-182.8	247.3	126.5	-203.7	-331.2
5.031	-151.2	267.8	119.5	-214.5	-278.8
5.065	-116.3	285.3	112.2	-221.9	-186.1
5.098	-78.17	298.8	104.7	-227.1	-115.3
5.131	-37.93	307.1	97.04	-229.5	-8.348
5.164	3.401	309.8	89.37	-227.9	79.83
5.198	44.01	307.3	81.85	-223.7	148.4
5.231	83.23	299.4	74.46	-218.3	209.5
5.264	120.1	287.2	67.30	-209.8	298.5
5.298	153.5	271.1	60.48	-198.4	388.2
5.331	183.0	252.7	54.09	-184.0	461.6
5.364	208.0	232.8	48.22	-167.4	521.2
5.398	228.6	212.7	42.93	-149.3	578.6
5.431	245.5	193.7	38.27	-128.9	643.1
5.464	258.5	176.6	34.34	-106.4	695.9
5.498	268.0	162.2	31.18	-82.50	730.2
5.531	274.0	150.9	28.84	-57.70	741.5
5.564	278.2	143.8	27.34	-32.98	752.3
5.598	279.9	140.4	26.64	-7.764	755.5
5.631	279.4	141.3	26.82	17.61	756.9
5.664	277.1	146.2	27.82	42.52	735.8
5.698	272.4	155.1	29.65	66.82	696.9
5.731	264.8	167.2	32.27	88.99	667.5
5.764	254.2	181.9	35.58	111.0	644.5
5.798	240.8	199.7	39.66	132.3	592.6
5.831	223.2	218.6	44.40	150.5	524.4
5.864	202.1	238.2	49.69	167.0	483.7
5.897	176.8	257.5	55.53	182.8	442.9
5.931	147.0	275.0	61.87	196.6	331.0
5.964	113.3	289.6	68.64	205.3	223.9
5.997	77.54	301.0	75.55	210.8	151.2
6.031	39.52	307.9	82.69	215.7	105.7
6.064	0.386	310.0	89.93	217.8	2.065
6.097	-38.79	307.0	97.20	216.1	-101.8
6.131	-76.41	299.2	104.3	210.8	-193.4
6.164	-111.7	287.2	111.2	203.2	-257.2
6.197	-143.8	272.0	117.9	193.6	-320.8
6.231	-172.5	254.3	124.1	181.9	-403.1
6.264	-197.5	235.4	130.0	166.8	-485.5
6.297	-218.2	216.2	135.3	149.3	-546.2
6.331	-234.7	197.4	139.9	130.6	-593.3
6.364	-247.9	180.3	144.0	109.8	-645.4
6.397	-257.8	165.8	147.3	87.46	-697.4
6.431	-265.0	154.3	149.8	63.42	-715.2
6.464	-269.3	146.3	151.5	39.42	-722.0
6.497	-271.6	141.9	152.4	15.66	-699.5
6.531	-272.0	141.5	152.5	-7.584	-683.6
6.564	-270.3	144.3	151.9	-29.61	-654.6
6.597	-266.7	150.6	150.6	-51.35	-628.4
6.631	-261.0	160.0	148.5	-71.52	-591.5
6.664	-253.2	172.1	145.8	-90.67	-569.0
6.697	-243.1	186.9	142.4	-109.4	-549.3
6.730	-229.7	203.3	138.5	-127.3	-519.1
6.764	-213.3	221.2	134.0	-144.0	-454.9
6.797	-193.0	239.3	128.9	-157.9	-375.5
6.830	-169.6	256.7	123.4	-168.8	-313.4
6.864	-143.0	272.9	117.6	-178.7	-247.7
6.897	-113.2	287.0	111.5	-185.7	-189.1
6.930	-81.35	297.9	105.3	-190.8	-123.7
6.964	-47.37	305.5	98.81	-194.4	-51.91
6.997	-12.53	309.2	92.32	-194.1	33.64
7.030	22.27	309.1	85.88	-192.0	96.72
7.064	56.45	305.3	79.52	-187.9	153.8
7.097	88.99	297.8	73.36	-181.6	239.8
7.130	119.5	287.3	67.42	-172.2	331.5
7.164	146.8	274.8	61.89	-159.2	398.7
7.197	170.7	261.0	56.81	-145.5	408.6
7.230	191.3	246.5	52.19	-132.0	447.8
7.264	208.7	231.9	48.02	-116.0	529.1
7.297	222.9	218.7	44.46	-96.52	585.9
7.330	233.6	207.3	41.59	-76.74	586.0
7.364	241.5	198.0	39.34	-57.61	594.5
7.397	247.0	191.3	37.75	-37.26	638.1
7.430	249.9	187.4	36.86	-15.04	675.1
7.463	250.4	187.0	36.74	7.858	670.6
7.497	248.3	189.7	37.39	29.76	617.1
7.530	243.8	195.5	38.73	49.09	565.2
7.563	237.2	203.7	40.66	67.12	564.1
7.597	227.8	213.9	43.20	86.59	567.1
7.630	215.4	226.4	46.43	105.3	521.0
7.663	199.8	240.0	50.22	121.2	462.6
7.697	181.0	253.8	54.50	136.0	417.3
7.730	159.1	267.8	59.28	149.2	370.5
7.763	134.2	280.6	64.45	160.5	295.0
7.797	106.5	292.3	69.98	169.1	215.5
7.830	76.69	301.3	75.72	174.7	147.3
7.863	45.24	307.0	81.62	178.9	116.8
7.897	12.75	309.8	87.64	182.5	53.71
7.930	-20.39	308.9	93.78	182.8	-56.61
7.963	-52.76	304.6	99.83	178.5	-141.9
7.997	-83.33	297.0	105.7	173.0	-182.6
8.030	-112.3	287.2	111.4	166.7	-231.1
8.063	-138.7	274.9	116.8	157.6	-322.8
8.097	-162.3	261.2	121.9	145.3	-395.9
8.130	-182.6	247.1	126.5	130.9	-433.9
8.163	-199.8	233.2	130.6	116.4	-466.4
8.197	-214.0	219.9	134.2	100.1	-513.9
8.230	-225.4	208.4	137.3	81.94	-543.2
8.263	-234.0	198.6	139.7	63.82	-574.8
8.296	-240.0	190.9	141.5	43.95	-591.9
8.330	-243.4	186.1	142.6	23.84	-598.0
8.363	-245.0	184.0	143.1	4.484	-579.4
8.396	-244.4	184.8	142.9	-15.04	-576.0
8.430	-241.7	188.2	142.1	-33.78	-565.1
8.463	-236.8	194.1	140.7	-52.68	-531.7
8.496	-229.7	202.6	138.6	-69.53	-504.8
8.530	-220.7	213.0	136.0	-85.79	-482.3
8.563	-208.8	225.0	132.9	-102.1	-448.7
8.596	-194.0	237.7	129.2	-115.7	-390.8
8.630	-176.8	251.0	125.2	-128.0	-331.4
8.663	-157.0	264.5	120.7	-138.1	-290.0
8.696	-134.8	276.9	116.0	-146.9	-258.9
8.730	-110.0	287.9	110.9	-155.6	-198.7
8.763	-82.91	297.2	105.6	-160.4	-126.9
8.796	-54.83	304.3	100.2	-163.4	-48.13
8.830	-25.33	308.3	94.70	-164.3	-2.503
8.863	3.957	309.8	89.27	-162.9	55.27
8.896	33.30	308.6	83.84	-161.0	105.1
8.930	61.78	304.7	78.54	-155.8	194.0
8.963	88.49	297.9	73.46	-148.1	256.4
8.996	113.1	289.7	68.67	-138.7	285.6
9.029	135.4	280.3	64.21	-129.0	305.9
9.063	155.3	269.9	60.08	-118.4	349.9
9.096	173.0	259.6	56.32	-105.7	429.0
9.129	187.6	249.3	53.03	-89.91	498.6
9.163	199.2	240.2	50.33	-72.25	534.0
9.196	208.1	233.0	48.22	-54.31	520.8
9.229	214.1	227.3	46.71	-37.37	514.6
9.263	218.0	223.6	45.73	-20.35	541.2
9.296	219.4	222.1	45.35	-1.258	549.8
9.329	218.4	223.4	45.65	16.70	511.7
9.363	215.1	226.5	46.47	32.57	480.7
9.396	209.7	231.4	47.82	48.68	488.2
9.429	201.8	238.1	49.71	65.13	484.8
9.463	191.3	246.2	52.16	81.06	448.4
9.496	178.3	255.7	55.11	95.13	404.7
9.529	162.8	265.6	58.50	107.9	380.7
9.563	144.8	275.7	62.30	120.5	349.5
9.596	123.9	285.4	66.53	131.4	268.8
9.629	100.9	294.1	71.06	138.5	219.3
9.663	76.49	301.2	75.75	145.4	187.7
9.696	49.89	306.2	80.75	151.6	114.2
9.729	22.40	309.3	85.86	152.9	33.20
9.763	-5.075	309.6	90.94	153.3	-26.64
9.796	-32.74	307.6	96.08	151.8	-76.38
9.829	-59.21	303.0	101.1	147.7	-128.2
9.862	-84.58	296.5	105.9	143.5	-182.6
9.896	-108.5	288.5	110.6	135.8	-246.5
9.929	-130.0	279.1	115.0	126.5	-295.2
9.962	-149.4	268.9	119.0	116.5	-349.9
9.996	-166.3	258.7	122.7	103.2	-395.0
10.029	-180.4	249.0	125.9	89.76	-412.5
10.062	-192.3	239.9	128.7	76.18	-442.2
10.096	-201.5	231.8	131.0	60.17	-478.8
10.129	-208.4	225.6	132.7	44.07	-493.7
10.162	-213.1	221.2	133.9	27.52	-499.2
10.196	-215.6	218.9	134.6	10.54	-515.1
10.229	-216.1	218.8	134.6	-6.586	-474.1
10.262	-214.1	220.8	134.1	-21.60	-447.8
10.296	-210.4	224.0	133.2	-35.70	-436.9
10.329	-204.5	229.1	131.7	-51.12	-452.6
10.362	-196.6	236.0	129.8	-65.76	-428.8
10.396	-186.6	244.4	127.4	-79.77	-392.2
10.429	-174.2	253.6	124.5	-91.98	-343.1
10.462	-159.5	263.1	121.2	-102.5	-295.6
10.496	-142.9	272.8	117.6	-111.8	-257.1
10.529	-124.4	282.3	113.8	-119.6	-217.6
10.562	-103.9	290.5	109.7	-126.3	-174.1
10.595	-81.80	297.6	105.4	-131.3	-127.4
10.629	-58.58	303.4	100.9	-134.7	-80.77
10.662	-34.46	307.6	96.39	-136.7	-39.91
10.695	-9.832	309.4	91.82	-137.3	35.17
10.729	14.91	309.6	87.24	-134.7	83.13
10.762	38.64	307.8	82.85	-131.1	112.7
10.795	61.89	304.4	78.51	-127.7	149.6
10.829	83.90	299.2	74.34	-121.1	225.3
10.862	104.2	293.2	70.44	-112.5	264.6
10.895	122.6	286.5	66.84	-103.4	305.6
10.929	138.8	279.0	63.55	-92.42	357.8
10.962	152.8	272.0	60.68	-79.34	405.8
10.995	164.1	265.3	58.26	-65.42	415.6
11.029	173.0	259.7	56.32	-51.50	416.8
11.062	180.0	255.4	54.83	-37.77	406.8
11.095	184.3	251.9	53.80	-24.26	439.6
11.129	187.0	250.1	53.21	-8.900	460.8
11.162	186.9	249.9	53.21	7.057	463.8
11.195	184.7	251.3	53.68	21.68	426.3
11.229	180.6	254.6	54.66	35.69	412.8
11.262	174.2	258.8	56.06	48.98	393.3
11.295	165.8	264.5	57.92	62.05	385.9
11.329	155.1	270.8	60.19	74.60	351.0
11.362	142.1	277.6	62.89	85.66	317.8
11.395	127.3	284.6	65.90	95.50	267.7
11.428	110.3	291.3	69.25	103.8	234.1
11.462	91.85	297.1	72.82	110.8	202.9
11.495	71.81	302.3	76.64	117.5	175.9
11.528	50.37	306.0	80.65	122.5	124.1
11.562	28.06	308.5	84.80	125.8	72.44
11.595	5.234	309.5	89.03	127.4	16.62
11.628	-17.74	308.6	93.29	126.9	-31.22
11.662	-40.29	306.5	97.49	125.1	-87.88
11.695	-62.28	302.7	101.6	121.3	-140.9
11.728	-82.85	297.2	105.6	115.5	-203.3
11.762	-102.1	291.2	109.3	108.0	-236.4
11.795	-119.3	284.4	112.8	99.46	-268.3
11.828	-134.9	277.2	115.9	90.32	-285.9
11.862	-148.4	270.2	118.8	80.23	-329.9
11.895	-159.9	263.1	121.3	68.60	-368.7
11.928	-169.3	257.2	123.4	55.39	-382.5
11.962	-176.2	251.8	125.0	43.02	-404.5
11.995	-181.7	248.0	126.2	28.90	-431.5
12.028	-184.6	245.8	126.9	13.71	-433.0
12.062	-185.6	245.1	127.1	0.205	-407.4
12.095	-184.5	245.6	126.9	-13.35	-394.5
12.128	-181.8	248.0	126.2	-26.28	-356.2
12.161	-177.2	251.5	125.2	-37.11	-345.5
12.195	-171.1	255.8	123.8	-48.84	-339.7
12.228	-162.7	261.2	121.9	-60.35	-344.6
12.261	-152.8	267.3	119.8	-71.26	-301.7
12.295	-140.7	274.2	117.2	-81.09	-273.5
12.328	-127.2	281.0	114.4	-88.98	-232.0
12.361	-111.8	287.7	111.2	-96.77	-198.0
12.395	-94.95	293.9	107.9	-102.3	-149.9
12.428	-76.96	299.2	104.4	-106.5	-110.0
12.461	-57.90	303.5	100.8	-109.8	-79.07
12.495	-38.30	307.0	97.11	-111.6	-42.55
12.528	-18.15	309.0	93.36	-112.7	-25.34
12.561	2.163	309.7	89.60	-113.2	35.75
12.595	22.64	309.5	85.82	-110.8	103.2
12.628	42.00	307.3	82.22	-105.8	127.9
12.661	60.45	304.3	78.76	-102.2	150.9
12.695	78.26	300.6	75.41	-96.32	201.4
12.728	94.19	296.0	72.35	-88.23	261.3
12.761	108.7	291.2	69.53	-79.28	288.0
12.795	121.1	286.1	67.06	-68.77	314.4
12.828	131.7	281.7	64.94	-58.38	331.6
12.861	140.6	277.9	63.17	-46.82	332.1
12.895	147.1	274.7	61.82	-35.85	325.0
12.928	152.2	272.2	60.78	-25.54	354.0
12.961	155.4	270.4	60.12	-12.38	414.6
12.994	156.1	269.9	59.96	2.377	402.5
13.028	154.6	270.8	60.28	14.72	356.7
13.061	151.5	272.6	60.94	25.72	318.3
13.094	146.5	275.5	61.99	36.24	309.0
13.128	139.8	278.7	63.35	46.04	319.1
13.161	131.4	282.6	65.06	57.43	315.0
13.194	120.8	287.2	67.18	67.50	277.2
13.228	108.8	291.9	69.56	75.54	223.6
13.261	95.03	296.3	72.21	82.63	213.1
13.294	80.13	300.4	75.07	89.41	187.7
13.328	63.64	303.9	78.17	95.50	146.0
13.361	46.26	307.0	81.43	99.05	97.86
13.394	28.28	309.2	84.77	101.9	76.73
13.428	9.649	310.2	88.22	104.3	42.53
13.461	-9.318	309.9	91.72	104.8	-11.39
13.494	-28.06	308.3	95.20	103.4	-77.48
13.528	-46.34	305.9	98.61	99.78	-128.0
13.561	-63.46	302.4	101.9	94.63	-160.8
13.594	-79.49	298.3	104.9	89.14	-178.4
13.628	-94.31	293.9	107.8	82.75	-198.7
13.661	-107.7	289.0	110.4	75.87	-231.8
13.694	-119.7	284.2	112.8	67.49	-250.4
13.727	-129.9	279.5	114.9	58.82	-269.8
13.761	-138.9	275.4	116.8	49.88	-299.1
13.794	-145.9	271.5	118.3	38.80	-344.2
13.827	-150.9	268.3	119.4	26.84	-334.6
13.861	-154.2	266.6	120.0	16.27	-307.9
13.894	-156.1	265.6	120.4	6.617	-325.4
13.927	-156.3	265.5	120.5	-5.259	-352.8
13.961	-154.5	266.6	120.1	-17.34	-340.4
13.994	-150.9	268.6	119.3	-27.76	-295.1
14.027	-145.8	271.5	118.2	-37.10	-277.2
14.061	-139.1	274.8	116.9	-46.04	-260.9
14.094	-130.9	278.6	115.2	-54.67	-262.2
14.127	-121.5	283.2	113.2	-63.29	-220.6
14.161	-110.3	288.1	110.9	-69.87	-201.0
14.194	-98.22	292.6	108.6	-75.97	-159.9
14.227	-84.51	296.9	105.9	-81.30	-153.8
14.261	-70.30	301.2	103.1	-85.50	-123.5
14.294	-54.71	304.4	100.2	-90.02	-87.69
14.327	-38.43	306.8	97.14	-91.36	-15.16
14.361	-22.13	308.7	94.10	-90.85	-9.567
14.394	-5.874	309.6	91.09	-91.72	18.47
14.427	10.88	309.7	87.99	-90.38	60.95
14.461	26.68	308.9	85.06	-86.88	84.34
14.494	42.13	307.5	82.20	-85.01	115.7
14.527	57.11	305.1	79.40	-79.67	157.1
14.560	70.43	302.5	76.89	-73.65	188.8
14.594	83.13	299.6	74.49	-67.85	206.6
14.627	94.14	296.2	72.37	-59.51	268.0
14.660	103.6	293.1	70.53	-50.14	265.1
14.694	111.4	290.6	69.03	-41.44	268.6
14.727	117.9	288.4	67.76	-32.74	277.1
14.760	122.4	286.2	66.85	-22.67	297.7
14.794	125.5	285.3	66.25	-12.95	298.7
14.827	126.9	284.8	65.98	-2.822	297.6
14.860	126.4	284.9	66.07	7.028	299.3
14.894	124.5	285.6	66.45	16.92	298.8
14.927	120.8	287.2	67.19	27.10	284.1
14.960	115.4	289.3	68.26	35.92	264.5
14.994	108.6	291.8	69.59	44.51	246.6
15.027	100.1	294.5	71.22	52.62	244.7
15.060	90.40	297.4	73.09	60.51	212.6
15.094	79.15	300.8	75.26	67.21	171.8
15.127	66.94	303.8	77.57	71.68	139.0
15.160	53.75	305.9	80.03	76.41	119.2
15.194	39.63	307.9	82.66	79.91	78.48
15.227	25.11	309.3	85.36	81.45	48.55
15.260	10.32	309.9	88.09	83.05	27.63
15.293	-4.820	309.6	90.89	83.56	-1.951
15.327	-19.76	308.9	93.66	82.69	-36.49
15.360	-34.48	307.3	96.40	81.24	-73.44
15.393	-48.73	305.1	99.07	77.88	-97.59
15.427	-62.10	302.7	101.6	74.40	-127.4
15.460	-74.89	299.7	104.0	69.86	-177.9
15.493	-86.44	296.6	106.2	62.35	-220.4
15.527	-96.25	293.0	108.2	54.92	-201.7
15.560	-104.9	289.6	109.9	48.96	-203.3
15.593	-112.6	286.6	111.4	41.73	-249.2
15.627	-118.8	284.2	112.7	32.15	-264.0
15.660	-123.4	282.4	113.6	23.81	-267.2
15.693	-126.7	280.9	114.3	14.92	-269.5
15.727	-128.2	280.2	114.6	5.308	-264.2
15.760	-128.4	280.0	114.6	-2.498	-236.6
15.793	-127.4	280.5	114.4	-10.37	-235.1
15.827	-125.0	281.5	113.9	-18.26	-249.9
15.860	-121.4	283.1	113.2	-26.84	-243.2
15.893	-116.3	285.7	112.1	-34.83	-236.2
15.927	-110.0	288.2	110.9	-42.20	-218.9
15.960	-102.1	291.0	109.3	-49.69	-191.2
15.993	-93.22	294.4	107.6	-55.01	-156.6
16.027	-83.37	297.2	105.7	-59.82	-142.6
16.060	-72.58	300.4	103.6	-64.71	-96.72
16.093	-60.83	302.8	101.4	-66.52	-68.59
16.126	-49.16	305.2	99.15	-68.57	-74.67
16.160	-36.58	307.3	96.79	-72.04	-71.52
16.193	-23.47	308.4	94.35	-73.29	-12.27
16.226	-10.29	309.6	91.90	-72.82	25.39
16.260	2.715	309.8	89.50	-71.53	34.33
16.293	15.49	309.9	87.14	-70.47	37.48
16.326	28.10	308.9	84.80	-69.16	75.41
16.360	40.33	307.5	82.53	-65.60	129.8
16.393	51.57	305.9	80.43	-60.30	170.6
16.426	61.81	304.1	78.51	-54.29	183.2
16.460	70.84	302.3	76.81	-47.96	184.6
16.493	78.81	300.7	75.32	-42.02	185.4
16.526	85.74	299.3	74.01	-35.70	212.4
16.560	91.40	297.8	72.94	-27.93	231.1
16.593	95.46	296.5	72.15	-20.04	218.1
16.626	98.21	295.2	71.60	-13.45	215.5
16.660	99.97	294.6	71.26	-5.943	243.1
16.693	100.2	294.4	71.21	2.944	254.4
16.726	98.92	294.8	71.45	11.12	248.4
16.760	96.50	296.0	71.95	19.29	229.6
16.793	92.36	297.2	72.74	26.73	209.5
16.826	87.12	298.5	73.73	33.00	179.8
16.859	80.81	300.3	74.94	38.85	166.9
16.893	73.54	302.1	76.32	44.02	178.0
16.926	65.31	303.8	77.87	50.53	165.9
16.959	55.58	305.3	79.68	55.64	119.9
16.993	45.39	306.6	81.58	58.12	98.24
17.026	34.77	307.9	83.56	62.00	91.10
17.059	23.18	309.0	85.71	64.75	65.69
17.093	11.51	309.7	87.87	65.90	26.09
17.126	-0.549	309.8	90.10	66.78	6.396
17.159	-12.55	309.5	92.32	66.20	-26.56
17.193	-24.35	308.6	94.51	65.02	-64.23
17.226	-35.85	307.3	96.65	62.08	-92.15
17.259	-46.50	305.6	98.65	58.54	-105.5
17.293	-56.61	303.8	100.6	55.27	-95.35
17.326	-65.99	301.8	102.3	52.02	-118.9
17.359	-74.76	299.4	104.0	47.68	-179.2
17.393	-82.48	297.2	105.5	40.05	-191.9
17.426	-88.60	295.5	106.7	34.18	-194.3
17.459	-94.25	293.8	107.8	28.09	-202.5
17.493	-98.19	292.4	108.6	19.96	-219.8
17.526	-101.1	291.6	109.1	13.63	-192.3
17.559	-102.8	290.9	109.5	7.228	-195.1
17.593	-103.4	290.4	109.6	0.571	-208.9
17.626	-103.0	290.7	109.5	-6.599	-227.5
17.659	-101.2	291.2	109.2	-14.63	-211.8
17.692	-98.05	292.5	108.5	-21.03	-173.9
17.726	-94.17	294.0	107.8	-25.89	-153.1
17.759	-89.26	295.5	106.8	-31.27	-161.6
17.792	-83.35	297.0	105.7	-36.70	-126.4
17.826	-76.64	299.3	104.4	-39.97	-124.8
17.859	-69.52	300.9	103.0	-44.27	-116.8
17.892	-61.17	303.0	101.4	-48.63	-116.5
17.926	-52.44	304.5	99.77	-51.40	-88.67
17.959	-42.92	305.8	97.99	-54.85	-76.57
17.992	-32.92	307.3	96.11	-56.53	-29.87
18.026	-22.75	308.3	94.22	-56.76	3.163
18.059	-12.60	309.4	92.33	-56.30	23.43
18.092	-2.531	309.7	90.47	-55.21	22.80
18.126	7.287	309.9	88.65	-54.60	28.97
18.159	17.17	309.9	86.83	-53.59	68.96
18.192	26.62	309.3	85.08	-50.02	89.49
18.226	35.16	308.5	83.50	-47.15	107.1
18.259	43.58	307.7	81.94	-43.55	118.7
18.292	50.74	306.3	80.59	-38.65	136.5
18.326	57.36	305.4	79.36	-34.73	157.4
18.359	63.12	304.3	78.28	-28.38	167.0
18.392	67.38	303.3	77.47	-22.91	181.2
18.425	71.25	302.7	76.75	-17.16	163.4
18.459	73.50	302.2	76.33	-11.16	200.1
18.492	75.15	301.7	76.01	-4.707	188.8
18.525	75.19	301.9	76.02	2.292	184.4
18.559	74.43	302.2	76.16	7.099	144.6
18.592	72.60	302.2	76.49	12.07	167.5
18.625	70.05	302.6	76.97	18.00	174.8
18.659	66.26	303.6	77.69	24.09	146.6
18.692	61.54	304.5	78.57	27.76	110.4
18.725	56.37	305.3	79.54	31.15	123.2
18.759	50.41	306.1	80.65	36.02	139.7
18.792	43.45	306.8	81.94	40.66	129.2
18.825	35.89	308.2	83.36	44.51	90.81
18.859	27.53	308.8	84.91	46.93	53.47
18.892	18.99	309.2	86.48	47.87	38.20
18.925	10.29	309.5	88.10	49.38	31.05
18.959	1.211	309.6	89.78	50.20	9.179
18.992	-7.791	309.8	91.44	49.81	-14.26
19.025	-16.71	309.1	93.09	49.29	-19.34
19.059	-25.50	308.5	94.73	48.50	-41.23
19.092	-34.11	307.6	96.33	46.66	-70.45
19.125	-42.23	306.9	97.84	43.70	-111.2
19.158	-49.68	305.4	99.24	39.40	-113.8
19.192	-56.16	304.2	100.5	35.70	-118.9
19.225	-62.23	302.7	101.6	31.98	-135.3
19.258	-67.37	301.6	102.6	26.44	-161.2
19.292	-71.43	300.3	103.4	21.19	-130.8
19.325	-74.66	299.4	104.0	17.57	-147.5
19.358	-77.49	298.5	104.6	12.01	-165.8
19.392	-78.90	298.6	104.8	5.698	-186.4
19.425	-79.57	298.4	104.9	0.196	-148.5
19.458	-79.03	298.8	104.8	-4.766	-137.9
19.492	-77.95	299.0	104.6	-8.519	-132.4
19.525	-76.02	299.4	104.2	-13.69	-147.4
19.558	-73.24	300.4	103.7	-18.50	-142.7
19.592	-69.60	301.1	103.0	-23.03	-114.3
19.625	-65.15	302.2	102.2	-26.40	-104.4
19.658	-60.38	303.4	101.3	-29.56	-99.08
19.692	-54.79	304.7	100.2	-33.32	-96.52
19.725	-48.64	305.9	99.04	-35.93	-43.20
19.758	-42.08	307.1	97.80	-36.40	-48.14
19.792	-35.64	307.6	96.61	-38.41	-51.43
19.825	-28.32	308.7	95.24	-40.74	-61.39
19.858	-21.05	309.1	93.90	-41.82	1.434
19.892	-13.26	309.3	92.45	-41.36	20.78
19.925	-6.159	309.7	91.14	-39.66	18.15
19.958	1.019	309.8	89.81	-40.40	0.453
19.991	8.404	310.0	88.45	-39.92	42.16
20.025	15.43	310.1	87.15	-37.43	86.97
20.058	21.90	309.5	85.95	-34.12	82.11
20.091	27.68	308.9	84.88	-31.71	68.98
20.125	33.25	308.1	83.84	-29.82	83.27
20.158	38.34	307.4	82.89	-26.18	121.9
20.191	42.60	306.8	82.10	-21.56	146.8
20.225	46.10	306.8	81.45	-16.46	135.2
20.258	48.51	306.2	81.00	-12.29	118.7
20.291	50.52	306.3	80.64	-8.841	128.3
20.325	51.78	306.5	80.41	-3.778	139.3
20.358	51.95	306.6	80.38	0.782	118.5
20.391	51.53	306.7	80.46	3.911	98.79
20.425	50.55	306.8	80.64	7.325	116.1
20.458	48.87	306.8	80.95	11.60	109.8
20.491	46.31	306.8	81.42	14.95	113.3
20.525	43.48	307.2	81.95	18.67	118.6
20.558	39.63	307.7	82.66	23.26	110.8
20.591	35.16	308.4	83.50	26.02	77.40
20.625	30.34	309.2	84.40	28.26	65.17
20.658	25.02	309.6	85.38	30.46	69.04
20.691	19.34	309.6	86.43	32.75	58.80
20.724	13.20	310.1	87.56	34.57	60.77
20.758	6.876	310.0	88.73	36.52	21.85
20.791	2.268E-2	310.0	90.00	36.60	5.613
20.824	-6.316	309.8	91.17	36.14	-19.72
20.858	-12.99	309.3	92.40	35.93	-2.867
20.891	-19.23	309.0	93.56	35.39	-32.81
20.924	-25.70	308.5	94.76	34.33	-50.61
20.958	-31.56	308.0	95.85	31.59	-58.85
20.991	-37.04	307.6	96.87	30.37	-70.70
21.024	-42.45	307.0	97.87	27.38	-107.3
21.058	-46.77	305.9	98.69	22.71	-113.4
21.091	-50.42	305.0	99.39	19.84	-99.01
21.124	-53.78	304.6	100.0	16.43	-104.2
21.158	-56.32	304.4	100.5	12.56	-106.4
21.191	-58.33	304.3	100.9	9.498	-120.7
21.224	-59.64	303.6	101.1	4.726	-106.8
21.258	-59.94	303.7	101.2	1.688	-114.8
21.291	-60.27	303.7	101.2	-1.907	-113.7
21.324	-59.29	303.9	101.0	-6.804	-107.5
21.358	-57.85	304.0	100.8	-8.763	-79.29
21.391	-56.14	304.2	100.5	-11.82	-102.7
21.424	-53.62	304.5	99.99	-15.89	-99.44
21.458	-50.43	304.7	99.40	-18.51	-59.10
21.491	-46.99	305.2	98.75	-19.75	-53.43
21.524	-43.45	306.0	98.08	-21.83	-62.66
21.557	-39.26	306.6	97.30	-24.24	-74.59
21.591	-34.84	307.4	96.47	-26.55	-55.78
21.624	-29.78	307.7	95.53	-28.28	-34.76
21.657	-24.68	308.1	94.58	-28.65	-1.931
21.691	-19.50	308.3	93.62	-28.50	2.265
21.724	-14.45	308.6	92.68	-28.34	3.947
21.757	-9.327	308.7	91.73	-28.37	11.11
21.791	-4.265	308.9	90.79	-27.61	18.62
21.824	0.587	309.1	89.89	-26.99	16.52
21.857	5.438	309.2	88.99	-26.63	22.51
21.891	10.17	309.4	88.12	-25.51	55.49
21.924	14.64	309.6	87.29	-23.00	78.20
21.957	18.47	309.5	86.58	-20.09	78.97
21.991	21.92	309.9	85.95	-17.80	82.59
22.024	24.94	309.8	85.40	-14.73	68.82
22.057	27.20	309.2	84.97	-12.80	73.50
22.091	29.52	309.1	84.54	-10.47	75.04
22.124	31.00	309.2	84.28	-7.233	106.0
22.157	32.15	309.2	84.06	-3.861	104.0
22.191	32.42	309.3	84.02	8.950E-2	107.5
22.224	32.15	309.5	84.07	3.125	89.76
22.257	31.30	309.5	84.23	6.126	102.5
22.290	29.94	309.6	84.48	9.800	96.99
22.324	27.74	309.6	84.88	12.92	64.47
22.357	25.24	309.5	85.34	13.98	46.96
22.390	22.68	309.6	85.81	15.77	55.90
22.424	19.53	309.4	86.39	18.03	56.28
22.457	16.14	309.3	87.01	19.39	50.00
22.490	12.52	309.2	87.68	21.28	50.05
22.524	8.490	309.8	88.43	22.91	27.69
22.557	4.280	309.6	89.21	23.11	3.433
22.590	0.163	309.3	89.97	23.00	-0.719
22.624	-3.994	309.1	90.74	23.13	23.72
22.657	-8.149	308.9	91.51	24.38	7.047
22.690	-12.75	308.6	92.37	24.17	-27.19
22.724	-16.81	308.3	93.12	22.06	-43.92
22.757	-20.65	308.0	93.84	21.28	-16.34
22.790	-24.45	307.9	94.54	21.04	-18.00
22.824	-28.18	307.5	95.24	20.19	-57.33
22.857	-31.67	307.3	95.88	17.32	-77.52
22.890	-34.41	307.2	96.39	14.61	-86.73
22.924	-36.92	306.9	96.86	11.96	-72.29
22.957	-38.69	306.7	97.19	9.371	-67.25
22.990	-40.27	306.6	97.48	7.770	-67.49
23.024	-41.50	306.7	97.71	4.910	-76.82
23.057	-42.07	306.7	97.81	2.387	-84.88
23.090	-42.37	306.7	97.87	-0.398	-97.18
23.123	-41.92	306.7	97.78	-4.314	-93.47
23.157	-40.81	306.7	97.58	-6.772	-58.37
23.190	-39.51	307.0	97.33	-8.022	-49.98
23.223	-37.94	307.1	97.04	-10.01	-53.69
23.257	-35.90	307.2	96.67	-11.83	-35.60
23.290	-33.69	307.4	96.26	-12.32	-18.04
23.323	-31.48	307.5	95.84	-12.89	-14.10
23.357	-29.07	307.7	95.40	-13.41	-37.06
23.390	-26.67	307.9	94.95	-15.04	-47.08
23.423	-23.67	308.0	94.39	-16.98	-32.80
23.457	-20.57	308.2	93.82	-17.10	-6.379
23.490	-17.54	308.4	93.26	-17.26	-0.938
23.523	-14.38	308.5	92.67	-17.33	3.810
23.557	-11.32	308.6	92.10	-16.90	5.998
23.590	-8.314	308.8	91.54	-16.90	8.173
23.623	-5.253	308.9	90.97	-16.50	5.177
23.657	-2.388	309.0	90.44	-16.33	12.78
23.690	0.614	309.2	89.89	-15.95	8.683
23.723	3.344	309.2	89.38	-15.44	20.44
23.757	6.169	309.3	88.86	-14.88	50.21
23.790	8.706	309.5	88.39	-12.11	66.01
23.823	10.53	309.5	88.05	-10.05	43.52
23.856	12.33	309.6	87.72	-9.521	29.15
23.890	13.97	309.6	87.42	-8.133	53.27
23.923	15.27	309.7	87.18	-5.938	67.79
23.956	16.11	309.6	87.02	-3.560	85.40
23.990	16.56	309.8	86.94	-0.390	61.44
24.023	16.27	309.9	86.99	1.039	48.55
24.056	16.19	309.9	87.01	2.139	50.20
24.090	15.49	309.8	87.14	4.818	66.73
24.123	14.44	309.8	87.33	6.518	28.10
24.156	13.14	309.7	87.57	6.818	21.44
24.190	11.98	309.7	87.78	7.556	42.14
24.223	10.41	309.8	88.08	9.857	59.50
24.256	8.427	309.7	88.44	11.60	30.23
24.290	6.227	309.6	88.85	11.92	12.04
24.323	4.129	309.4	89.24	12.16	29.77
24.356	1.847	309.4	89.66	13.91	23.79
24.390	-0.878	309.2	90.16	14.17	15.26
24.423	-3.247	309.1	90.60	14.31	-12.56
24.456	-6.021	309.0	91.12	14.00	6.201
24.490	-8.272	308.8	91.53	13.95	-22.34
24.523	-11.03	308.7	92.05	13.39	7.090
24.556	-13.08	308.5	92.43	13.39	-18.66
24.590	-15.83	308.4	92.94	13.28	-24.73
24.623	-17.84	308.2	93.31	10.92	-49.57
24.656	-19.74	308.1	93.67	10.24	-9.802
24.689	-21.51	308.0	93.99	10.16	-10.85
24.723	-23.38	307.9	94.34	9.753	-14.11
24.756	-25.00	307.8	94.64	8.983	-49.37
24.789	-26.60	307.7	94.94	6.841	-69.98
24.823	-27.46	307.7	95.10	3.864	-88.28
24.856	-27.99	307.6	95.20	1.243	-65.38
24.889	-27.90	307.7	95.18	-0.809	-40.00
24.923	-27.70	307.7	95.14	-1.256	-23.00
24.956	-27.45	307.7	95.10	-2.207	-42.87
24.989	-26.91	307.8	95.00	-4.173	-55.17
25.023	-25.96	307.8	94.82	-5.989	-36.44
25.056	-24.76	307.8	94.60	-6.642	-11.80
25.089	-23.57	307.9	94.38	-6.661	2.536
25.123	-22.37	308.0	94.15	-6.520	-7.534
25.156	-21.24	308.1	93.94	-7.002	-35.24
25.189	-19.86	308.2	93.69	-8.914	-21.76
25.223	-18.04	308.3	93.35	-8.889	-15.22
25.256	-16.68	308.4	93.10	-9.170	-20.97
25.289	-14.75	308.5	92.74	-10.88	-30.82
25.323	-12.77	308.5	92.37	-11.05	-2.906
25.356	-10.79	308.7	92.00	-11.05	1.211
25.389	-8.805	308.7	91.63	-10.98	8.992
25.422	-6.846	308.8	91.27	-10.49	39.36
25.456	-5.039	308.9	90.93	-8.478	27.67
25.489	-3.803	309.0	90.71	-8.082	20.10
25.522	-2.136	309.0	90.40	-7.905	-3.257
25.556	-0.963	309.1	90.18	-7.582	21.74
25.589	0.590	309.2	89.89	-7.166	29.20
25.622	1.614	309.3	89.70	-5.144	39.50
25.656	2.441	309.3	89.55	-4.587	14.25
25.689	3.266	309.4	89.40	-4.309	8.962
25.722	3.991	309.3	89.26	-3.930	47.91
25.756	4.679	309.3	89.13	-1.461	54.34
25.789	4.518	309.4	89.16	0.418	32.52
25.822	4.530	309.4	89.16	0.194	10.65
25.856	4.448	309.4	89.18	1.167	21.58
25.889	4.110	309.5	89.24	1.811	35.23
25.922	3.798	309.5	89.30	3.185	19.94
25.956	2.962	309.3	89.45	3.697	20.96
25.989	2.466	309.3	89.54	3.940	22.96
26.022	1.545	309.3	89.71	5.626	33.21
26.056	0.442	309.2	89.92	6.129	5.253
26.089	-0.660	309.2	90.12	5.930	-3.046
26.122	-1.690	309.1	90.31	5.853	-1.452
26.156	-2.764	309.1	90.51	5.906	2.741
26.189	-3.813	309.0	90.71	5.980	1.414
26.222	-4.911	308.9	90.91	6.059	0.984
26.255	-5.988	308.9	91.11	6.005	28.22
26.289	-7.067	308.8	91.31	7.710	15.07
26.322	-8.755	308.7	91.62	7.733	-20.53
26.355	-9.845	308.8	91.83	5.676	-34.85
26.389	-10.79	308.6	92.00	5.508	-2.390
26.422	-11.82	308.6	92.19	5.645	-6.668
26.455	-12.81	308.5	92.38	5.080	-7.836
26.489	-13.64	308.5	92.53	4.944	-5.739
26.522	-14.59	308.4	92.71	4.921	-4.018
26.555	-15.40	308.4	92.86	4.523	-14.02
26.589	-16.21	308.4	93.01	4.091	-38.93
26.622	-16.87	308.3	93.13	2.049	-59.82
26.655	-16.95	308.3	93.15	-0.213	-36.74
26.689	-16.79	308.3	93.12	-0.407	-3.603
26.722	-16.80	308.3	93.12	-0.206	4.681
26.755	-16.72	308.3	93.10	-0.251	-11.95
26.789	-16.71	308.3	93.10	-0.808	-7.201
26.822	-16.43	308.3	93.05	-1.044	-6.669
26.855	-16.33	308.3	93.03	-0.942	0.144
26.889	-16.10	308.4	92.99	-1.239	-33.68
26.922	-15.89	308.3	92.95	-2.850	-17.29
26.955	-15.07	308.5	92.80	-3.108	-18.96
26.988	-14.78	308.5	92.74	-3.224	-19.63
27.022	-13.91	308.4	92.58	-5.042	-31.12
27.055	-12.97	308.6	92.41	-5.158	30.26
27.088	-12.07	308.6	92.24	-3.216	14.96
27.122	-11.81	308.6	92.19	-3.376	-16.40
27.155	-10.86	308.7	92.01	-5.161	-32.88
27.188	-9.964	308.7	91.85	-5.197	10.45
27.222	-8.990	308.7	91.67	-4.666	33.72
27.255	-8.288	308.7	91.54	-2.851	20.97
27.288	-7.967	308.8	91.48	-2.916	12.77
27.322	-7.243	308.8	91.34	-2.666	-7.525
27.355	-7.010	308.8	91.30	-2.670	17.77
27.388	-6.284	308.8	91.17	-2.317	24.41
27.422	-6.179	308.9	91.15	-0.383	29.84
27.455	-6.148	308.9	91.14	-0.473	-20.01
27.488	-6.009	308.9	91.11	-1.698	-9.718
27.522	-5.538	308.9	91.03	-1.504	15.52
27.555	-5.470	309.0	91.01	-0.233	
27.588	-5.454	308.9	91.01		
