	mass A					
t	x	y	θ	ω	α	
0.000	-289.8	-102.0	-160.6		
0.033	-289.8	-101.4	-160.7	-4.839	
0.067	-290.2	-100.3	-160.9	-17.86	-632.6
0.100	-291.9	-95.42	-161.9	-47.19	-1.009E3
0.133	-294.9	-84.10	-164.1	-85.92	-1.158E3
0.167	-299.2	-65.66	-167.6	-124.9	-1.127E3
0.200	-303.3	-40.46	-172.4	-160.9	-1.050E3
0.233	-305.6	-8.830	-178.3	-194.8	-930.7
0.267	-304.1	28.66	-185.4	-223.5	-793.3
0.300	-297.3	69.92	-193.2	-247.2	-751.4
0.333	-283.3	113.6	-201.9	-273.0	-699.9
0.367	-260.3	159.1	-211.4	-295.1	-519.7
0.400	-228.5	202.3	-221.5	-307.2	-362.6
0.433	-188.7	240.7	-231.9	-318.5	-252.1
0.466	-140.3	272.2	-242.7	-325.3	-200.7
0.500	-86.85	294.7	-253.6	-330.2	-59.67
0.533	-28.21	306.5	-264.7	-331.2	88.01
0.566	30.41	307.2	-275.7	-323.2	224.3
0.600	86.74	297.1	-286.3	-316.0	288.3
0.633	139.5	277.4	-296.7	-304.9	379.8
0.666	185.5	249.8	-306.6	-289.7	550.7
0.700	224.3	216.5	-316.0	-269.3	634.0
0.733	254.4	181.2	-324.5	-246.1	696.0
0.766	277.2	144.8	-332.4	-223.8	756.5
0.800	293.1	109.9	-339.5	-195.7	883.9
0.833	303.1	78.64	-345.5	-164.5	965.9
0.866	308.6	52.12	-350.4	-131.6	992.4
0.900	311.3	31.48	-354.2	-97.96	1.011E3
0.933	312.3	16.68	-356.9	-64.42	1.017E3
0.966	312.6	8.089	-358.5	-30.09	1.026E3
1.000	312.5	5.739	-358.9	4.009	1.015E3
1.033	312.5	9.546	-358.3	37.53	997.1
1.066	312.2	19.39	-356.4	70.45	959.5
1.100	311.1	35.14	-353.6	101.6	911.3
1.133	308.3	56.17	-349.7	131.0	863.0
1.166	302.4	82.01	-344.8	159.2	795.3
1.199	292.6	111.9	-339.1	184.2	696.4
1.233	277.5	144.2	-332.5	205.5	662.9
1.266	257.1	177.5	-325.4	227.9	562.9
1.299	229.4	211.2	-317.4	244.5	477.2
1.333	196.2	241.7	-309.1	257.8	353.4
1.366	156.1	268.4	-300.2	269.7	285.0
1.399	111.5	289.0	-291.1	275.9	113.9
1.433	63.16	302.3	-281.8	277.9	7.130
1.466	13.89	307.9	-272.6	275.6	-94.09
1.499	-35.13	305.3	-263.4	272.0	-191.3
1.533	-82.22	295.7	-254.5	263.2	-356.7
1.566	-125.1	279.5	-245.9	248.1	-456.4
1.599	-162.4	259.1	-237.9	232.1	-487.7
1.633	-194.8	235.7	-230.4	216.1	-533.3
1.666	-221.6	210.5	-223.5	196.5	-654.4
1.699	-242.7	185.1	-217.3	172.6	-724.0
1.733	-259.0	162.0	-212.0	147.7	-761.5
1.766	-270.9	141.0	-207.5	122.4	-807.3
1.799	-279.2	123.6	-203.9	93.82	-857.5
1.833	-284.8	110.7	-201.2	64.89	-863.1
1.866	-288.1	102.3	-199.5	36.51	-849.4
1.899	-289.6	98.63	-198.8	8.152	-824.9
1.933	-289.2	99.60	-199.0	-18.56	-786.1
1.966	-287.3	104.8	-200.0	-44.08	-760.4
1.999	-283.6	114.2	-201.9	-69.26	-734.6
2.032	-277.8	127.5	-204.7	-93.12	-680.3
2.066	-269.4	144.1	-208.1	-114.7	-629.7
2.099	-258.3	163.3	-212.3	-134.9	-584.1
2.132	-243.7	184.5	-217.1	-153.8	-530.0
2.166	-225.1	206.6	-222.5	-170.1	-442.4
2.199	-202.8	229.0	-228.5	-183.4	-409.4
2.232	-176.4	249.8	-234.8	-196.8	-333.3
2.266	-145.6	269.2	-241.6	-206.7	-240.5
2.299	-112.1	285.2	-248.5	-211.9	-142.9
2.332	-75.79	297.6	-255.7	-216.6	-85.25
2.366	-37.57	305.3	-263.0	-217.7	15.54
2.399	1.174	308.3	-270.2	-215.4	84.86
2.432	39.45	306.3	-277.3	-211.9	151.7
2.466	76.63	299.8	-284.3	-205.7	233.3
2.499	111.2	289.1	-291.0	-196.1	320.3
2.532	142.9	275.6	-297.4	-184.4	383.2
2.566	170.7	259.6	-303.3	-170.5	443.6
2.599	194.7	242.5	-308.8	-154.9	496.3
2.632	214.8	225.2	-313.7	-137.4	548.5
2.666	231.2	208.7	-317.9	-118.3	598.2
2.699	243.9	193.8	-321.5	-97.55	635.4
2.732	253.3	181.2	-324.4	-75.83	649.4
2.765	260.2	171.6	-326.6	-54.20	652.6
2.799	264.4	165.0	-328.0	-32.46	664.8
2.832	266.4	161.6	-328.7	-9.889	670.0
2.865	266.2	161.9	-328.7	12.34	660.5
2.899	264.0	165.4	-327.9	34.00	641.9
2.932	259.5	172.2	-326.4	55.21	615.0
2.965	252.7	182.0	-324.2	75.01	576.0
2.999	243.3	194.0	-321.4	93.55	540.9
3.032	231.4	208.3	-318.0	111.1	495.1
3.065	216.3	223.8	-314.0	126.7	448.4
3.099	198.1	239.7	-309.6	140.8	385.5
3.132	176.6	255.6	-304.6	152.6	339.5
3.165	152.3	270.4	-299.4	163.0	276.9
3.199	125.0	283.6	-293.8	171.6	214.1
3.232	95.45	294.3	-288.0	177.0	124.6
3.265	64.21	302.4	-282.0	180.0	52.17
3.299	32.10	306.9	-276.0	180.4	-42.37
3.332	-0.152	307.9	-270.0	177.4	-104.2
3.365	-31.36	306.0	-264.1	172.9	-163.2
3.399	-61.58	301.2	-258.4	167.0	-219.7
3.432	-89.63	293.5	-253.0	158.1	-283.9
3.465	-115.3	284.1	-247.9	148.0	-338.3
3.499	-138.4	273.5	-243.2	135.7	-380.4
3.532	-158.4	262.2	-238.9	122.3	-435.9
3.565	-175.6	250.9	-235.0	107.2	-475.1
3.598	-189.6	240.4	-231.7	90.21	-511.1
3.632	-200.8	231.0	-229.0	73.29	-519.3
3.665	-209.2	223.1	-226.8	55.52	-562.0
3.698	-215.4	217.6	-225.3	36.04	-581.9
3.732	-218.5	214.3	-224.4	16.34	-557.6
3.765	-219.5	213.5	-224.2	-1.071	-540.4
3.798	-218.3	214.6	-224.5	-19.29	-532.6
3.832	-214.7	218.3	-225.5	-37.12	-503.3
3.865	-208.8	223.8	-227.0	-52.56	-456.2
3.898	-200.8	231.0	-229.0	-67.52	-446.0
3.932	-190.6	239.5	-231.5	-82.24	-408.8
3.965	-178.0	249.2	-234.5	-95.04	-358.0
3.998	-163.0	259.1	-237.8	-105.8	-319.2
4.032	-146.1	269.4	-241.5	-116.3	-294.1
4.065	-126.9	279.4	-245.6	-125.5	-229.1
4.098	-105.5	288.3	-249.9	-131.7	-169.1
4.132	-82.87	295.9	-254.4	-136.5	-124.8
4.165	-58.73	301.7	-259.0	-140.3	-84.70
4.198	-33.76	305.9	-263.7	-142.0	-13.93
4.232	-8.333	307.8	-268.4	-141.4	42.99
4.265	16.79	307.9	-273.1	-139.0	90.56
4.298	41.41	305.9	-277.7	-135.4	123.7
4.331	65.03	302.1	-282.1	-130.6	181.5
4.365	87.43	296.8	-286.4	-123.6	240.7
4.398	107.8	290.2	-290.4	-114.4	275.3
4.431	126.2	283.0	-294.0	-105.2	303.7
4.465	142.6	275.3	-297.4	-94.40	342.2
4.498	156.6	267.7	-300.3	-82.07	378.1
4.531	168.3	260.6	-302.9	-69.33	402.1
4.565	177.8	254.4	-304.9	-55.28	422.3
4.598	184.8	249.4	-306.5	-41.02	425.4
4.631	189.7	245.7	-307.7	-27.03	433.9
4.665	192.5	243.4	-308.3	-12.17	439.3
4.698	193.2	243.0	-308.5	2.464	424.6
4.731	192.0	244.2	-308.2	16.03	405.5
4.765	188.7	246.6	-307.4	29.45	401.1
4.798	183.4	250.5	-306.2	42.78	383.6
4.831	176.1	255.5	-304.6	55.11	365.0
4.865	166.9	261.5	-302.5	66.92	335.1
4.898	155.6	268.4	-300.1	77.69	301.4
4.931	142.5	275.3	-297.4	86.84	266.2
4.965	127.6	282.4	-294.3	95.46	240.1
4.998	111.0	289.0	-291.0	102.9	190.2
5.031	92.88	295.2	-287.5	108.2	145.5
5.065	73.74	300.3	-283.8	112.4	84.41
5.098	53.53	304.3	-280.0	114.2	26.92
5.131	33.24	306.9	-276.2	113.8	1.852
5.164	12.88	308.0	-272.4	114.3	-25.27
5.198	-7.720	308.1	-268.6	112.6	-81.66
5.231	-27.43	306.8	-264.9	108.4	-132.6
5.264	-46.31	304.1	-261.3	103.9	-162.8
5.298	-64.13	300.8	-258.0	97.61	-196.5
5.331	-80.36	296.5	-254.8	90.57	-237.0
5.364	-95.25	291.9	-251.9	82.17	-261.2
5.398	-108.1	287.0	-249.4	72.79	-299.6
5.431	-119.5	282.6	-247.1	62.57	-308.5
5.464	-128.7	278.5	-245.2	51.81	-337.1
5.498	-136.2	274.7	-243.6	40.53	-338.5
5.531	-141.6	272.0	-242.5	28.83	-372.3
5.564	-145.3	269.9	-241.7	16.21	-372.5
5.598	-146.7	269.1	-241.4	3.402	-355.9
5.631	-146.4	269.3	-241.5	-7.240	-326.3
5.664	-144.5	270.5	-241.9	-18.25	-325.0
5.698	-140.7	272.6	-242.7	-29.07	-301.7
5.731	-135.2	275.2	-243.8	-38.37	-284.3
5.764	-128.5	278.7	-245.3	-47.77	-277.1
5.798	-119.9	282.6	-247.0	-57.12	-249.8
5.831	-109.8	286.8	-249.1	-64.42	-205.4
5.864	-98.40	290.8	-251.3	-70.65	-182.9
5.897	-85.89	295.0	-253.8	-76.64	-169.1
5.931	-72.15	298.6	-256.4	-81.97	-125.3
5.964	-57.47	302.0	-259.2	-85.15	-85.16
5.997	-42.36	304.9	-262.1	-87.31	-63.92
6.031	-26.60	306.8	-265.0	-89.58	-37.24
6.064	-10.44	308.0	-268.1	-89.93	9.772
6.097	5.581	308.4	-271.0	-88.74	46.71
6.131	21.38	307.9	-274.0	-86.87	79.25
6.164	36.69	306.5	-276.8	-83.50	102.9
6.197	51.17	304.6	-279.5	-79.81	124.4
6.231	65.03	302.2	-282.1	-75.48	171.3
6.264	77.77	299.3	-284.6	-68.42	207.6
6.297	88.92	296.3	-286.7	-61.22	211.9
6.331	98.92	293.2	-288.6	-54.61	214.9
6.364	107.6	290.2	-290.3	-46.85	239.5
6.397	114.8	287.4	-291.8	-38.61	252.5
6.431	120.5	285.1	-292.9	-30.04	260.6
6.464	124.8	283.4	-293.8	-21.22	274.9
6.497	127.6	282.1	-294.3	-11.80	277.2
6.531	128.7	281.6	-294.6	-2.555	270.0
6.564	128.4	281.7	-294.5	6.065	268.4
6.597	126.7	282.5	-294.2	15.28	250.4
6.631	123.4	284.0	-293.5	23.09	245.7
6.664	119.0	285.6	-292.6	31.09	230.5
6.697	112.9	287.8	-291.4	39.04	226.4
6.730	105.8	290.4	-290.0	45.75	190.2
6.764	97.39	293.4	-288.4	52.03	160.6
6.797	88.07	296.5	-286.5	56.35	147.7
6.830	77.95	299.1	-284.6	61.55	137.8
6.864	66.56	301.7	-282.4	66.08	110.8
6.897	54.68	303.8	-280.2	68.60	55.27
6.930	42.25	305.6	-277.9	69.97	45.72
6.964	29.77	307.0	-275.5	71.26	19.28
6.997	16.80	307.9	-273.1	71.75	-10.61
7.030	4.081	308.2	-270.8	70.26	-49.33
7.064	-8.385	308.1	-268.4	68.53	-64.98
7.097	-20.46	307.4	-266.2	65.95	-90.91
7.130	-31.95	306.4	-264.0	62.45	-124.4
7.164	-42.66	304.8	-262.0	57.72	-134.8
7.197	-52.35	303.1	-260.2	53.20	-148.5
7.230	-61.41	301.5	-258.5	48.18	-171.9
7.264	-69.21	299.5	-257.0	41.53	-205.9
7.297	-75.85	298.0	-255.7	34.50	-212.1
7.330	-81.09	296.2	-254.7	27.33	-209.2
7.364	-85.20	295.1	-253.9	20.55	-215.3
7.397	-88.19	294.4	-253.3	13.13	-234.6
7.430	-89.72	293.9	-253.0	4.805	-233.4
7.463	-89.79	293.7	-253.0	-2.576	-213.9
7.497	-88.78	293.9	-253.2	-9.258	-197.4
7.530	-86.59	294.6	-253.6	-15.84	-183.2
7.563	-83.35	295.5	-254.2	-21.48	-183.6
7.597	-79.23	296.7	-255.0	-27.83	-173.9
7.630	-73.82	298.3	-256.1	-33.51	-160.3
7.663	-67.66	299.8	-257.3	-38.12	-133.6
7.697	-60.55	301.5	-258.6	-42.66	-122.0
7.730	-52.75	303.0	-260.1	-46.15	-85.46
7.763	-44.32	304.5	-261.7	-48.47	-75.18
7.797	-35.62	305.8	-263.4	-50.85	-66.15
7.830	-26.25	306.7	-265.1	-53.20	-49.53
7.863	-16.65	307.4	-266.9	-54.05	-26.06
7.897	-6.940	308.0	-268.7	-54.84	6.839
7.930	2.980	308.0	-270.6	-53.92	30.70
7.963	12.39	308.2	-272.3	-52.32	35.15
7.997	21.74	307.7	-274.0	-51.80	56.13
8.030	30.94	307.1	-275.8	-48.85	81.28
8.063	39.22	306.3	-277.3	-45.77	92.34
8.097	47.29	305.3	-278.8	-43.22	104.4
8.130	54.58	304.1	-280.2	-38.67	142.7
8.163	60.97	302.9	-281.4	-33.64	133.6
8.197	66.45	301.8	-282.4	-29.61	136.6
8.230	71.34	300.5	-283.4	-24.92	157.4
8.263	75.14	299.6	-284.1	-18.85	175.9
8.296	77.92	298.9	-284.6	-13.22	162.9
8.330	79.74	298.4	-285.0	-7.981	160.2
8.363	80.72	298.3	-285.1	-2.624	163.8
8.396	80.70	298.4	-285.1	2.998	161.8
8.430	79.69	298.6	-284.9	8.192	147.6
8.463	77.80	298.9	-284.6	12.82	126.8
8.496	75.19	299.6	-284.1	16.68	120.5
8.530	72.01	300.5	-283.5	20.68	129.5
8.563	67.95	301.3	-282.7	25.41	129.4
8.596	63.07	302.4	-281.8	29.42	119.1
8.630	57.61	303.5	-280.7	33.16	88.75
8.663	51.35	304.5	-279.6	35.66	76.90
8.696	44.95	305.4	-278.4	37.84	58.02
8.730	37.89	306.3	-277.1	39.94	51.59
8.763	30.71	307.0	-275.7	40.99	18.25
8.796	23.24	307.6	-274.3	41.38	4.174
8.830	15.89	308.0	-273.0	41.06	-6.394
8.863	8.525	308.1	-271.6	41.02	-12.95
8.896	1.185	308.4	-270.2	40.27	-34.88
8.930	-5.908	308.2	-268.9	38.65	-55.65
8.963	-12.66	307.9	-267.6	36.56	-61.87
8.996	-18.99	307.4	-266.5	34.46	-81.32
9.029	-24.98	307.0	-265.3	31.35	-82.91
9.063	-30.16	306.3	-264.4	28.54	-93.65
9.096	-35.14	305.9	-263.4	25.57	-109.7
9.129	-39.25	305.3	-262.7	20.98	-138.0
9.163	-42.57	304.8	-262.0	16.40	-122.9
9.196	-45.04	304.3	-261.6	12.65	-113.4
9.229	-47.05	304.2	-261.2	9.074	-122.4
9.263	-48.28	304.0	-261.0	4.436	-140.9
9.296	-48.60	303.8	-260.9	-0.383	-135.0
9.329	-48.10	303.7	-261.0	-4.600	-120.1
9.363	-46.97	304.0	-261.2	-8.326	-106.9
9.396	-45.15	304.1	-261.6	-11.75	-102.0
9.429	-42.82	304.7	-262.0	-15.06	-88.53
9.463	-39.85	305.2	-262.6	-17.78	-87.92
9.496	-36.53	305.6	-263.2	-20.69	-71.79
9.529	-32.51	306.1	-263.9	-22.92	-73.05
9.563	-28.38	306.6	-264.7	-25.10	-60.08
9.596	-23.57	307.1	-265.6	-27.36	-44.94
9.629	-18.62	307.6	-266.5	-27.92	-24.74
9.663	-13.59	307.8	-267.5	-28.89	-32.17
9.696	-8.275	307.9	-268.5	-30.19	-22.21
9.729	-2.777	308.1	-269.5	-30.44	1.274
9.763	2.629	308.3	-270.5	-29.99	15.35
9.796	7.973	308.3	-271.5	-29.45	16.22
9.829	13.20	308.3	-272.5	-28.86	32.75
9.862	18.33	308.1	-273.4	-27.43	36.57
9.896	23.04	307.9	-274.3	-26.13	58.70
9.929	27.67	307.3	-275.1	-23.96	67.37
9.962	31.60	307.1	-275.9	-21.16	73.48
9.996	35.26	306.8	-276.6	-19.31	62.58
10.029	38.48	306.3	-277.2	-16.95	80.73
10.062	41.30	306.1	-277.7	-13.99	88.80
10.096	43.49	305.8	-278.1	-10.90	81.91
10.129	45.16	305.4	-278.4	-8.530	84.32
10.162	46.52	305.3	-278.7	-5.483	95.77
10.196	47.13	305.2	-278.8	-1.929	90.83
10.229	47.21	305.3	-278.8	0.573	95.96
10.262	46.92	305.2	-278.7	4.158	86.02
10.296	45.72	305.4	-278.5	6.890	73.58
10.329	44.46	305.5	-278.3	8.513	63.92
10.362	42.67	305.7	-277.9	11.36	59.65
10.396	40.39	305.9	-277.5	12.67	48.52
10.429	38.14	306.1	-277.1	14.17	50.95
10.462	35.36	306.6	-276.6	16.42	58.57
10.496	32.30	306.8	-276.0	17.94	40.55
10.529	28.92	306.9	-275.4	19.19	33.16
10.562	25.42	307.2	-274.7	20.08	29.18
10.595	21.75	307.5	-274.0	21.12	23.09
10.629	17.87	307.8	-273.3	21.72	4.459
10.662	13.97	307.8	-272.6	21.39	-13.24
10.695	10.20	308.0	-271.9	20.77	-7.144
10.729	6.529	308.2	-271.2	20.84	-5.002
10.762	2.733	308.2	-270.5	20.65	-19.23
10.795	-0.873	308.3	-269.8	19.45	-29.67
10.829	-4.241	308.3	-269.2	18.59	-27.97
10.862	-7.539	308.3	-268.6	17.72	-45.53
10.895	-10.59	308.0	-268.0	15.60	-57.52
10.929	-13.11	307.6	-267.6	13.64	-60.40
10.962	-15.46	307.5	-267.1	11.83	-62.49
10.995	-17.34	307.5	-266.8	9.341	-70.82
11.029	-18.81	307.4	-266.5	7.110	-70.57
11.062	-19.90	307.5	-266.3	4.699	-63.69
11.095	-20.49	307.3	-266.2	2.717	-59.95
11.129	-20.85	307.2	-266.1	0.891	-62.75
11.162	-20.82	307.5	-266.1	-1.542	-47.19
11.195	-20.31	307.4	-266.2	-2.477	-47.59
11.229	-19.92	307.4	-266.3	-4.168	-55.16
11.262	-18.82	307.4	-266.5	-6.688	-55.38
11.295	-17.53	307.5	-266.7	-7.664	-25.22
11.329	-16.07	307.5	-267.0	-8.380	-37.39
11.362	-14.53	307.7	-267.3	-9.979	-41.05
11.395	-12.50	307.6	-267.7	-11.44	-36.27
11.428	-10.44	307.9	-268.1	-12.16	-23.39
11.462	-8.147	307.7	-268.5	-13.10	-26.74
11.495	-5.744	307.9	-268.9	-13.89	-13.91
11.528	-3.177	307.9	-269.4	-14.13	-16.06
11.562	-0.684	307.9	-269.9	-14.73	-9.904
11.595	2.096	307.9	-270.4	-15.11	4.194
11.628	4.727	307.8	-270.9	-14.27	15.65
11.662	7.207	307.8	-271.3	-13.99	10.71
11.695	9.735	307.8	-271.8	-13.72	13.10
11.728	12.12	307.8	-272.3	-13.02	21.11
11.762	14.40	307.7	-272.7	-12.34	32.10
11.795	16.54	307.6	-273.1	-10.95	33.04
11.828	18.33	307.6	-273.4	-9.915	36.65
11.862	20.10	307.6	-273.7	-8.797	40.40
11.895	21.48	307.5	-274.0	-7.019	57.04
11.928	22.61	307.5	-274.2	-5.120	38.50
11.962	23.32	307.5	-274.3	-4.174	32.82
11.995	24.11	307.5	-274.5	-3.334	46.12
12.028	24.51	307.4	-274.6	-0.938	50.60
12.062	24.45	307.5	-274.5	0.267	47.28
12.095	24.42	307.5	-274.5	1.771	45.17
12.128	23.81	307.5	-274.4	3.701	34.37
12.161	23.10	307.6	-274.3	3.939	19.27
12.195	22.40	307.5	-274.2	4.778	25.12
12.228	21.38	307.6	-274.0	5.870	32.93
12.261	20.30	307.7	-273.8	6.779	31.43
12.295	18.95	307.7	-273.5	8.076	24.09
12.328	17.41	307.8	-273.2	8.457	13.57
12.361	15.92	307.8	-273.0	8.784	6.552
12.395	14.26	307.9	-272.7	9.088	8.770
12.428	12.66	307.9	-272.4	9.199	8.514
12.461	10.96	307.8	-272.0	9.734	-0.574
12.495	9.174	308.0	-271.7	9.283	-10.17
12.528	7.632	307.9	-271.4	8.800	-14.58
12.561	6.021	308.0	-271.1	8.534	-4.820
12.595	4.575	307.9	-270.9	8.285	-8.915
12.628	3.052	307.9	-270.6	8.122	-9.158
12.661	1.665	307.9	-270.3	7.561	-23.15
12.695	0.344	307.9	-270.1	6.682	-20.69
12.728	-0.727	307.9	-269.9	6.005	-28.99
12.761	-1.806	307.9	-269.7	5.001	-23.23
12.795	-2.518	307.8	-269.5	4.139	-24.19
12.828	-3.288	307.8	-269.4	3.672	-26.91
12.861	-3.833	307.9	-269.3	2.255	-35.61
12.895	-4.096	307.8	-269.2	1.201	-25.23
12.928	-4.263	307.8	-269.2	0.651	-14.18
12.961	-4.329	307.8	-269.2	0.233	-36.84
12.994	-4.346	307.8	-269.2	-1.564	-43.87
13.028	-3.769	307.9	-269.3	-3.156	-33.41
13.061	-3.216	307.8	-269.4	-3.477	-11.40
13.094	-2.524	307.8	-269.5	-4.017	-17.26
13.128	-1.778	307.9	-269.7	-4.557	-13.93
13.161	-0.892	307.9	-269.8	-5.025	-16.15
13.194	2.122E-2	307.9	-270.0	-5.537	-3.823
13.228	1.091	307.9	-270.2	-5.467	9.019
13.261	1.978	307.8	-270.4	-4.757	14.21
13.294	2.794	307.9	-270.5	-4.536	-3.585
13.328	3.603	307.9	-270.7	-4.957	-13.12
13.361	4.570	307.9	-270.9	-5.521	-8.402
13.394	5.581	307.9	-271.0	-5.509	4.527
13.428	6.543	307.9	-271.2	-5.188	7.476
13.461	7.439	307.9	-271.4	-4.982	11.07
13.494	8.327	307.9	-271.5	-4.532	11.30
13.528	9.064	307.9	-271.7	-4.109	14.51
13.561	9.799	307.8	-271.8	-3.687	8.686
13.594	10.38	307.9	-271.9	-3.390	9.000
13.628	11.01	307.8	-272.0	-3.227	15.61
13.661	11.54	307.8	-272.1	-2.334	29.61
13.694	11.85	307.8	-272.2	-1.200	28.24
13.727	11.97	307.8	-272.2	-0.421	1.547
13.761	12.00	307.9	-272.2	-0.986	-3.719
13.794	12.32	307.8	-272.3	-1.044	7.559
13.827	12.37	307.8	-272.3	-0.168	16.51
13.861	12.38	307.8	-272.3	-2.011E-2	12.64
13.894	12.38	307.8	-272.3	0.582	25.61
13.927	12.18	307.9	-272.3	1.761	21.03
13.961	11.75	307.8	-272.2	2.110	5.499
13.994	11.42	307.8	-272.1	1.954	-3.119
14.027	11.05	307.9	-272.1	1.977	6.324
14.061	10.71	307.8	-272.0	2.286	0.957
14.094	10.23	307.8	-271.9	2.224	5.160
14.127	9.912	307.8	-271.8	2.364	-3.540
14.161	9.385	307.9	-271.7	2.310	-2.795
14.194	9.086	307.9	-271.7	1.882	-0.448
14.227	8.709	307.8	-271.6	2.389	4.598
14.261	8.230	307.9	-271.5	2.299	1.757
14.294	7.887	307.8	-271.5	2.298	-10.01
14.327	7.407	307.9	-271.4	1.908	-13.59
14.361	7.204	307.9	-271.3	1.117	-14.68
14.394	7.008	307.9	-271.3	1.044	8.753
14.427	6.830	307.9	-271.3	1.599	3.938
14.460	6.435	307.9	-271.2	1.580	-7.020
14.494	6.265	307.9	-271.2	0.874	-3.732
14.527	6.121	307.9	-271.1	1.325	4.576
14.560	5.789	307.9	-271.1	1.404	-4.306
14.594	5.618	307.9	-271.0	0.850	-12.07
14.627	5.485	307.9	-271.0	0.647	-10.18
14.660	5.386	307.9	-271.0	0.209	-9.673
14.694	5.410	307.9	-271.0	-8.797E-2	-3.892
14.727	5.418	307.9	-271.0	4.409E-3	1.177
14.760	5.408	307.8	-271.0	4.189E-3	3.662E-2
14.794	5.416	307.8	-271.0	-1.709E-2	-0.905
14.827	5.414	307.8	-271.0	-3.557E-2	-9.650E-2
14.860	5.429	307.9	-271.0	-4.495E-2	-2.082
14.894	5.431	307.9	-271.0	-0.139	-1.924
14.927	5.479	307.9	-271.0	-0.222	-1.052
14.960	5.510	307.9	-271.0	-0.177	1.412
14.994	5.542	307.9	-271.0	-0.141	-0.893
15.027	5.560	307.9	-271.0	-0.210	-2.061
15.060	5.618	307.9	-271.0	-0.315	-1.705
15.094	5.673	307.9	-271.1	-0.308	0.874
15.127	5.728	307.9	-271.1	-0.262	2.970
15.160	5.767	307.9	-271.1	-0.114	3.554
15.194	5.769	307.9	-271.1	-1.514E-3	-5.895
15.227	5.770	308.0	-271.1	-0.454	-1.819
15.260	5.934	308.0	-271.1	-0.337	4.607
15.293	5.897	308.3	-271.1	0.102	6.867
15.327	5.904	308.3	-271.1	-5.177E-3	-2.259
15.360	5.899	308.3	-271.1	-1.463E-2	0.249
15.393	5.908	308.3	-271.1	-1.008E-2	0.732
15.427	5.901	308.3	-271.1	4.979E-2	0.670
15.460	5.890	308.3	-271.1	3.721E-2	-0.479
15.493	5.889	308.3	-271.1	7.388E-3	-8.278E-2
15.527	5.888	308.3	-271.1	3.197E-2	-0.115
15.560	5.877	308.3	-271.1	1.336E-2	-0.294
15.593	5.883	308.3	-271.1	-7.201E-3	1.052
15.627	5.880	308.3	-271.1	8.644E-2	-0.416
15.660	5.855	308.5	-271.1	3.651E-3	-1.233
15.693	5.878	308.3	-271.1	-6.195E-2	-0.873
15.727	5.874	308.3	-271.1	-3.536E-3	1.045
15.760	5.880	308.3	-271.1	-1.554E-2	1.089E-3
15.793	5.880	308.3	-271.1	5.026E-3	-0.242
15.827	5.878	308.3	-271.1	-2.789E-2	-0.364
15.860	5.890	308.3	-271.1	-3.447E-2	0.734
15.893	5.891	308.3	-271.1	2.988E-2	0.234
15.927	5.879	308.3	-271.1	-3.615E-3	-0.615
15.960	5.892	308.3	-271.1	-3.994E-2	-0.278
15.993	5.893	308.3	-271.1	-4.012E-3	0.966
16.026	5.893	308.3	-271.1	1.856E-2	-9.533E-3
16.060	5.887	308.3	-271.1	4.566E-3	0.327
16.093	5.892	308.3	-271.1	2.151E-2	0.619
16.126	5.879	308.3	-271.1	6.524E-2	2.112E-2
16.160	5.868	308.3	-271.1	2.000E-2	-0.931
16.193	5.872	308.3	-271.1	-8.924E-3	0.142
16.226	5.872	308.3	-271.1	3.367E-2	0.573
16.260	5.860	308.3	-271.1	4.034E-2	-0.926
16.293	5.857	308.3	-271.1	-3.284E-2	-1.142
16.326	5.871	308.3	-271.1	-5.031E-2	0.334
16.360	5.875	308.3	-271.1	1.938E-3	0.639
16.393	5.871	308.3	-271.1	-2.224E-3	-1.220E-2
16.426	5.876	308.3	-271.1	-1.168E-2	-0.203
16.460	5.875	308.3	-271.1	-5.912E-3	0.564
16.493	5.878	308.3	-271.1	1.594E-2	-0.410
16.526	5.869	308.3	-271.1	-1.362E-2	-0.553
16.560	5.883	308.3	-271.1	-4.731E-2	-7.489E-2
16.593	5.886	308.3	-271.1	-3.832E-3	1.086
16.626	5.884	308.3	-271.1	2.357E-2	-0.228
16.660	5.878	308.3	-271.1	-1.102E-2	-0.346
16.693	5.888	308.3	-271.1	-2.003E-2	0.205
16.726	5.884	308.3	-271.1	1.982E-2	0.564
16.760	5.880	308.3	-271.1	1.386E-2	9.938E-2
16.793	5.879	308.3	-271.1	2.161E-2	-0.150
16.826	5.872	308.3	-271.1	1.300E-2	-0.276
16.859	5.874	308.3	-271.1	-6.687E-3	-2.283
16.893	5.875	308.3	-271.1	-0.118	-1.960
16.926	5.918	308.3	-271.1	-0.179	0.934
16.959	5.941	308.3	-271.1	-3.598E-2	3.377
16.993	5.931	308.3	-271.1	6.214E-2	0.672
17.026	5.918	308.3	-271.1	8.122E-3	-1.201
17.059	5.928	308.3	-271.1	-3.982E-2	-0.901
17.093	5.932	308.3	-271.1	-3.643E-2	0.364
17.126	5.941	308.3	-271.1	-2.487E-2	
17.159	5.941	308.3	-271.1		
