	mass A					
t	x	y	θ	ω	α	
0.000	300.4	-84.81	-15.77		
0.033	303.2	-74.04	-13.72	81.49	
0.067	306.8	-55.96	-10.34	120.4	1.099E3
0.100	310.5	-30.98	-5.697	155.0	1.151E3
0.133	312.2	-5.696E-2	-1.045E-2	195.4	990.6
0.167	309.5	39.76	7.322	225.1	758.7
0.200	301.7	80.77	14.99	242.1	556.4
0.233	286.5	124.3	23.46	263.6	596.5
0.267	263.5	168.2	32.55	281.6	473.7
0.300	231.5	210.1	42.22	295.5	322.0
0.333	191.6	247.3	52.24	303.0	205.9
0.367	145.0	277.5	62.41	308.6	87.10
0.400	92.45	298.8	72.81	309.8	-50.37
0.433	37.80	310.2	83.05	304.5	-190.2
0.466	-16.90	311.9	93.10	297.2	-281.9
0.500	-69.39	304.0	102.9	285.9	-371.4
0.533	-117.5	288.5	112.2	272.1	-487.3
0.566	-160.4	267.0	121.0	254.0	-545.7
0.600	-195.7	241.0	129.1	234.7	-616.6
0.633	-225.3	212.9	136.6	214.0	-699.1
0.666	-248.3	184.8	143.3	187.7	-816.8
0.700	-265.1	158.4	149.1	159.5	-854.6
0.733	-277.4	135.5	154.0	130.6	-864.7
0.766	-286.1	116.5	157.8	101.9	-887.1
0.800	-291.5	101.8	160.8	71.71	-885.4
0.833	-294.6	92.23	162.6	42.31	-839.2
0.866	-296.1	87.31	163.6	15.98	-801.6
0.900	-296.6	86.85	163.7	-10.80	-786.1
0.933	-295.3	91.11	162.9	-36.87	-732.9
0.966	-292.9	99.57	161.2	-59.55	-684.6
1.000	-288.7	111.5	158.9	-82.10	-647.0
1.033	-282.2	127.1	155.8	-103.2	-617.5
1.066	-273.4	145.4	152.0	-122.7	-548.2
1.100	-261.4	166.1	147.6	-140.3	-494.1
1.133	-246.2	187.9	142.7	-155.2	-420.1
1.166	-227.4	210.3	137.2	-168.6	-364.8
1.199	-205.2	232.6	131.4	-179.4	-286.7
1.233	-179.3	253.4	125.3	-187.8	-202.5
1.266	-150.3	272.2	118.9	-192.9	-126.8
1.299	-118.7	287.7	112.4	-196.0	-42.13
1.333	-85.07	299.8	105.8	-196.1	3.296
1.366	-50.62	307.3	99.35	-195.2	85.52
1.399	-15.43	311.3	92.84	-191.3	149.9
1.433	18.48	311.6	86.61	-184.3	223.9
1.466	51.22	308.0	80.56	-176.9	255.6
1.499	81.79	301.4	74.82	-167.1	320.5
1.533	109.8	292.5	69.43	-155.6	386.5
1.566	134.9	282.1	64.45	-141.4	445.9
1.599	156.3	270.8	60.00	-125.6	487.3
1.633	174.5	259.5	56.08	-109.1	524.0
1.666	189.6	249.2	52.74	-90.68	553.8
1.699	201.1	239.9	50.03	-71.96	559.7
1.733	209.7	232.4	47.94	-53.50	547.0
1.766	215.4	226.7	46.47	-35.40	562.8
1.799	218.8	223.3	45.58	-16.31	546.9
1.833	219.7	222.7	45.38	1.658	510.5
1.866	218.5	223.9	45.69	17.27	482.9
1.899	215.2	227.0	46.53	33.81	470.4
1.933	209.8	232.6	47.94	48.97	466.9
1.966	202.3	239.3	49.80	64.34	448.8
1.999	191.7	247.4	52.23	79.53	405.0
2.032	179.1	256.6	55.10	91.18	338.4
2.066	164.4	266.3	58.31	101.9	308.8
2.099	147.5	276.1	61.88	111.9	257.0
2.132	128.5	285.5	65.77	119.2	180.4
2.166	108.0	293.8	69.82	123.7	145.9
2.199	86.16	300.7	74.01	128.6	129.6
2.232	62.87	306.2	78.40	132.8	40.13
2.266	38.84	310.1	82.86	131.6	-27.00
2.299	15.47	312.3	87.16	130.0	-83.81
2.332	-8.299	312.1	91.52	127.1	-113.8
2.366	-30.64	310.6	95.63	121.5	-185.8
2.399	-52.17	307.8	99.62	115.3	-208.1
2.432	-71.89	303.7	103.3	107.2	-230.2
2.466	-90.01	298.8	106.8	99.98	-237.3
2.499	-106.6	293.3	110.0	91.67	-303.8
2.532	-121.3	287.5	112.9	79.81	-331.7
2.566	-133.3	281.9	115.3	68.86	-323.1
2.599	-143.8	276.7	117.5	58.99	-344.1
2.632	-152.3	272.1	119.2	45.85	-411.0
2.666	-158.2	268.4	120.5	31.39	-407.9
2.699	-162.0	266.2	121.3	18.47	-381.4
2.732	-164.2	265.4	121.7	6.302	-351.1
2.765	-164.2	265.3	121.7	-5.232	-316.5
2.799	-162.6	266.4	121.4	-14.69	-287.8
2.832	-159.8	268.4	120.8	-24.20	-293.8
2.865	-155.3	271.3	119.8	-34.40	-284.4
2.899	-148.8	274.4	118.5	-43.31	-265.1
2.932	-141.3	278.5	116.9	-51.78	-233.4
2.965	-132.2	283.1	115.0	-59.23	-214.8
2.999	-121.9	287.8	113.0	-65.72	-193.4
3.032	-110.1	292.3	110.6	-72.33	-175.3
3.065	-97.19	296.7	108.1	-77.43	-125.4
3.099	-83.35	300.9	105.5	-80.72	-89.47
3.132	-69.06	305.1	102.8	-83.21	-52.63
3.165	-53.98	308.1	99.94	-84.45	-12.58
3.199	-38.79	310.2	97.13	-83.88	40.18
3.232	-23.73	312.1	94.35	-81.89	51.38
3.265	-9.130	313.0	91.67	-80.13	75.55
3.299	5.418	313.1	89.01	-77.36	98.55
3.332	19.01	312.1	86.52	-73.10	116.7
3.365	31.97	311.3	84.14	-69.70	137.6
3.399	44.22	309.6	81.87	-64.25	179.7
3.432	55.09	307.9	79.86	-57.34	225.9
3.465	64.81	306.2	78.05	-49.50	226.2
3.499	72.82	304.6	76.56	-41.79	215.0
3.532	79.72	303.1	75.26	-35.47	194.2
3.565	85.36	301.5	74.19	-28.81	221.7
3.598	89.84	300.3	73.34	-20.87	232.2
3.632	92.78	299.8	72.80	-12.96	230.2
3.665	94.43	299.1	72.48	-5.798	214.5
3.698	94.72	298.9	72.42	1.475	228.1
3.732	93.90	299.2	72.58	9.203	206.6
3.765	91.42	299.6	73.03	15.69	198.0
3.798	88.33	300.6	73.62	21.83	205.4
3.832	83.83	301.9	74.48	29.65	207.0
3.865	78.02	303.9	75.60	35.82	149.5
3.898	71.24	305.4	76.87	39.53	102.4
3.932	63.99	307.2	78.23	42.49	94.75
3.965	56.12	308.9	79.70	45.84	109.3
3.998	47.56	310.3	81.29	49.74	92.70
4.032	38.17	311.7	83.02	52.30	62.63
4.065	28.56	312.3	84.77	53.61	1.193
4.098	18.67	313.3	86.59	52.82	-7.548
4.132	9.343	313.5	88.29	52.33	-34.98
4.165	-0.420	313.7	90.08	51.37	-46.73
4.198	-9.385	313.2	91.72	48.53	-57.12
4.232	-18.07	312.4	93.31	47.70	-33.95
4.265	-26.71	311.8	94.90	46.47	-66.32
4.298	-34.94	311.1	96.41	43.29	-94.42
4.331	-42.35	309.9	97.78	39.92	-107.0
4.365	-49.34	309.1	99.07	36.43	-126.0
4.398	-55.43	307.9	100.2	31.45	-154.1
4.431	-60.54	306.8	101.2	26.07	-168.5
4.465	-64.69	305.8	101.9	20.30	-170.6
4.498	-67.81	305.5	102.5	14.56	-168.1
4.531	-69.87	304.7	102.9	9.193	-123.6
4.565	-71.08	304.7	103.1	5.980	-92.67
4.598	-72.11	304.7	103.3	3.558	-126.0
4.631	-72.45	304.9	103.4	-2.349	-158.4
4.665	-71.34	305.2	103.2	-7.651	-137.4
4.698	-69.70	305.4	102.9	-11.04	-97.31
4.731	-67.34	305.7	102.4	-14.34	-98.52
4.765	-64.61	306.6	101.9	-17.42	-114.9
4.798	-61.15	307.1	101.3	-21.94	-101.1
4.831	-56.77	308.1	100.4	-24.67	-43.96
4.865	-52.30	308.7	99.62	-24.51	-42.66
4.898	-47.97	309.7	98.81	-27.07	-64.53
4.931	-42.62	310.6	97.81	-29.64	-60.65
4.965	-37.25	311.0	96.83	-30.52	-10.46
4.998	-31.51	311.4	95.78	-30.77	-16.53
5.031	-26.11	312.3	94.78	-31.09	-12.65
5.065	-20.25	312.7	93.71	-32.07	15.90
5.098	-14.44	312.8	92.64	-30.09	32.44
5.131	-9.291	312.9	91.70	-29.26	31.13
5.164	-3.786	313.1	90.69	-28.79	35.39
5.198	1.187	313.3	89.78	-26.46	60.33
5.231	5.854	313.4	88.93	-24.84	64.55
5.264	10.25	313.4	88.13	-22.31	75.82
5.298	14.01	313.7	87.44	-19.54	87.84
5.331	17.40	313.8	86.83	-16.68	76.82
5.364	20.13	314.0	86.33	-14.13	54.62
5.398	22.60	314.1	85.88	-13.15	62.06
5.431	24.98	314.2	85.46	-10.37	108.5
5.464	26.43	314.2	85.19	-5.576	109.8
5.498	27.05	314.5	85.08	-2.818	87.36
5.531	27.48	314.4	85.00	-0.257	77.21
5.564	27.15	314.5	85.07	2.739	85.26
5.598	26.48	314.5	85.19	5.157	70.71
5.631	25.25	314.6	85.41	7.627	36.75
5.664	23.68	314.7	85.70	7.768	39.68
5.698	22.39	314.5	85.93	9.542	54.77
5.731	20.16	314.5	86.33	12.25	45.40
5.764	17.88	314.4	86.74	12.26	6.816
5.798	15.66	314.4	87.15	12.58	39.43
5.831	13.27	314.2	87.58	14.78	58.40
5.864	10.24	314.0	88.13	16.86	33.41
5.897	7.092	314.0	88.71	16.90	0.550
5.931	4.058	313.8	89.26	16.74	-4.396
5.964	0.975	313.6	89.82	16.71	-1.632
5.997	-2.039	313.4	90.37	16.56	-6.377
6.031	-5.059	313.2	90.93	16.36	-6.502
6.064	-7.992	313.0	91.46	16.06	-9.700
6.097	-10.90	312.9	92.00	15.76	-3.340
6.131	-13.72	312.7	92.51	15.75	-19.01
6.164	-16.63	312.6	93.05	14.77	-46.70
6.197	-19.09	312.4	93.50	12.42	-71.05
6.231	-21.14	312.3	93.87	10.05	-38.58
6.264	-22.75	312.3	94.17	9.557	-19.45
6.297	-24.62	312.2	94.51	9.284	-46.28
6.331	-26.12	312.0	94.79	6.359	-68.95
6.364	-26.94	312.1	94.93	4.299	-46.60
6.397	-27.70	312.0	95.07	3.577	-55.02
6.431	-28.24	312.0	95.17	0.796	-56.54
6.464	-27.98	312.0	95.13	-0.815	-31.02
6.497	-27.94	312.0	95.12	-0.724	-17.93
6.531	-27.72	312.0	95.08	-2.104	-48.06
6.564	-27.18	312.1	94.98	-3.973	-54.46
6.597	-26.28	312.2	94.81	-5.766	-32.65
6.631	-25.08	312.2	94.59	-6.286	-9.293
6.664	-23.99	312.2	94.39	-6.159	1.766
6.697	-22.84	312.4	94.18	-6.270	-5.231
6.730	-21.71	312.4	93.98	-6.433	-1.305
6.764	-20.50	312.5	93.75	-6.458	-31.07
6.797	-19.36	312.5	93.55	-8.145	-17.78
6.830	-17.54	312.6	93.21	-8.438	-17.92
6.864	-16.29	312.6	92.98	-8.392	15.00
6.897	-14.48	312.7	92.65	-8.336	-10.47
6.930	-13.26	312.7	92.43	-8.201	15.89
6.964	-11.50	312.9	92.11	-8.145	-6.048
6.997	-10.30	312.9	91.88	-7.792	17.33
7.030	-8.665	313.0	91.59	-7.720	26.81
7.064	-7.488	313.1	91.37	-5.605	39.79
7.097	-6.626	313.1	91.21	-4.965	12.15
7.130	-5.680	313.1	91.04	-5.013	6.929
7.164	-4.801	313.2	90.88	-4.469	2.809
7.197	-4.053	313.2	90.74	-4.668	2.026
7.230	-3.101	313.2	90.57	-4.631	2.860
7.264	-2.366	313.2	90.43	-4.204	55.35
7.297	-1.570	313.4	90.29	-1.488	57.63
7.330	-1.825	313.3	90.33	0.599	30.64
7.364	-1.788	313.3	90.33	-0.100	-7.699
7.397	-1.788	313.3	90.33	0.199	22.14
7.430	-1.861	313.3	90.34	1.291	2.080
7.463	-2.258	313.2	90.41	0.766	5.793
7.497	-2.140	313.2	90.39	0.921	29.66
7.530	-2.594	313.3	90.47	3.281	24.52
7.563	-3.334	313.2	90.61	2.745	3.564
7.597	-3.593	313.2	90.66	2.826	-9.885
7.630	-4.363	313.1	90.80	2.872	14.27
7.663	-4.639	313.2	90.85	2.978	19.55
7.697	-5.448	313.2	91.00	4.745	1.719
7.730	-6.365	313.1	91.16	3.228	-17.27
7.763	-6.623	313.1	91.21	2.829	-19.18
7.797	-7.394	313.0	91.35	2.819	
7.830	-7.649	313.1	91.40		
