	mass A					
t	x	y	θ	ω	α	
0.000	-286.4	-108.1	-159.3		
0.033	-288.9	-101.3	-160.7	-60.65	
0.067	-293.2	-87.65	-163.4	-100.2	-1.180E3
0.100	-298.6	-67.05	-167.3	-139.2	-1.134E3
0.133	-303.3	-39.21	-172.6	-176.1	-1.072E3
0.167	-305.9	-4.938	-179.1	-210.3	-939.9
0.200	-304.0	35.44	-186.6	-239.3	-796.1
0.233	-295.7	79.37	-195.0	-262.7	-722.3
0.267	-279.8	125.5	-204.2	-287.2	-652.5
0.300	-253.9	172.3	-214.2	-307.3	-526.9
0.333	-218.6	215.9	-224.6	-321.4	-417.8
0.367	-174.1	254.1	-235.6	-335.1	-317.6
0.400	-120.9	284.5	-247.0	-343.4	-189.3
0.433	-62.08	304.1	-258.5	-346.9	-9.586
0.466	0.492	311.2	-270.1	-344.9	94.60
0.500	61.87	305.5	-281.4	-339.3	211.6
0.533	120.5	287.9	-292.7	-331.9	289.9
0.566	172.9	260.6	-303.6	-319.5	380.0
0.600	217.5	225.2	-314.0	-306.5	478.7
0.633	253.1	184.0	-324.0	-288.3	627.5
0.666	279.8	141.3	-333.2	-264.1	811.0
0.700	297.6	99.09	-341.6	-234.7	921.6
0.733	308.0	60.72	-348.8	-201.9	985.7
0.766	312.4	27.10	-355.0	-169.2	967.9
0.800	313.2	-0.683	-360.1	-137.2	1.065E3
0.833	312.4	-22.84	-364.2	-99.48	1.170E3
0.866	311.0	-36.83	-366.8	-57.81	1.207E3
0.900	310.0	-43.76	-368.0	-19.41	1.163E3
0.933	310.2	-43.86	-368.0	19.52	1.154E3
0.966	311.0	-36.73	-366.7	57.86	1.141E3
1.000	312.3	-22.89	-364.2	95.25	1.113E3
1.033	313.1	-2.108	-360.4	132.2	1.057E3
1.066	312.1	25.22	-355.4	165.9	994.4
1.100	307.6	57.95	-349.3	198.1	913.7
1.133	297.9	95.75	-342.2	227.4	841.8
1.166	283.1	137.0	-334.2	253.6	754.5
1.199	258.1	178.8	-325.3	278.0	675.4
1.233	224.1	219.1	-315.6	298.6	527.7
1.266	181.3	255.2	-305.4	313.5	393.8
1.299	131.0	284.0	-294.8	324.3	255.4
1.333	74.27	302.9	-283.8	331.0	197.7
1.366	14.64	310.4	-272.7	336.6	61.23
1.399	-46.60	306.3	-261.3	336.7	-108.7
1.433	-104.3	290.9	-250.3	328.2	-359.7
1.466	-156.5	265.5	-239.5	313.4	-497.2
1.499	-200.2	233.4	-229.4	294.0	-553.0
1.533	-235.2	196.6	-219.9	276.7	-561.9
1.566	-262.4	157.3	-210.9	257.1	-652.7
1.599	-281.8	118.2	-202.8	232.9	-771.5
1.633	-294.1	81.10	-195.4	205.7	-894.5
1.666	-301.0	47.91	-189.0	173.6	-1.056E3
1.699	-304.3	20.47	-183.8	135.3	-1.060E3
1.733	-305.3	0.136	-180.0	101.5	-991.5
1.766	-304.8	-15.52	-177.1	70.89	-994.4
1.799	-304.2	-25.00	-175.3	34.83	-1.063E3
1.833	-304.0	-27.87	-174.8	-0.406	-1.038E3
1.866	-304.3	-24.87	-175.3	-33.97	-1.028E3
1.899	-304.8	-15.83	-177.0	-68.86	-1.020E3
1.933	-305.1	-0.441	-179.9	-102.4	-994.6
1.966	-304.7	20.51	-183.9	-134.7	-954.3
1.999	-301.8	47.21	-188.9	-166.4	-878.9
2.032	-295.4	78.80	-194.9	-193.5	-786.0
2.066	-284.2	113.6	-201.8	-218.2	-554.0
2.099	-267.0	150.9	-209.5	-232.1	-522.7
2.132	-244.7	186.1	-217.3	-249.3	-526.9
2.166	-213.6	221.9	-226.1	-270.8	-504.0
2.199	-175.4	253.2	-235.3	-281.5	-311.7
2.232	-131.3	279.6	-244.8	-291.5	-205.8
2.266	-81.55	298.6	-254.7	-295.9	-77.72
2.299	-29.38	308.8	-264.6	-295.7	20.82
2.332	24.02	309.8	-274.4	-294.9	74.94
2.366	76.39	301.5	-284.2	-290.8	183.2
2.399	125.7	285.0	-293.8	-282.8	293.1
2.432	170.3	261.6	-303.1	-271.2	431.6
2.466	208.5	232.6	-311.9	-254.4	531.4
2.499	239.5	200.9	-320.0	-235.0	589.6
2.532	263.7	167.7	-327.5	-215.4	648.7
2.566	281.9	135.3	-334.4	-191.9	794.1
2.599	294.5	105.3	-340.3	-162.7	888.9
2.632	302.4	79.86	-345.2	-132.0	904.5
2.666	307.3	59.03	-349.1	-102.7	951.0
2.699	308.4	43.05	-352.1	-69.08	1.030E3
2.732	309.2	33.99	-353.7	-33.27	1.033E3
2.765	309.3	31.04	-354.3	-0.370	982.0
2.799	308.9	33.81	-353.8	31.93	966.2
2.832	308.2	42.53	-352.1	64.17	967.3
2.865	306.2	56.87	-349.5	96.23	940.0
2.899	301.8	76.75	-345.7	127.1	904.2
2.932	294.6	101.4	-341.0	156.3	832.4
2.965	283.1	130.1	-335.3	182.9	784.1
2.999	266.6	161.3	-328.8	208.0	613.7
3.032	243.7	194.1	-321.5	225.2	554.5
3.065	217.9	227.1	-313.8	242.4	528.9
3.099	181.7	256.6	-305.3	262.6	467.2
3.132	139.1	281.3	-296.3	273.2	274.5
3.165	92.12	299.5	-287.1	280.4	168.1
3.199	41.55	310.1	-277.6	284.8	45.47
3.232	-10.26	311.7	-268.1	283.4	-81.27
3.265	-60.71	305.1	-258.7	279.0	-178.3
3.299	-108.6	290.8	-249.5	271.9	-240.6
3.332	-151.7	269.4	-240.6	262.5	-278.4
3.365	-189.6	242.9	-232.0	253.4	-382.8
3.399	-221.8	212.3	-223.7	237.9	-543.2
3.432	-247.2	180.8	-216.2	216.3	-698.1
3.465	-266.6	149.8	-209.3	191.9	-751.7
3.499	-280.7	121.4	-203.4	165.6	-688.5
3.532	-290.2	95.93	-198.3	145.4	-789.4
3.565	-297.6	72.56	-193.7	115.8	-957.5
3.598	-301.1	56.24	-190.6	78.55	-1.047E3
3.632	-302.8	45.07	-188.5	47.15	-930.4
3.665	-303.4	39.62	-187.4	16.17	-901.3
3.698	-303.3	39.34	-187.4	-12.75	-893.3
3.732	-302.8	44.11	-188.3	-43.02	-895.4
3.765	-301.0	54.48	-190.3	-72.98	-859.0
3.798	-298.0	69.64	-193.2	-100.1	-802.3
3.832	-293.1	89.20	-196.9	-126.4	-774.1
3.865	-285.1	112.7	-201.6	-151.7	-727.6
3.898	-273.5	139.6	-207.0	-174.9	-642.9
3.932	-257.1	168.4	-213.2	-194.7	-563.3
3.965	-235.4	197.6	-220.0	-212.2	-429.6
3.998	-208.5	226.5	-227.4	-224.1	-365.1
4.032	-177.7	253.2	-234.9	-235.1	-307.8
4.065	-140.4	275.9	-243.0	-245.9	-271.0
4.098	-99.32	293.9	-251.3	-252.4	-161.8
4.132	-54.69	305.6	-259.9	-257.1	-72.26
4.165	-8.356	310.9	-268.5	-257.2	46.74
4.198	37.91	309.1	-277.0	-253.8	151.0
4.232	82.67	300.7	-285.4	-247.3	216.7
4.265	124.3	286.3	-293.5	-239.1	306.5
4.298	162.0	266.4	-301.3	-227.4	399.4
4.331	194.7	243.7	-308.6	-211.9	505.1
4.365	222.5	219.2	-315.4	-194.1	574.2
4.398	244.3	193.9	-321.6	-173.4	652.2
4.431	261.6	170.0	-327.0	-150.7	718.6
4.465	274.0	148.2	-331.6	-125.5	763.9
4.498	282.5	129.7	-335.3	-99.60	791.0
4.531	288.2	115.0	-338.2	-73.02	832.4
4.565	291.6	104.9	-340.2	-44.13	832.2
4.598	292.5	99.69	-341.2	-16.98	858.0
4.631	292.9	98.92	-341.3	11.97	846.2
4.665	291.6	104.0	-340.4	40.77	835.8
4.698	288.3	112.9	-338.6	66.71	778.9
4.731	282.4	126.1	-335.9	93.15	759.7
4.765	274.7	143.5	-332.4	117.2	737.9
4.798	263.3	163.8	-328.1	142.0	692.1
4.831	247.9	187.2	-323.0	164.2	610.0
4.865	228.1	211.4	-317.2	182.1	530.6
4.898	203.8	235.9	-310.8	199.5	505.5
4.931	173.7	258.6	-303.9	215.9	435.5
4.965	138.6	278.8	-296.4	228.8	327.0
4.998	99.48	294.9	-288.6	237.5	200.3
5.031	57.24	305.7	-280.6	242.2	93.30
5.065	13.55	310.7	-272.5	243.6	20.07
5.098	-30.45	309.3	-264.4	243.5	-57.51
5.131	-73.60	301.3	-256.3	240.1	-163.7
5.164	-114.2	288.1	-248.4	232.3	-274.1
5.198	-151.0	270.1	-240.8	221.8	-351.3
5.231	-183.6	249.1	-233.6	208.9	-428.4
5.264	-211.3	225.5	-226.9	193.3	-507.5
5.298	-234.2	201.5	-220.7	175.0	-583.5
5.331	-252.5	178.2	-215.2	154.5	-649.5
5.364	-266.2	156.3	-210.4	131.8	-722.1
5.398	-276.6	137.5	-206.4	106.4	-769.3
5.431	-283.8	122.4	-203.3	80.15	-782.7
5.464	-288.6	111.3	-201.1	54.36	-778.1
5.498	-291.2	104.3	-199.7	28.27	-804.3
5.531	-292.1	101.7	-199.2	0.936	-794.9
5.564	-291.4	104.0	-199.6	-25.21	-745.7
5.598	-288.9	110.2	-200.9	-48.48	-706.5
5.631	-285.2	120.3	-202.9	-72.11	-714.0
5.664	-278.6	134.0	-205.7	-96.22	-660.4
5.698	-269.7	151.3	-209.3	-116.5	-605.8
5.731	-258.2	170.6	-213.5	-135.7	-574.0
5.764	-242.5	191.7	-218.3	-155.4	-544.9
5.798	-223.4	214.3	-223.8	-172.0	-470.3
5.831	-199.7	236.2	-229.8	-186.7	-390.2
5.864	-172.0	257.4	-236.2	-198.2	-321.2
5.897	-140.6	275.9	-243.0	-207.7	-248.4
5.931	-105.6	291.5	-250.1	-215.2	-182.5
5.964	-68.01	302.8	-257.3	-219.6	-45.59
5.997	-28.60	309.6	-264.7	-218.7	32.48
6.031	10.44	311.3	-271.9	-216.4	72.92
6.064	49.47	307.5	-279.1	-214.7	110.4
6.097	87.07	299.2	-286.2	-208.9	221.8
6.131	122.2	287.0	-293.1	-199.8	308.0
6.164	153.8	271.3	-299.5	-188.3	379.8
6.197	181.6	253.6	-305.6	-174.6	432.7
6.231	205.4	234.8	-311.2	-159.3	495.6
6.264	225.1	215.7	-316.2	-141.8	604.3
6.297	240.9	197.7	-320.6	-119.2	683.4
6.331	252.7	182.4	-324.2	-95.54	700.3
6.364	261.4	169.8	-327.0	-72.94	682.5
6.397	267.2	160.3	-329.0	-49.88	709.1
6.431	270.4	154.1	-330.3	-25.92	698.0
6.464	271.4	151.9	-330.8	-2.888	694.2
6.497	270.4	152.9	-330.5	19.77	693.9
6.531	267.3	157.8	-329.4	43.68	719.4
6.564	261.9	166.2	-327.6	67.57	681.9
6.597	253.9	178.1	-324.9	89.55	644.9
6.631	243.3	192.6	-321.6	110.1	614.7
6.664	229.3	209.3	-317.6	130.8	593.5
6.697	211.8	227.8	-312.9	149.6	521.7
6.730	190.0	246.4	-307.6	165.6	440.2
6.764	164.6	264.6	-301.9	178.8	344.1
6.797	135.2	280.7	-295.7	188.8	279.0
6.830	102.9	293.8	-289.3	197.0	203.3
6.864	67.83	303.7	-282.6	202.9	165.1
6.897	31.35	309.5	-275.8	207.3	82.76
6.930	-6.651	310.9	-268.8	209.2	-26.44
6.964	-44.10	307.7	-261.8	205.2	-143.7
6.997	-79.82	300.0	-255.1	199.4	-193.9
7.030	-113.3	288.4	-248.6	192.4	-263.3
7.064	-144.1	274.2	-242.3	182.0	-348.4
7.097	-171.0	257.6	-236.4	168.9	-407.1
7.130	-194.4	240.3	-231.0	154.9	-448.3
7.164	-214.2	222.6	-226.1	139.2	-503.8
7.197	-230.4	205.7	-221.7	121.3	-547.2
7.230	-243.5	190.4	-218.0	102.6	-614.5
7.264	-253.8	177.1	-214.9	80.79	-669.5
7.297	-260.3	166.7	-212.6	57.31	-690.1
7.330	-264.5	159.5	-211.1	35.03	-700.9
7.364	-266.8	155.9	-210.3	10.82	-686.7
7.397	-266.6	156.2	-210.4	-11.49	-639.0
7.430	-264.6	159.4	-211.1	-31.11	-585.3
7.463	-260.7	165.7	-212.4	-50.76	-594.0
7.497	-254.8	174.8	-214.4	-70.43	-590.8
7.530	-246.6	186.7	-217.1	-90.36	-561.7
7.563	-235.6	201.0	-220.5	-108.0	-522.0
7.597	-221.2	216.2	-224.3	-124.8	-479.7
7.630	-203.8	232.7	-228.8	-140.3	-404.6
7.663	-183.4	249.6	-233.7	-151.8	-312.5
7.697	-160.1	265.4	-238.9	-160.9	-286.7
7.730	-133.9	279.6	-244.4	-170.7	-256.0
7.763	-104.6	291.7	-250.3	-178.5	-179.9
7.797	-73.41	301.2	-256.3	-182.4	-95.47
7.830	-40.86	307.6	-262.4	-184.8	-49.58
7.863	-7.481	310.4	-268.6	-185.8	26.09
7.897	26.06	309.5	-274.8	-183.3	111.1
7.930	58.47	305.5	-280.8	-178.0	170.4
7.963	89.17	297.7	-286.7	-172.0	223.9
7.997	118.0	287.8	-292.3	-163.3	314.6
8.030	144.0	275.9	-297.6	-150.9	406.7
8.063	166.6	262.9	-302.4	-136.1	419.9
8.097	185.5	249.5	-306.6	-122.6	447.6
8.130	202.2	236.6	-310.5	-107.2	515.0
8.163	215.3	224.7	-313.8	-87.70	553.2
8.197	225.1	214.6	-316.4	-70.00	529.9
8.230	232.6	206.2	-318.4	-52.87	556.3
8.263	237.7	200.2	-319.9	-32.94	628.8
8.296	240.3	197.2	-320.6	-10.87	635.6
8.330	240.2	197.2	-320.6	9.819	611.0
8.363	238.0	199.9	-320.0	29.40	597.0
8.396	233.5	205.5	-318.7	49.77	579.0
8.430	226.5	213.7	-316.7	68.19	525.2
8.463	216.7	223.5	-314.1	84.57	491.2
8.496	204.4	234.9	-311.0	100.9	490.2
8.530	189.0	247.2	-307.4	117.3	468.1
8.563	170.3	260.2	-303.2	132.2	409.4
8.596	148.8	273.2	-298.6	144.5	357.2
8.630	124.5	285.1	-293.6	155.8	294.8
8.663	97.14	295.5	-288.2	164.6	192.0
8.696	67.92	303.6	-282.6	168.5	92.60
8.730	37.70	308.6	-277.0	170.5	49.64
8.763	6.800	311.1	-271.3	172.0	4.845
8.796	-24.34	309.7	-265.5	171.0	-48.86
8.830	-54.73	306.0	-259.9	168.4	-125.0
8.863	-84.10	298.9	-254.3	163.1	-183.1
8.896	-111.1	289.3	-249.0	155.6	-264.5
8.930	-136.3	278.3	-243.9	146.0	-308.8
8.963	-158.2	266.1	-239.3	134.5	-357.0
8.996	-177.8	253.5	-235.0	122.6	-400.6
9.029	-194.3	240.8	-231.1	107.8	-472.1
9.063	-207.8	229.0	-227.8	91.00	-506.2
9.096	-218.4	218.7	-225.0	73.92	-520.4
9.129	-226.6	210.1	-222.8	56.46	-633.9
9.163	-232.5	204.0	-221.3	32.40	-615.6
9.196	-233.3	200.6	-220.7	13.09	-530.6
9.229	-234.3	199.4	-220.4	-0.705	-464.6
9.263	-233.2	200.8	-220.7	-18.72	-542.0
9.296	-230.0	204.5	-221.6	-36.59	-504.0
9.329	-224.5	210.6	-223.2	-52.76	-472.6
9.363	-217.2	218.4	-225.2	-67.57	-453.3
9.396	-207.4	227.8	-227.7	-83.17	-449.7
9.429	-195.3	238.7	-230.7	-97.63	-410.2
9.463	-180.6	250.2	-234.2	-110.5	-365.6
9.496	-163.4	262.1	-238.1	-122.0	-327.9
9.529	-143.6	273.6	-242.3	-132.3	-267.4
9.563	-121.5	284.7	-246.9	-140.0	-205.2
9.596	-97.61	294.1	-251.6	-145.7	-147.8
9.629	-71.96	301.8	-256.6	-150.1	-107.7
9.663	-45.17	307.3	-261.6	-152.7	-58.53
9.696	-17.56	310.5	-266.8	-154.0	6.523
9.729	10.34	311.1	-271.9	-152.5	58.66
9.763	37.54	309.2	-276.9	-149.7	121.8
9.796	64.18	305.1	-281.9	-144.9	168.7
9.829	89.06	299.2	-286.6	-137.9	234.3
9.862	112.4	291.7	-291.1	-129.7	274.8
9.896	133.1	282.7	-295.2	-119.3	332.0
9.929	151.7	273.4	-299.0	-107.7	377.4
9.962	167.6	264.1	-302.4	-94.11	422.4
9.996	180.7	255.3	-305.3	-79.46	443.9
10.029	191.4	247.7	-307.7	-64.53	452.8
10.062	199.5	241.2	-309.6	-49.31	470.1
10.096	205.3	236.4	-311.0	-33.27	498.0
10.129	208.8	233.5	-311.8	-16.10	509.2
10.162	209.7	232.5	-312.1	0.833	490.9
10.196	208.6	233.6	-311.8	16.57	472.2
10.229	205.3	236.6	-310.9	32.18	488.1
10.262	199.7	241.3	-309.6	49.02	479.5
10.296	191.4	247.8	-307.7	64.57	437.6
10.329	180.9	255.4	-305.3	77.88	392.4
10.362	168.0	263.8	-302.5	90.75	372.6
10.396	152.9	272.8	-299.3	102.7	342.4
10.429	135.3	281.9	-295.6	113.6	308.3
10.462	115.4	290.2	-291.7	123.3	252.7
10.496	93.52	297.9	-287.4	130.6	193.7
10.529	70.07	303.8	-283.0	135.9	149.0
10.562	45.35	308.2	-278.4	140.6	100.7
10.595	19.65	310.7	-273.6	142.9	36.59
10.629	-6.222	310.7	-268.9	142.8	-25.02
10.662	-31.92	309.0	-264.1	141.3	-82.80
10.695	-56.86	305.0	-259.4	137.3	-139.2
10.729	-80.44	299.2	-255.0	131.9	-191.6
10.762	-102.7	292.4	-250.7	124.7	-222.2
10.795	-122.8	284.2	-246.6	116.8	-285.6
10.829	-141.0	275.1	-242.9	106.2	-330.7
10.862	-156.5	266.3	-239.6	94.07	-365.7
10.895	-169.9	257.6	-236.6	82.23	-390.0
10.929	-181.0	249.8	-234.1	68.06	-422.7
10.962	-189.5	243.1	-232.1	53.77	-435.5
10.995	-196.0	237.7	-230.5	39.35	-467.3
11.029	-200.3	234.0	-229.4	22.63	-479.5
11.062	-202.0	232.3	-229.0	6.923	-470.5
11.095	-202.0	232.2	-229.0	-8.192	-443.3
11.129	-199.9	234.3	-229.5	-23.09	-426.5
11.162	-195.9	237.8	-230.5	-36.33	-399.6
11.195	-189.9	242.6	-232.0	-49.73	-399.4
11.229	-182.0	249.0	-233.8	-62.98	-391.2
11.262	-171.9	256.4	-236.2	-75.81	-362.1
11.295	-159.6	264.5	-238.9	-87.25	-313.9
11.329	-145.2	272.7	-242.0	-96.67	-275.7
11.362	-129.1	281.1	-245.3	-105.5	-235.0
11.395	-111.0	289.0	-249.0	-112.6	-195.7
11.428	-91.48	296.2	-252.8	-118.2	-143.1
11.462	-70.44	302.1	-256.9	-122.4	-103.9
11.495	-48.58	306.6	-261.0	-124.9	-72.14
11.528	-25.99	309.4	-265.2	-127.2	-29.22
11.562	-2.847	310.8	-269.5	-127.2	26.12
11.595	19.95	310.7	-273.7	-125.1	85.05
11.628	42.34	308.5	-277.8	-121.8	129.6
11.662	63.67	305.1	-281.8	-116.3	172.0
11.695	83.73	300.6	-285.6	-110.3	197.4
11.728	102.3	294.7	-289.1	-103.3	252.2
11.762	119.3	288.8	-292.4	-93.61	297.0
11.795	133.9	282.4	-295.4	-83.09	335.1
11.828	146.7	276.2	-298.0	-71.70	364.6
11.862	157.0	270.3	-300.2	-58.50	396.0
11.895	165.2	265.5	-301.9	-45.32	387.9
11.928	171.2	261.9	-303.2	-32.58	404.2
11.962	175.3	259.3	-304.1	-18.70	422.7
11.995	176.9	258.2	-304.4	-4.049	415.5
12.028	176.4	258.4	-304.3	8.977	387.3
12.062	174.1	259.9	-303.8	21.61	379.6
12.095	169.9	262.8	-302.9	34.36	383.6
12.128	163.7	266.9	-301.5	47.11	381.7
12.161	155.3	271.7	-299.7	59.86	359.3
12.195	144.5	277.1	-297.5	71.18	322.5
12.228	132.1	283.2	-295.0	81.20	291.1
12.261	117.7	289.5	-292.1	90.63	262.4
12.295	101.5	295.5	-289.0	98.73	225.6
12.328	83.76	301.0	-285.6	105.6	182.6
12.361	64.50	305.3	-281.9	111.0	132.2
12.395	44.22	308.5	-278.2	114.4	96.96
12.428	23.38	310.7	-274.3	117.2	48.51
12.461	1.856	311.0	-270.3	118.0	-8.496
12.495	-19.33	310.5	-266.4	116.3	-58.90
12.528	-40.06	308.0	-262.6	114.2	-88.20
12.561	-60.10	304.3	-258.8	110.5	-136.4
12.595	-79.10	299.9	-255.2	105.0	-174.7
12.628	-96.62	294.4	-251.8	98.80	-210.3
12.661	-112.7	288.2	-248.6	91.23	-238.9
12.695	-127.0	282.0	-245.7	82.64	-285.8
12.728	-139.6	275.6	-243.1	72.48	-308.4
12.761	-150.2	270.1	-240.9	61.67	-342.0
12.795	-159.1	265.1	-239.0	50.14	-349.2
12.828	-165.7	260.8	-237.6	37.94	-367.5
12.861	-170.5	257.6	-236.5	25.97	-376.5
12.894	-173.4	255.6	-235.8	12.75	-414.5
12.928	-174.3	254.9	-235.6	-1.569	-402.0
12.961	-173.0	256.0	-236.0	-14.48	-356.8
12.994	-170.0	258.0	-236.6	-25.04	-334.3
13.028	-165.3	260.7	-237.6	-36.59	-333.1
13.061	-158.8	264.9	-239.0	-47.63	-326.4
13.094	-150.9	269.9	-240.8	-57.97	-307.8
13.128	-140.7	275.1	-242.9	-68.38	-289.1
13.161	-129.0	281.0	-245.4	-77.23	-229.7
13.194	-115.7	287.2	-248.1	-83.81	-202.6
13.228	-101.2	292.8	-250.9	-90.30	-198.0
13.261	-85.05	298.1	-254.1	-97.33	-167.1
13.294	-67.56	302.8	-257.4	-101.6	-108.4
13.328	-49.43	306.7	-260.8	-104.3	-68.57
13.361	-30.51	309.4	-264.4	-106.3	-23.47
13.394	-11.23	310.7	-267.9	-105.9	16.97
13.428	7.744	311.1	-271.4	-104.8	48.40
13.461	26.67	310.0	-274.9	-103.1	85.08
13.494	44.89	308.0	-278.3	-99.02	136.5
13.528	62.23	305.5	-281.5	-93.92	163.9
13.561	78.37	301.9	-284.6	-88.07	181.7
13.594	93.22	297.8	-287.4	-81.79	221.5
13.628	106.8	293.3	-290.0	-73.57	266.4
13.661	118.5	289.0	-292.3	-63.74	293.6
13.694	128.2	284.6	-294.3	-54.05	304.4
13.727	136.3	280.8	-295.9	-43.55	336.8
13.761	142.5	277.9	-297.2	-31.60	356.8
13.794	146.6	275.8	-298.0	-19.58	354.7
13.827	148.9	274.8	-298.5	-8.076	346.5
13.861	149.3	274.6	-298.5	3.529	349.3
13.894	148.0	275.8	-298.2	15.18	326.3
13.927	144.5	277.4	-297.5	25.48	299.7
13.961	139.7	279.9	-296.5	34.88	285.3
13.994	133.0	282.7	-295.2	44.60	297.5
14.027	124.8	286.3	-293.6	54.62	298.9
14.061	114.7	290.4	-291.6	64.65	281.1
14.094	102.9	294.9	-289.2	73.39	236.1
14.127	89.52	299.1	-286.7	80.40	175.7
14.161	74.87	302.9	-283.9	85.17	160.5
14.194	59.44	306.1	-281.0	90.61	130.3
14.227	42.54	308.6	-277.8	94.63	110.6
14.261	25.42	310.2	-274.7	97.21	41.45
14.294	7.436	311.1	-271.4	98.18	10.82
14.327	-10.08	310.6	-268.1	97.17	-20.48
14.361	-27.65	309.5	-264.9	97.14	-51.20
14.394	-44.97	307.0	-261.7	94.02	-119.8
14.427	-61.21	304.3	-258.6	88.77	-142.0
14.460	-76.35	300.7	-255.8	84.51	-163.8
14.494	-90.67	296.5	-253.0	78.32	-189.1
14.527	-103.2	291.9	-250.5	71.27	-227.1
14.560	-114.7	287.4	-248.2	63.76	-265.9
14.594	-124.4	283.2	-246.3	53.34	-296.4
14.627	-132.2	279.6	-244.7	43.70	-279.7
14.660	-138.5	276.3	-243.4	34.98	-281.9
14.694	-143.3	273.7	-242.4	24.95	-323.1
14.727	-146.5	272.2	-241.7	13.44	-331.9
14.760	-147.7	271.7	-241.5	2.543	-318.4
14.794	-147.3	271.8	-241.5	-7.521	-295.1
14.827	-145.3	272.8	-242.0	-17.30	-304.2
14.860	-141.9	274.8	-242.7	-27.51	-285.3
14.894	-136.5	277.5	-243.8	-36.79	-275.2
14.927	-130.0	280.6	-245.1	-45.35	-250.9
14.960	-121.7	284.3	-246.8	-53.91	-240.0
14.994	-112.3	288.7	-248.7	-61.13	-207.9
15.027	-101.4	292.6	-250.9	-67.85	-183.3
15.060	-89.29	296.8	-253.3	-73.36	-164.2
15.094	-76.22	300.8	-255.8	-78.64	-128.2
15.127	-61.90	304.2	-258.5	-82.26	-99.18
15.160	-47.20	307.2	-261.3	-84.79	-54.13
15.194	-31.68	309.2	-264.1	-86.30	-37.03
15.227	-16.18	310.4	-267.0	-86.83	-6.027
15.260	-0.349	311.1	-269.9	-87.06	29.18
15.293	15.30	310.9	-272.8	-84.84	75.17
15.327	30.35	310.1	-275.6	-81.85	83.03
15.360	44.82	308.3	-278.3	-79.33	98.51
15.393	58.83	306.2	-280.9	-75.51	163.2
15.427	71.77	303.5	-283.3	-68.49	194.5
15.460	83.03	300.6	-285.4	-61.98	200.8
15.493	93.56	297.9	-287.4	-55.71	209.1
15.527	102.4	294.9	-289.2	-47.72	251.8
15.560	110.0	292.3	-290.6	-39.11	261.1
15.593	115.8	290.0	-291.8	-30.11	282.8
15.627	120.1	288.1	-292.6	-20.50	307.2
15.660	122.6	287.1	-293.1	-9.513	302.9
15.693	123.2	286.8	-293.3	-3.479E-2	262.6
15.727	122.7	287.2	-293.1	7.734	260.6
15.760	120.7	288.0	-292.7	17.11	290.0
15.793	116.9	289.6	-292.0	27.38	280.2
15.827	111.5	291.7	-290.9	35.84	247.9
15.860	104.7	294.1	-289.6	43.67	228.5
15.893	96.48	296.8	-288.0	51.24	229.9
15.927	86.96	299.6	-286.2	58.79	189.7
15.960	75.86	302.3	-284.1	64.37	163.8
15.993	64.29	305.2	-281.9	69.06	139.6
16.026	51.39	307.6	-279.5	74.12	110.8
16.060	37.75	309.4	-277.0	76.44	67.73
16.093	23.84	310.4	-274.4	78.33	40.96
16.126	9.430	311.0	-271.7	79.51	28.77
16.160	-4.918	310.9	-269.1	79.89	-10.92
16.193	-19.45	310.3	-266.4	79.18	-41.93
16.226	-33.47	309.0	-263.8	76.81	-80.38
16.260	-46.99	306.9	-261.3	73.95	-99.60
16.293	-59.83	304.7	-258.9	70.09	-135.5
16.326	-71.78	301.8	-256.6	65.02	-163.8
16.360	-82.57	298.9	-254.6	59.05	-177.4
16.393	-92.18	295.8	-252.7	53.19	-205.1
16.426	-100.8	293.0	-251.0	45.63	-236.4
16.460	-107.7	290.3	-249.6	37.08	-236.5
16.493	-113.2	288.1	-248.5	29.90	-209.6
16.526	-117.7	286.3	-247.7	23.21	-248.5
16.560	-120.9	284.8	-247.0	13.71	-289.8
16.593	-122.2	284.3	-246.7	3.266	-284.8
16.626	-122.1	284.5	-246.8	-5.074	-226.1
16.660	-120.6	285.3	-247.1	-11.91	-225.7
16.693	-118.1	286.1	-247.6	-19.66	-244.4
16.726	-114.0	287.8	-248.4	-28.61	-242.1
16.760	-108.6	290.2	-249.5	-35.80	-192.9
16.793	-102.0	292.6	-250.8	-41.43	-173.0
16.826	-94.58	295.3	-252.2	-47.13	-177.4
16.859	-85.87	297.8	-253.9	-53.37	-175.0
16.893	-76.04	300.4	-255.8	-58.86	-118.7
16.926	-65.37	303.3	-257.8	-61.53	-90.41
16.959	-54.46	305.6	-259.9	-64.23	-79.93
16.993	-42.60	307.8	-262.1	-67.42	-91.69
17.026	-30.37	309.2	-264.4	-69.94	-56.64
17.059	-17.46	310.3	-266.8	-71.64	-16.18
17.093	-4.548	311.1	-269.2	-70.82	46.80
17.126	8.139	311.1	-271.5	-68.55	64.69
17.159	20.25	310.5	-273.7	-66.27	68.90
17.193	32.08	309.6	-275.9	-64.18	82.81
17.226	43.40	308.5	-278.0	-60.75	112.0
17.259	53.91	306.9	-280.0	-56.62	146.6
17.293	63.66	305.2	-281.8	-51.17	157.9
17.326	72.12	303.4	-283.4	-45.73	167.3
17.359	79.88	301.8	-284.8	-40.38	190.2
17.393	86.43	300.1	-286.1	-32.99	216.6
17.426	91.44	298.6	-287.0	-25.70	220.7
17.459	95.30	297.3	-287.8	-18.53	234.6
17.493	97.93	296.8	-288.3	-10.03	238.9
17.526	98.84	296.4	-288.4	-2.337	220.0
17.559	98.75	296.6	-288.4	4.388	205.7
17.592	97.33	296.9	-288.2	11.44	223.9
17.626	94.71	297.6	-287.7	19.19	217.0
17.659	90.64	298.8	-286.9	26.22	205.8
17.692	85.49	300.0	-285.9	32.57	183.0
17.726	79.20	301.8	-284.7	38.68	168.0
17.759	71.96	303.7	-283.3	43.63	155.4
17.792	63.75	305.3	-281.8	48.94	164.9
17.826	54.51	307.0	-280.1	54.68	137.6
17.859	44.17	308.4	-278.2	58.39	78.83
17.892	33.51	309.6	-276.2	59.72	55.40
17.926	22.66	310.7	-274.2	61.85	63.13
17.959	11.16	311.0	-272.1	64.23	33.95
17.992	-0.585	311.0	-269.9	64.19	-9.117
18.026	-12.05	310.7	-267.8	63.33	-35.71
18.059	-23.45	309.9	-265.7	62.04	-48.71
18.092	-34.41	308.9	-263.6	59.89	-75.22
18.126	-44.92	307.2	-261.7	57.18	-95.71
18.159	-54.78	305.5	-259.8	53.45	-118.3
18.192	-63.91	303.8	-258.1	49.28	-149.3
18.226	-72.12	301.6	-256.5	43.65	-167.2
18.259	-79.19	299.9	-255.2	37.81	-167.5
18.292	-85.29	298.0	-254.0	32.69	-168.1
18.326	-90.55	296.8	-253.0	26.64	-187.9
18.359	-94.53	295.4	-252.3	20.07	-194.6
18.392	-97.33	294.2	-251.7	13.67	-205.9
18.425	-99.12	293.6	-251.3	6.494	-225.3
18.459	-99.58	293.5	-251.3	-1.472	-218.2
18.492	-98.67	293.9	-251.4	-8.200	-201.5
18.525	-96.75	294.4	-251.8	-14.61	-183.0
18.559	-93.71	295.7	-252.4	-20.69	-168.7
18.592	-89.75	297.0	-253.2	-25.67	-154.7
18.625	-84.89	298.5	-254.1	-30.97	-152.5
18.659	-79.01	300.1	-255.3	-35.95	-133.7
18.692	-72.31	301.7	-256.5	-39.88	-125.9
18.725	-65.04	303.6	-257.9	-44.14	-114.4
18.759	-56.75	305.1	-259.5	-47.82	-98.85
18.792	-48.04	306.6	-261.1	-50.47	-70.44
18.825	-38.74	307.9	-262.8	-52.70	-66.17
18.859	-29.19	309.2	-264.6	-54.68	-40.11
18.892	-19.13	310.2	-266.5	-55.67	-13.25
18.925	-9.139	310.9	-268.3	-55.30	14.24
18.959	0.848	311.2	-270.2	-54.81	22.61
18.992	10.69	311.2	-272.0	-53.78	50.83
19.025	20.31	310.7	-273.7	-51.53	76.60
19.059	29.31	310.0	-275.4	-48.49	83.56
19.092	37.79	309.0	-277.0	-45.96	97.63
19.125	45.87	308.2	-278.5	-42.24	125.5
19.158	53.00	307.3	-279.8	-37.34	140.1
19.192	59.30	306.4	-281.0	-32.92	137.9
19.225	64.75	305.2	-282.0	-28.25	168.7
19.258	69.35	304.4	-282.8	-21.80	181.3
19.292	72.51	303.6	-283.4	-15.74	162.7
19.325	74.87	302.9	-283.9	-11.23	177.9
19.358	76.45	302.6	-284.2	-4.202	195.1
19.392	76.39	302.7	-284.2	2.499	175.1
19.425	75.61	302.9	-284.0	7.012	137.0
19.458	73.88	303.1	-283.7	11.74	171.1
19.492	71.39	303.6	-283.2	18.10	176.5
19.525	67.45	304.5	-282.5	24.10	155.9
19.558	62.84	305.4	-281.6	28.12	137.4
19.592	57.43	306.4	-280.6	33.19	128.5
19.625	50.95	307.3	-279.4	37.07	112.1
19.658	44.16	308.5	-278.1	40.22	82.15
19.692	36.52	309.3	-276.7	42.94	78.46
19.725	28.68	310.0	-275.3	45.07	83.04
19.758	20.25	310.5	-273.7	48.57	69.83
19.792	11.12	310.9	-272.0	50.11	17.57
19.825	2.126	310.9	-270.4	49.39	-4.083
19.858	-6.739	310.5	-268.8	49.71	-8.438
19.892	-15.84	310.5	-267.1	49.22	-47.47
19.925	-24.52	309.9	-265.5	46.38	-74.42
19.958	-32.55	309.1	-264.0	44.03	-61.80
19.991	-40.29	307.8	-262.5	42.45	-58.93
20.025	-47.70	306.7	-261.2	40.13	-90.11
20.058	-54.61	305.6	-259.9	36.50	-121.4
20.091	-60.72	304.6	-258.7	31.93	-149.6
20.125	-65.90	303.3	-257.7	26.60	-151.2
20.158	-70.06	302.4	-257.0	21.62	-144.0
20.191	-73.46	301.3	-256.3	17.22	-147.8
20.225	-76.04	300.6	-255.8	11.80	-165.8
20.258	-77.56	300.2	-255.5	6.049	-171.0
20.291	-78.12	300.0	-255.4	0.451	-165.0
20.325	-77.68	300.0	-255.5	-4.995	-151.7
20.358	-76.35	300.3	-255.7	-9.693	-134.2
20.391	-74.40	301.3	-256.1	-13.87	-137.1
20.425	-71.56	301.8	-256.7	-18.73	-146.1
20.458	-67.83	302.9	-257.4	-23.78	-141.8
20.491	-63.27	304.1	-258.2	-28.13	-110.2
20.525	-57.94	305.2	-259.3	-31.24	-91.75
20.558	-52.24	306.5	-260.3	-34.00	-72.96
20.591	-45.88	307.6	-261.5	-36.36	-71.54
20.625	-39.22	308.3	-262.7	-38.48	-55.84
20.658	-32.06	309.3	-264.1	-40.35	-39.26
20.691	-24.71	309.8	-265.4	-40.96	-30.97
20.724	-17.30	310.6	-266.8	-42.28	-25.53
20.758	-9.465	310.9	-268.3	-43.00	6.717
20.791	-1.756	311.1	-269.7	-41.70	29.14
20.824	5.626	311.3	-271.0	-40.83	36.48
20.858	13.03	311.3	-272.4	-39.61	48.17
20.891	19.95	310.6	-273.7	-37.39	63.36
20.924	26.52	310.1	-274.9	-35.44	71.64
20.958	32.77	309.9	-276.0	-32.70	105.2
20.991	38.35	309.3	-277.1	-28.44	120.8
21.024	42.99	308.5	-277.9	-24.40	109.8
21.058	47.07	307.8	-278.7	-21.29	124.3
21.091	50.59	307.3	-279.3	-16.35	126.7
21.124	52.95	307.1	-279.8	-12.23	125.7
21.158	55.00	306.8	-280.2	-8.627	125.4
21.191	56.06	306.7	-280.4	-3.511	142.6
21.224	56.27	306.6	-280.4	0.842	129.5
21.258	55.78	306.9	-280.3	5.061	134.7
21.291	54.50	307.2	-280.1	9.783	124.4
21.324	52.22	307.1	-279.7	13.59	123.0
21.358	49.55	307.5	-279.2	17.58	105.1
21.391	45.93	308.1	-278.5	21.08	91.29
21.424	42.03	308.8	-277.8	23.29	75.35
21.458	37.59	309.4	-276.9	26.20	89.38
21.491	32.58	309.7	-276.0	29.23	91.79
21.524	27.04	310.4	-275.0	32.33	74.16
21.557	20.91	310.7	-273.9	34.33	47.35
21.591	14.61	310.7	-272.7	35.32	33.07
21.624	8.131	311.1	-271.5	36.52	13.01
21.657	1.401	310.9	-270.3	36.41	4.895
21.691	-5.036	310.5	-269.1	36.42	4.815
21.724	-11.75	310.2	-267.8	37.09	-20.16
21.757	-18.40	309.7	-266.6	35.18	-61.23
21.791	-24.41	309.3	-265.5	32.62	-51.10
21.824	-30.14	308.9	-264.4	31.82	-39.13
21.857	-35.87	308.4	-263.4	30.33	-67.11
21.891	-41.05	307.9	-262.4	27.17	-91.96
21.924	-45.58	307.0	-261.6	24.11	-94.01
21.957	-49.65	306.5	-260.8	21.01	-109.5
21.991	-53.04	305.7	-260.2	16.86	-115.2
22.024	-55.65	305.4	-259.7	13.09	-119.6
22.057	-57.78	305.3	-259.3	9.208	-125.7
22.091	-58.97	305.1	-259.1	4.499	-130.3
22.124	-59.31	304.7	-259.0	0.520	-119.9
22.157	-59.08	304.7	-259.0	-3.386	-103.0
22.191	-58.09	304.8	-259.2	-6.541	-85.33
22.224	-56.75	305.0	-259.5	-8.882	-92.67
22.257	-54.91	305.2	-259.8	-12.59	-116.9
22.290	-52.25	305.7	-260.3	-16.91	-93.41
22.324	-48.95	306.5	-260.9	-18.99	-59.99
22.357	-45.51	306.9	-261.6	-20.50	-60.13
22.390	-41.65	307.8	-262.3	-23.16	-89.97
22.424	-37.25	308.3	-263.1	-26.41	-75.28
22.457	-32.19	309.0	-264.1	-28.50	-38.41
22.490	-27.02	309.4	-265.0	-28.74	-16.16
22.524	-21.83	309.8	-266.0	-29.48	-35.24
22.557	-16.39	310.1	-267.0	-31.14	-33.02
22.590	-10.61	310.8	-268.0	-31.89	15.47
22.624	-4.891	311.1	-269.1	-30.12	42.64
22.657	0.280	311.2	-270.1	-28.64	20.89
22.690	5.474	311.3	-271.0	-28.93	6.959
22.724	10.76	311.2	-272.0	-28.35	45.66
22.757	15.73	310.8	-272.9	-25.86	76.18
22.790	20.11	310.8	-273.7	-23.08	72.38
22.824	24.10	310.8	-274.4	-21.08	61.96
22.857	27.74	310.3	-275.1	-19.02	73.70
22.890	30.97	310.2	-275.7	-16.19	83.06
22.924	33.56	309.6	-276.2	-13.35	99.10
22.957	35.78	309.6	-276.6	-9.821	116.9
22.990	37.14	309.6	-276.8	-5.367	118.4
23.024	37.74	309.6	-276.9	-1.863	97.66
23.057	37.84	309.7	-277.0	1.025	103.4
23.090	37.39	309.9	-276.9	4.912	105.1
23.123	36.07	309.9	-276.6	8.349	89.13
23.157	34.37	310.1	-276.3	10.63	68.94
23.190	32.20	310.0	-275.9	12.99	61.21
23.223	29.62	310.0	-275.5	14.76	64.67
23.257	26.84	310.2	-274.9	17.09	63.32
23.290	23.46	310.6	-274.3	19.29	64.11
23.323	19.88	310.7	-273.7	21.08	51.96
23.357	15.81	310.5	-272.9	22.95	44.87
23.390	11.56	310.6	-272.1	24.00	38.25
23.423	7.145	311.0	-271.3	25.41	34.13
23.457	2.376	310.9	-270.4	26.47	5.551
23.490	-2.428	310.7	-269.6	25.79	-15.53
23.523	-6.951	311.0	-268.7	25.17	-23.09
23.557	-11.53	310.8	-267.9	24.52	-11.47
23.590	-15.81	310.6	-267.1	24.09	-26.21
23.623	-20.23	310.3	-266.3	23.19	-38.42
23.657	-24.18	310.0	-265.5	21.21	-45.71
23.690	-27.88	309.7	-264.9	20.18	-60.50
23.723	-31.46	309.4	-264.2	17.51	-72.98
23.757	-34.19	309.2	-263.7	14.76	-66.69
23.790	-36.74	308.6	-263.2	13.41	-62.76
23.823	-38.98	308.4	-262.8	10.64	-80.15
23.856	-40.56	308.3	-262.5	7.810	-83.72
23.890	-41.78	308.0	-262.3	5.268	-103.0
23.923	-42.46	308.1	-262.2	1.019	-102.7
23.956	-42.17	308.1	-262.2	-2.060	-64.69
23.990	-41.74	308.3	-262.3	-2.952	-54.54
24.023	-41.11	308.3	-262.4	-5.487	-71.77
24.056	-39.76	308.5	-262.7	-8.157	-76.94
24.090	-38.18	308.6	-262.9	-10.29	-60.36
24.123	-36.06	308.8	-263.3	-12.43	-49.38
24.156	-33.70	309.0	-263.8	-13.49	-48.43
24.190	-31.18	309.1	-264.2	-15.46	-54.01
24.223	-28.12	309.3	-264.8	-17.41	-41.22
24.256	-24.91	309.6	-265.4	-18.06	-15.98
24.290	-21.61	309.7	-266.0	-18.47	-27.23
24.323	-18.25	310.0	-266.6	-19.73	-39.27
24.356	-14.49	310.1	-267.3	-21.31	-27.68
24.390	-10.56	310.3	-268.1	-21.58	28.00
24.423	-6.705	310.4	-268.8	-19.57	27.22
24.456	-3.496	310.6	-269.4	-19.10	23.50
24.490	0.191	310.7	-270.0	-18.86	15.63
24.523	3.319	310.7	-270.6	-17.41	18.49
24.556	6.485	310.8	-271.2	-17.83	12.98
24.590	9.770	310.8	-271.8	-16.82	39.54
24.623	12.58	311.0	-272.3	-14.86	74.78
24.656	15.16	310.9	-272.8	-12.15	67.36
24.689	16.98	310.9	-273.1	-9.880	55.96
24.723	18.73	310.8	-273.4	-8.800	55.04
24.756	20.18	311.1	-273.7	-6.218	66.23
24.789	21.00	310.9	-273.9	-4.100	63.30
24.823	21.67	311.1	-274.0	-2.304	49.68
24.856	21.84	311.1	-274.0	-0.528	65.40
24.889	21.87	311.1	-274.0	1.721	69.87
24.923	21.23	311.2	-273.9	4.458	70.19
24.956	20.25	311.1	-273.7	6.270	37.27
24.989	18.94	311.0	-273.5	7.081	31.25
25.023	17.67	311.1	-273.3	8.047	45.23
25.056	16.03	311.2	-272.9	10.25	55.47
25.089	13.95	311.0	-272.6	11.85	33.32
25.123	11.72	311.1	-272.2	12.42	16.69
25.156	9.454	311.0	-271.7	12.88	34.26
25.189	7.057	311.0	-271.3	14.60	45.45
25.223	4.169	310.9	-270.8	16.21	29.38
25.256	1.193	310.8	-270.2	16.44	4.519
25.289	-1.772	310.7	-269.7	16.46	0.923
25.323	-4.754	310.5	-269.1	16.51	-5.705
25.356	-7.735	310.4	-268.6	16.13	-29.39
25.389	-10.58	310.4	-268.0	14.60	-22.69
25.422	-13.03	310.7	-267.6	14.24	-4.335
25.456	-15.74	310.6	-267.1	14.74	-15.26
25.489	-18.35	310.4	-266.6	13.21	-48.05
25.522	-20.51	310.3	-266.2	11.31	-47.59
25.556	-22.42	310.1	-265.9	10.11	-21.26
25.589	-24.16	310.1	-265.5	9.795	-22.91
25.622	-25.96	309.9	-265.2	8.891	-49.73
25.656	-27.37	309.8	-265.0	6.329	-62.94
25.689	-28.26	309.8	-264.8	4.507	-49.52
25.722	-29.00	309.8	-264.7	3.246	-55.93
25.756	-29.43	309.7	-264.6	0.811	-49.39
25.789	-29.29	309.8	-264.6	-0.417	-54.62
25.822	-29.28	309.8	-264.6	-2.205	-55.23
25.856	-28.50	309.8	-264.7	-4.700	-61.22
25.889	-27.58	309.9	-264.9	-5.960	-24.08
25.922	-26.35	310.0	-265.1	-6.549	-16.25
25.956	-25.22	310.1	-265.4	-6.757	-15.66
25.989	-23.91	310.2	-265.6	-7.716	-39.92
26.022	-22.43	310.3	-265.9	-9.309	-46.40
26.056	-20.55	310.4	-266.2	-10.99	-31.33
26.089	-18.46	310.5	-266.6	-11.41	-11.20
26.122	-16.42	310.6	-267.0	-11.58	-3.145
26.156	-14.28	310.7	-267.4	-11.74	-2.933
26.189	-12.18	310.8	-267.8	-11.68	1.444
26.222	-10.06	310.9	-268.1	-11.70	2.486
26.255	-7.954	310.9	-268.5	-11.50	6.172
26.289	-5.898	311.1	-268.9	-11.27	1.685
26.322	-3.877	311.2	-269.3	-11.35	5.495
26.355	-1.790	311.2	-269.7	-11.04	15.96
26.389	0.120	311.2	-270.0	-10.18	14.45
26.422	1.894	311.2	-270.3	-10.01	8.143
26.455	3.746	311.3	-270.7	-9.808	16.99
26.489	5.448	311.4	-271.0	-8.815	39.40
26.522	6.941	311.4	-271.3	-7.223	54.77
26.555	8.067	311.5	-271.5	-5.116	37.50
26.589	8.794	311.4	-271.6	-4.489	33.13
26.622	9.692	311.4	-271.8	-3.417	45.69
26.655	10.04	311.6	-271.8	-1.056	55.24
26.689	10.08	311.6	-271.9	0.216	21.23
26.722	9.959	311.5	-271.8	0.407	24.09
26.755	9.932	311.6	-271.8	1.492	23.72
26.789	9.415	311.4	-271.7	2.461	45.19
26.822	9.039	311.5	-271.7	3.940	38.40
26.855	7.988	311.5	-271.5	5.625	37.02
26.889	6.998	311.5	-271.3	6.015	8.294
26.922	5.807	311.4	-271.1	6.387	12.41
26.955	4.683	311.4	-270.9	6.648	8.609
26.988	3.398	311.4	-270.6	7.110	26.58
27.022	2.107	311.3	-270.4	8.206	11.93
27.055	0.426	311.3	-270.1	8.346	14.33
27.088	-0.915	311.2	-269.8	8.574	15.49
27.122	-2.678	311.2	-269.5	9.831	3.708
27.155	-4.472	311.1	-269.2	8.835	-12.36
27.188	-5.875	311.1	-268.9	8.568	-15.08
27.222	-7.572	311.0	-268.6	8.366	3.090
27.255	-8.900	311.0	-268.4	8.236	-11.50
27.288	-10.55	310.9	-268.1	8.140	5.270
27.322	-11.84	310.8	-267.8	8.051	-23.60
27.355	-13.46	310.7	-267.5	7.213	-28.52
27.388	-14.45	310.7	-267.3	5.520	-36.49
27.422	-15.45	310.7	-267.2	5.105	-8.455
27.455	-16.29	310.6	-267.0	4.800	-14.01
27.488	-17.19	310.6	-266.8	4.364	-18.99
27.522	-17.86	310.4	-266.7	3.399	-45.33
27.555	-18.41	310.4	-266.6	1.531	-48.73
27.588	-18.42	310.5	-266.6	-0.187	-28.02
27.622	-18.34	310.5	-266.6	-0.217	-13.68
27.655	-18.34	310.5	-266.6	-0.885	-15.78
27.688	-18.02	310.5	-266.7	-1.570	-16.55
27.722	-17.77	310.5	-266.7	-1.759	-31.33
27.755	-17.39	310.5	-266.8	-3.583	-45.40
27.788	-16.48	310.5	-267.0	-5.133	-28.80
27.821	-15.54	310.6	-267.1	-5.310	-7.663
27.855	-14.56	310.7	-267.3	-5.619	-7.169
27.888	-13.51	310.7	-267.5	-5.843	-3.456
27.921	-12.45	310.8	-267.7	-5.818	-0.114
27.955	-11.40	310.8	-267.9	-5.839	1.713
27.988	-10.34	310.9	-268.1	-5.738	1.479
28.021	-9.329	310.9	-268.3	-5.683	2.155
28.055	-8.286	310.9	-268.5	-5.656	0.211
28.088	-7.284	311.0	-268.7	-5.613	4.811
28.121	-6.256	311.0	-268.8	-5.410	3.995
28.155	-5.328	311.1	-269.0	-5.244	5.215
28.188	-4.361	311.1	-269.2	-5.161	1.061
28.221	-3.461	311.1	-269.4	-5.086	12.98
28.255	-2.519	311.1	-269.5	-4.462	32.00
28.288	-1.847	311.2	-269.7	-2.850	22.39
28.321	-1.489	311.1	-269.7	-2.722	13.02
28.355	-0.862	311.2	-269.8	-2.461	7.395
28.388	-0.598	311.2	-269.9	-1.789	23.63
28.421	-0.214	311.2	-270.0	-1.248	17.66
28.455	-0.146	311.2	-270.0	-0.325	18.69
28.488	-9.701E-2	311.2	-270.0	-0.132	10.09
28.521	-9.846E-2	311.3	-270.0	0.333	7.446
28.554	-0.218	311.2	-270.0	0.465	13.57
28.588	-0.267	311.2	-270.0	1.028	10.54
28.621	-0.590	311.2	-269.9	1.458	25.84
28.654	-0.795	311.2	-269.9	2.371	11.86
28.688	-1.448	311.1	-269.7	2.769	14.70
28.721	-1.797	311.3	-269.7	2.808	-5.815
28.754	-2.464	311.2	-269.5	2.870	11.86
28.788	-2.835	311.1	-269.5	3.090	-5.845
28.821	-3.582	311.1	-269.3	3.048	6.272
28.854	-3.938	311.1	-269.3	2.917	7.683
28.888	-4.638	311.2	-269.1	3.971	1.277
28.921	-5.374	311.0	-269.0	3.043	-10.30
28.954	-5.739	311.1	-268.9	2.853	-12.61
28.988	-6.406	311.0	-268.8	2.729	5.157
29.021	-6.725	311.0	-268.8	2.671	-7.581
29.054	-7.372	311.0	-268.6	2.741	4.120
29.088	-7.717	311.0	-268.6	2.492	-17.58
29.121	-8.272	310.9	-268.5	2.011	-16.33
29.154	-8.442	310.9	-268.4	1.005	-1.030
29.188	-8.637	311.0	-268.4	1.983	8.614
29.221	-9.159	310.9	-268.3	1.964	-13.37
29.254	-9.345	310.9	-268.3	0.737	-25.69
29.288	-9.425	310.9	-268.3	0.319	-6.813
29.321	-9.461	310.9	-268.3	0.277	-4.851
29.354	-9.527	310.9	-268.2	7.712E-2	-2.890
29.387	-9.489	310.9	-268.3	-3.242E-2	-1.588
29.421	-9.515	310.9	-268.2	7.114E-2	0.319
29.454	-9.516	310.9	-268.2	-4.863E-2	-2.802
29.487	-9.497	310.9	-268.3	-0.117	-0.817
29.521	-9.473	310.9	-268.3	-0.106	-2.880
29.554	-9.459	310.9	-268.3	-0.270	-2.693
29.587	-9.375	310.9	-268.3	-0.360	-3.880
29.621	-9.329	310.9	-268.3	-0.444	-6.123
29.654	-9.215	310.9	-268.3	-0.812	5.420
29.687	-9.036	310.9	-268.3	-0.217	9.022
29.721	-9.137	311.0	-268.3	0.101	2.344
29.754	-9.073	311.0	-268.3	-0.308	-20.23
29.787	-9.026	311.0	-268.3	-1.056	4.936
29.821	-8.689	310.9	-268.4	-0.417	8.448
29.854	-8.874	310.9	-268.4	0.153	3.612
29.887	-8.745	310.9	-268.4	-0.637	-10.85
29.921	-8.643	310.9	-268.4	-0.444	
29.954	-8.584	310.9	-268.4		
