	mass A					
t	x	y	θ	ω	α	
0.000	-229.2	-207.2	-137.9	0	
0.033	-236.7	-198.3	-140.0	-87.23	
0.067	-248.5	-182.6	-143.7	-129.5	-1.308E3
0.100	-262.3	-159.6	-148.7	-173.5	-1.248E3
0.133	-278.3	-128.2	-155.3	-214.3	-1.165E3
0.167	-292.5	-89.63	-163.0	-249.8	-1.112E3
0.200	-302.2	-42.97	-171.9	-288.5	-903.6
0.233	-305.8	11.67	-182.2	-312.5	-610.7
0.267	-298.5	67.44	-192.7	-326.1	-441.1
0.300	-279.7	124.0	-203.9	-343.0	-398.5
0.333	-249.2	178.4	-215.6	-353.0	109.1
0.367	-207.7	226.2	-227.4	-338.0	103.9
0.400	-162.6	261.4	-238.1	-338.1	-153.2
0.433	-105.6	289.7	-250.0	-355.8	-190.4
0.466	-43.91	305.7	-261.8	-349.1	225.0
0.500	17.50	308.8	-273.2	-339.5	346.7
0.533	77.29	300.0	-284.4	-327.4	428.4
0.566	131.3	280.9	-295.1	-310.0	593.1
0.600	178.6	254.1	-305.1	-288.5	684.9
0.633	217.3	222.8	-314.3	-263.6	775.3
0.666	247.8	189.0	-322.7	-237.4	856.5
0.700	270.6	155.6	-330.1	-206.5	905.7
0.733	286.4	124.9	-336.4	-176.3	942.9
0.766	296.9	97.34	-341.8	-144.7	984.2
0.800	303.8	75.32	-346.1	-109.9	1.018E3
0.833	306.8	58.68	-349.2	-76.89	641.9
0.866	307.9	47.69	-351.2	-64.41	822.2
0.900	310.7	35.59	-353.5	-30.79	1.169E3
0.933	310.7	36.78	-353.2	22.39	1.310E3
0.966	309.6	43.65	-352.0	53.52	914.5
1.000	307.5	55.97	-349.7	83.34	868.9
1.033	303.8	73.37	-346.4	111.5	806.0
1.066	297.4	95.17	-342.3	137.1	685.8
1.100	287.6	120.4	-337.3	157.5	637.9
1.133	273.8	147.1	-331.8	178.4	605.4
1.166	255.2	176.1	-325.4	199.1	556.6
1.199	232.0	205.3	-318.5	214.9	414.0
1.233	203.2	233.1	-311.1	227.2	315.4
1.266	169.7	257.8	-303.4	235.5	219.5
1.299	132.0	278.4	-295.4	241.9	157.3
1.333	91.03	293.5	-287.2	246.0	35.91
1.366	47.90	303.0	-279.0	244.8	-94.40
1.399	4.911	306.6	-270.9	239.1	-214.1
1.433	-37.03	303.8	-263.1	230.8	-276.2
1.466	-76.36	296.0	-255.5	220.4	-354.4
1.499	-112.6	283.8	-248.4	207.6	-422.2
1.533	-144.6	268.5	-241.7	192.0	-492.3
1.566	-172.5	251.7	-235.6	174.8	-534.8
1.599	-195.9	233.9	-230.1	156.2	-580.3
1.633	-214.9	216.2	-225.2	136.2	-625.5
1.666	-230.0	199.8	-221.0	114.5	-659.0
1.699	-241.7	185.7	-217.5	92.17	-678.7
1.733	-250.1	174.1	-214.8	69.41	-695.8
1.766	-255.8	165.6	-212.9	45.77	-692.4
1.799	-259.1	160.6	-211.8	23.05	-672.6
1.833	-260.4	158.8	-211.4	1.165	-637.0
1.866	-259.4	160.2	-211.7	-19.66	-625.6
1.899	-256.5	164.6	-212.7	-40.17	-590.9
1.933	-251.6	172.2	-214.4	-59.52	-547.2
1.966	-244.7	182.1	-216.7	-76.34	-500.2
1.999	-235.6	194.0	-219.5	-92.81	-474.3
2.032	-223.8	207.5	-222.8	-108.1	-424.4
2.066	-209.2	221.8	-226.7	-121.1	-358.7
2.099	-192.3	236.7	-230.9	-132.0	-292.4
2.132	-172.9	251.3	-235.5	-140.6	-241.6
2.166	-151.3	265.1	-240.3	-147.9	-199.5
2.199	-127.5	277.5	-245.3	-154.1	-142.6
2.232	-101.8	288.1	-250.5	-157.5	-59.51
2.266	-74.85	296.3	-255.8	-158.0	-0.251
2.299	-47.46	302.1	-261.1	-157.3	47.92
2.332	-19.72	305.5	-266.3	-155.1	111.1
2.366	7.523	306.5	-271.4	-149.8	184.7
2.399	33.61	304.9	-276.3	-142.7	233.7
2.432	58.14	301.5	-280.9	-134.3	259.7
2.466	80.84	296.8	-285.2	-125.3	294.1
2.499	101.5	290.5	-289.3	-114.9	331.3
2.532	119.8	283.8	-292.9	-103.0	362.6
2.566	135.7	276.7	-296.1	-90.77	386.2
2.599	149.3	270.0	-298.9	-77.33	420.9
2.632	160.2	263.8	-301.3	-62.64	440.2
2.666	168.8	258.8	-303.1	-47.90	443.1
2.699	174.8	254.7	-304.5	-33.20	441.8
2.732	178.7	252.1	-305.3	-18.40	473.2
2.765	180.4	251.1	-305.7	-1.945	450.8
2.799	177.3	249.0	-305.5	12.46	416.6
2.832	174.7	250.7	-304.9	24.98	373.8
2.865	169.9	253.8	-303.8	37.88	370.3
2.899	163.4	258.1	-302.3	49.39	345.5
2.932	155.0	263.1	-300.5	60.96	329.3
2.965	144.6	268.7	-298.3	71.44	296.8
2.999	132.4	274.7	-295.7	80.67	245.2
3.032	118.7	280.9	-292.9	87.97	207.0
3.065	103.6	286.5	-289.9	94.16	166.7
3.099	87.18	291.9	-286.6	99.35	132.9
3.132	69.85	296.5	-283.3	102.9	81.97
3.165	51.68	300.0	-279.8	105.0	46.36
3.199	33.17	302.3	-276.3	105.8	-0.660
3.232	14.47	303.8	-272.7	105.1	-45.47
3.265	-3.931	304.0	-269.3	102.6	-91.93
3.299	-21.79	303.2	-265.9	99.02	-124.9
3.332	-38.83	301.5	-262.7	94.25	-168.7
3.365	-54.83	299.0	-259.6	87.86	-208.9
3.399	-69.38	295.9	-256.8	80.19	-213.4
3.432	-82.42	292.5	-254.3	73.48	-221.9
3.465	-94.38	288.9	-251.9	65.84	-252.0
3.499	-104.6	285.5	-249.9	56.37	-279.4
3.532	-113.1	282.2	-248.2	47.23	-284.9
3.565	-120.1	279.3	-246.7	37.51	-296.2
3.598	-125.3	277.0	-245.7	27.34	-297.1
3.632	-128.9	275.2	-244.9	17.71	-293.4
3.665	-131.0	274.4	-244.5	7.895	-290.0
3.698	-131.5	274.2	-244.4	-1.762	-281.9
3.732	-130.5	274.6	-244.6	-10.80	-249.7
3.765	-128.0	275.7	-245.1	-18.58	-236.5
3.798	-124.5	277.4	-245.8	-26.22	-218.4
3.832	-119.6	279.7	-246.8	-33.51	-202.8
3.865	-113.7	282.2	-248.1	-39.50	-173.3
3.898	-106.6	284.8	-249.5	-45.15	-160.3
3.932	-98.67	287.7	-251.1	-50.14	-141.3
3.965	-89.84	290.6	-252.8	-54.60	-120.1
3.998	-80.15	293.2	-254.7	-58.16	-102.8
4.032	-69.90	295.6	-256.7	-61.34	-86.20
4.065	-59.03	298.0	-258.8	-64.02	-46.56
4.098	-47.69	299.9	-261.0	-64.57	-23.02
4.132	-36.52	301.7	-263.1	-65.14	8.145
4.165	-24.89	302.9	-265.3	-64.60	32.66
4.198	-13.77	303.7	-267.4	-62.45	70.13
4.232	-2.838	303.9	-269.5	-60.23	61.37
4.265	7.521	304.0	-271.4	-58.05	83.53
4.298	17.68	303.6	-273.3	-55.08	109.1
4.331	26.98	303.1	-275.1	-50.48	123.7
4.365	35.48	302.1	-276.7	-46.78	132.7
4.398	43.42	301.2	-278.2	-41.98	165.5
4.431	50.19	300.1	-279.5	-35.48	180.4
4.465	55.85	299.3	-280.6	-29.86	174.8
4.498	60.64	298.5	-281.5	-24.09	180.7
4.531	64.25	297.8	-282.2	-17.64	189.6
4.565	66.74	297.1	-282.7	-11.48	175.3
4.598	68.18	296.7	-282.9	-5.882	170.8
4.631	68.73	296.5	-283.1	-0.256	161.6
4.665	68.23	296.6	-283.0	5.088	162.1
4.698	66.97	296.8	-282.7	10.32	143.4
4.731	64.68	297.4	-282.3	14.94	140.7
4.765	61.80	298.0	-281.7	19.34	128.1
4.798	57.96	298.7	-281.0	23.79	128.8
4.831	53.55	299.6	-280.1	27.69	123.7
4.865	48.31	300.4	-279.1	32.11	106.0
4.898	42.29	301.2	-278.0	34.97	75.43
4.931	36.02	301.9	-276.8	36.84	41.85
4.965	29.35	302.8	-275.5	38.02	36.15
4.998	22.65	303.2	-274.3	38.93	32.90
5.031	15.61	303.7	-272.9	40.42	15.64
5.065	8.375	304.0	-271.6	40.11	-8.288
5.098	1.432	304.1	-270.3	39.51	-20.94
5.131	-5.597	304.1	-268.9	39.01	-32.54
5.164	-12.36	303.7	-267.7	37.24	-51.38
5.198	-18.75	303.5	-266.5	35.50	-56.66
5.231	-24.88	303.0	-265.3	33.58	-69.63
5.264	-30.60	302.6	-264.2	30.83	-82.44
5.298	-35.73	301.9	-263.2	28.01	-93.02
5.331	-40.42	301.3	-262.4	24.77	-105.9
5.364	-44.40	300.6	-261.6	20.86	-114.8
5.398	-47.69	300.0	-261.0	17.09	-116.4
5.431	-50.38	299.8	-260.5	13.17	-105.7
5.464	-52.32	299.5	-260.1	9.870	-94.90
5.498	-53.82	299.2	-259.8	7.043	-103.6
5.531	-54.75	299.0	-259.6	3.006	-112.8
5.564	-54.85	298.9	-259.6	-0.729	-113.8
5.598	-54.50	299.1	-259.7	-4.301	-99.64
5.631	-53.33	299.1	-259.9	-7.654	-77.17
5.664	-51.79	299.2	-260.2	-9.361	-74.71
5.698	-50.06	299.6	-260.5	-12.30	-86.65
5.731	-47.50	300.0	-261.0	-15.59	-81.85
5.764	-44.64	300.5	-261.6	-17.54	-41.74
5.798	-41.40	301.0	-262.2	-18.53	-30.96
5.831	-38.16	301.5	-262.8	-19.33	-21.91
5.864	-34.62	302.0	-263.5	-20.22	-26.36
5.897	-31.05	302.3	-264.1	-20.91	-21.74
5.931	-27.25	302.5	-264.9	-21.80	-27.11
5.964	-23.36	302.8	-265.6	-22.62	-12.38
5.997	-19.28	303.0	-266.4	-22.80	6.500
6.031	-15.34	303.5	-267.1	-22.06	14.05
6.064	-11.51	303.7	-267.8	-21.79	19.00
6.097	-7.648	303.9	-268.6	-21.00	28.07
6.131	-4.093	303.9	-269.2	-19.71	34.25
6.164	-0.679	304.0	-269.9	-18.81	33.15
6.197	2.556	304.1	-270.5	-17.52	56.23
6.231	5.518	304.0	-271.0	-15.14	65.13
6.264	7.910	304.0	-271.5	-12.92	54.80
6.297	10.08	303.8	-271.9	-11.64	47.90
6.331	12.02	303.6	-272.3	-9.793	49.89
6.364	13.54	303.7	-272.6	-8.140	56.54
6.397	14.90	303.7	-272.8	-6.259	55.80
6.431	15.76	303.7	-273.0	-4.183	65.86
6.464	16.39	303.8	-273.1	-2.086	51.98
6.497	16.50	303.8	-273.1	-0.437	57.63
6.531	16.54	303.8	-273.1	1.384	61.46
6.564	16.01	303.8	-273.0	3.948	67.21
6.597	15.14	303.7	-272.9	5.785	47.28
6.631	13.96	303.8	-272.6	7.141	29.39
6.664	12.61	303.8	-272.4	7.739	27.78
6.697	11.22	303.8	-272.1	8.820	25.29
6.730	9.494	303.8	-271.8	9.697	24.66
6.764	7.794	303.8	-271.5	10.21	23.40
6.797	5.881	303.7	-271.1	11.36	25.51
6.830	3.777	303.7	-270.7	11.97	7.694
6.864	1.651	303.7	-270.3	11.85	-2.812
6.897	-0.407	303.7	-269.9	11.71	-13.63
6.930	-2.487	303.7	-269.5	11.08	-4.222
6.964	-4.321	303.7	-269.2	11.12	1.480
6.997	-6.420	303.9	-268.8	11.53	4.016
7.030	-8.402	303.9	-268.4	11.19	-11.84
7.064	-10.38	303.8	-268.0	10.83	-15.56
7.097	-12.23	303.7	-267.7	10.12	-21.77
7.130	-13.95	303.6	-267.4	9.377	-29.48
7.164	-15.54	303.6	-267.1	8.214	-32.35
7.197	-16.85	303.5	-266.8	7.091	-32.46
7.230	-18.04	303.4	-266.6	6.159	-37.97
7.264	-19.02	303.3	-266.4	4.574	-42.57
7.297	-19.66	303.4	-266.3	3.187	-37.77
7.330	-20.15	303.3	-266.2	2.168	-38.08
7.364	-20.42	303.3	-266.1	0.661	-32.79
7.397	-20.38	303.3	-266.2	-0.192	-13.38
7.430	-20.36	303.3	-266.2	-9.808E-2	-28.71
7.463	-20.35	303.3	-266.2	-1.840	-43.01
7.497	-19.70	303.3	-266.3	-3.503	-26.31
7.530	-19.10	303.3	-266.4	-3.309	-5.781
7.563	-18.54	303.4	-266.5	-3.809	-1.338
7.597	-17.76	303.4	-266.6	-3.668	-9.843
7.630	-17.24	303.4	-266.7	-4.031	-17.88
7.663	-16.34	303.5	-266.9	-5.244	-25.08
7.697	-15.39	303.6	-267.1	-5.568	-6.483
7.730	-14.38	303.6	-267.3	-5.710	-2.238
7.763	-13.38	303.7	-267.5	-5.680	1.065
7.797	-12.37	303.7	-267.7	-5.651	1.136
7.830	-11.38	303.8	-267.9	-5.597	1.164
7.863	-10.39	303.8	-268.0	-5.574	7.274
7.897	-9.411	303.9	-268.2	-5.171	9.369
7.930	-8.569	303.9	-268.4	-4.829	9.996
7.963	-7.706	304.0	-268.5	-4.616	16.92
7.997	-6.935	303.8	-268.7	-3.707	20.35
8.030	-6.394	303.9	-268.8	-3.109	20.05
8.063	-5.836	303.9	-268.9	-2.559	7.934
8.097	-5.490	304.0	-269.0	-2.351	24.14
8.130	-5.006	303.9	-269.1	-1.343	22.86
8.163	-5.015	303.9	-269.1	-0.322	23.27
8.197	-4.892	303.9	-269.1	-0.171	0.487
8.230	-4.954	303.9	-269.1	-3.299E-2	-1.543
8.263	-4.880	303.9	-269.1	-0.453	
8.296	-4.794	303.9	-269.1		0
