	mass A					
t	x	y	θ	ω	α	
0.433	298.5	-92.55	-17.23		
0.466	297.8	-94.11	-17.54	2.635	
0.500	298.5	-91.56	-17.05	35.28	1.087E3
0.533	301.3	-81.79	-15.19	76.34	1.239E3
0.566	305.3	-64.69	-11.96	117.7	1.164E3
0.600	310.1	-39.97	-7.344	154.7	1.071E3
0.633	312.4	-9.030	-1.656	188.2	986.8
0.666	311.1	28.29	5.196	220.9	1.032E3
0.700	303.8	70.52	13.07	256.0	872.0
0.733	288.9	118.2	22.25	281.6	6.501E3
0.766	265.1	164.6	31.84	638.0	-2.430E3
0.800	152.0	322.5	64.77	315.2	-5.336E3
0.833	187.9	247.9	52.84	-9.746	-2.562E3
0.866	135.5	279.4	64.12	339.9	6.021E3
0.900	77.68	300.1	75.49	342.0	81.98
0.933	16.68	309.0	86.91	345.1	-49.91
0.966	-45.60	305.7	98.48	340.3	-344.5
1.000	-103.4	290.6	109.6	321.4	-445.1
1.033	-155.4	270.2	119.9	308.5	-616.6
1.066	-200.7	238.1	130.1	284.9	-646.1
1.100	-234.3	204.5	138.9	259.6	-684.8
1.133	-261.9	167.2	147.4	243.4	-626.5
1.166	-281.6	130.7	155.1	216.5	-857.1
1.199	-294.4	96.43	161.9	186.6	-933.8
1.233	-302.6	66.84	167.5	154.0	-964.0
1.266	-306.5	42.39	172.1	122.1	-977.1
1.299	-308.6	23.28	175.7	89.35	-994.1
1.333	-309.0	10.36	178.1	55.44	-1.020E3
1.366	-309.1	3.350	179.4	21.66	-1.003E3
1.399	-308.9	2.570	179.5	-11.68	-987.3
1.433	-308.9	7.545	178.6	-43.91	-959.8
1.466	-308.8	18.36	176.6	-75.75	-918.6
1.499	-307.6	34.76	173.6	-105.3	-875.5
1.533	-305.0	56.08	169.6	-133.7	-815.7
1.566	-299.5	82.28	164.6	-160.1	-719.3
1.599	-290.4	112.0	158.9	-181.6	-457.2
1.633	-276.9	143.9	152.5	-191.6	-549.5
1.666	-253.0	169.7	146.1	-213.8	-644.0
1.699	-227.7	203.0	138.3	-240.1	-610.8
1.733	-197.0	233.6	130.1	-251.6	-290.2
1.766	-160.0	260.9	121.5	-260.6	-202.7
1.799	-118.7	282.6	112.8	-264.4	-63.84
1.833	-73.95	298.7	103.9	-265.3	-29.19
1.866	-27.43	307.2	95.10	-265.5	56.41
1.899	20.42	308.4	86.21	-262.7	146.4
1.933	66.52	302.5	77.60	-254.9	255.1
1.966	110.1	290.2	69.22	-246.0	348.7
1.999	149.8	272.6	61.21	-231.9	424.3
2.032	184.2	251.4	53.77	-216.9	494.2
2.066	213.8	227.3	46.75	-200.0	567.1
2.099	237.8	202.7	40.45	-178.5	671.5
2.132	257.0	179.0	34.86	-155.4	129.2
2.166	271.2	157.1	30.09	-164.8	522.1
2.199	303.0	134.1	23.88	-135.8	1.153E3
2.232	309.9	119.2	21.04	-72.23	1.429E3
2.266	314.4	108.6	19.06	-46.07	782.0
2.299	316.7	102.7	17.97	-20.01	780.6
2.332	317.0	101.4	17.73	5.842	764.6
2.366	316.0	104.9	18.36	31.10	752.6
2.399	313.0	112.7	19.80	55.83	731.7
2.432	307.6	124.8	22.08	80.03	711.1
2.466	299.6	140.6	25.14	103.1	666.9
2.499	288.6	159.7	28.95	124.6	633.0
2.532	273.9	180.9	33.44	145.1	567.8
2.566	255.0	203.7	38.62	162.9	505.3
2.599	232.1	226.5	44.30	178.3	438.4
2.632	204.4	247.9	50.50	192.4	414.7
2.666	173.0	267.7	57.12	205.6	338.5
2.699	137.2	283.8	64.20	215.6	245.0
2.732	99.01	295.7	71.49	221.5	143.3
2.765	59.09	302.8	78.96	225.3	62.48
2.799	18.58	304.4	86.51	225.7	-41.78
2.832	-21.02	300.8	94.00	222.5	-108.3
2.865	-58.63	292.6	101.3	218.2	-194.4
2.899	-93.89	280.0	108.5	210.2	-281.1
2.932	-125.3	264.6	115.3	198.7	-379.0
2.965	-153.1	247.0	121.8	185.4	-448.2
2.999	-176.4	228.2	127.7	168.6	-541.8
3.032	-195.9	209.9	133.0	149.4	-602.4
3.065	-211.3	192.6	137.6	128.3	-664.2
3.099	-223.4	177.3	141.6	105.3	-704.8
3.132	-232.1	164.5	144.7	81.07	-721.6
3.165	-238.2	154.9	147.0	57.26	-739.3
3.199	-242.1	148.4	148.5	32.06	-758.2
3.232	-243.5	145.7	149.1	6.345	-745.3
3.265	-242.9	146.5	148.9	-17.55	-705.4
3.299	-240.5	150.7	147.9	-40.58	-680.8
3.332	-236.0	158.0	146.2	-62.97	-636.8
3.365	-229.4	168.2	143.7	-83.18	-587.3
3.399	-220.4	180.6	140.7	-101.9	-546.3
3.432	-208.9	195.1	137.0	-119.8	-508.9
3.465	-194.6	211.0	132.7	-135.8	-457.6
3.499	-177.2	227.6	127.9	-150.2	-377.5
3.532	-156.5	244.1	122.7	-161.2	-297.9
3.565	-133.3	259.7	117.2	-169.6	-231.4
3.598	-107.1	273.8	111.4	-176.8	884.6
3.632	-78.62	285.9	105.4	-119.5	483.4
3.665	-71.73	301.1	103.4	-118.5	-478.2
3.698	-40.34	307.4	97.48	-177.1	-975.6
3.732	-8.678	310.1	91.60	-175.0	77.98
3.765	22.67	309.6	85.81	-171.9	130.1
3.798	53.16	306.2	80.15	-166.5	211.0
3.832	81.96	300.0	74.72	-157.9	277.4
3.865	108.3	291.8	69.63	-147.7	307.9
3.898	132.3	282.1	64.87	-137.4	337.3
3.932	153.7	271.4	60.47	-125.4	403.6
3.965	172.1	260.2	56.52	-110.6	459.0
3.998	187.4	249.7	53.11	-94.55	478.2
4.032	199.9	240.1	50.22	-78.73	508.1
4.065	209.7	231.8	47.86	-60.95	543.2
4.098	216.6	225.5	46.16	-42.14	567.0
4.132	220.9	221.3	45.05	-23.41	567.7
4.165	222.7	219.6	44.60	-4.152	557.6
4.198	221.9	220.1	44.77	13.85	523.8
4.232	219.1	223.1	45.52	30.64	500.9
4.265	214.0	228.0	46.82	47.20	487.5
4.298	206.4	234.6	48.66	63.20	473.9
4.331	196.4	242.8	51.03	78.69	425.0
4.365	183.9	252.3	53.91	91.87	382.1
4.398	169.4	262.3	57.15	103.7	351.1
4.431	152.1	272.4	60.82	115.5	322.9
4.465	132.4	282.1	64.85	125.2	248.4
4.498	110.8	291.1	69.16	132.2	199.6
4.531	87.60	298.7	73.66	138.2	156.1
4.565	62.68	304.6	78.37	142.9	98.12
4.598	36.87	308.4	83.18	144.6	25.44
4.631	10.77	310.0	88.01	144.6	-24.63
4.665	-15.22	309.5	92.82	143.0	-79.66
4.698	-40.63	306.9	97.54	139.3	-145.0
4.731	-64.82	302.3	102.1	133.3	-190.4
4.765	-87.34	296.3	106.4	126.4	-237.6
4.798	-108.2	289.1	110.5	117.8	-280.3
4.831	-126.8	281.2	114.3	107.4	-315.6
4.865	-143.2	272.9	117.7	96.86	-355.6
4.898	-157.3	264.7	120.7	83.97	-395.8
4.931	-169.0	257.4	123.3	70.10	-406.3
4.965	-178.3	250.9	125.4	57.04	-427.0
4.998	-185.5	245.5	127.1	41.91	-451.1
5.031	-190.1	241.7	128.2	26.46	-449.3
5.065	-192.9	239.5	128.8	12.26	-437.1
5.098	-193.6	239.0	129.0	-2.671	-441.8
5.131	-192.3	240.3	128.7	-17.32	-412.7
5.164	-188.8	242.9	127.9	-30.24	-391.9
5.198	-183.7	246.8	126.7	-43.13	-370.8
5.231	-176.4	252.2	125.0	-55.35	-358.0
5.264	-167.5	258.3	123.0	-66.62	-327.9
5.298	-156.6	265.5	120.5	-77.47	-310.6
5.331	-143.8	272.7	117.8	-87.15	-253.5
5.364	-129.0	280.1	114.7	-94.69	-213.9
5.398	-113.1	287.2	111.5	-101.0	-178.3
5.431	-95.51	293.8	108.0	-106.9	-134.8
5.464	-76.73	299.5	104.4	-110.0	-90.92
5.498	-57.34	304.1	100.7	-112.6	-57.20
5.531	-37.02	307.4	96.87	-114.2	-6.696
5.564	-16.58	309.5	93.07	-112.9	40.28
5.598	3.554	310.2	89.34	-111.3	60.27
5.631	23.55	309.6	85.65	-109.2	107.7
5.664	42.87	307.7	82.07	-104.2	158.0
5.698	60.86	304.8	78.71	-98.29	197.5
5.731	77.82	301.3	75.52	-91.38	225.5
5.764	92.95	297.0	72.62	-82.97	243.3
5.798	106.5	292.5	69.99	-75.17	259.1
5.831	118.6	287.9	67.61	-65.98	315.9
5.864	128.7	283.7	65.59	-54.03	348.8
5.897	136.6	280.2	64.01	-42.39	337.5
5.931	142.7	277.3	62.77	-31.78	330.1
5.964	147.0	275.3	61.89	-20.40	340.5
5.997	149.3	273.9	61.41	-8.974	347.7
6.031	149.8	273.5	61.29	2.635	345.3
6.064	148.4	274.2	61.59	14.20	342.1
6.097	145.3	276.0	62.24	25.32	323.5
6.131	140.2	278.5	63.27	35.89	310.8
6.164	133.6	281.7	64.63	45.91	286.5
6.197	125.1	285.4	66.33	55.15	267.4
6.231	115.1	289.4	68.31	63.56	236.3
6.264	103.6	293.6	70.57	71.07	214.8
6.297	90.81	297.8	73.04	77.70	180.9
6.331	76.61	301.6	75.75	83.32	141.6
6.364	61.50	304.9	78.60	87.05	95.65
6.397	45.68	307.4	81.55	89.66	71.53
6.431	29.38	309.1	84.57	91.78	39.70
6.464	12.65	310.0	87.66	92.50	0.518
6.497	-3.973	310.0	90.73	91.64	-50.22
6.531	-20.38	309.2	93.77	89.30	-74.66
6.564	-36.05	307.6	96.68	86.40	-108.7
6.597	-51.22	305.2	99.53	82.40	-139.0
6.631	-65.23	302.3	102.2	76.83	-159.3
6.664	-78.16	299.0	104.6	71.77	-183.7
6.697	-90.07	295.4	107.0	64.94	-225.8
6.730	-100.4	291.9	109.0	56.39	-255.9
6.764	-109.2	288.7	110.7	47.97	-263.2
6.797	-116.4	285.7	112.2	38.88	-269.4
6.830	-122.1	283.4	113.3	29.88	-272.6
6.864	-126.3	281.5	114.2	20.86	-276.2
6.897	-128.9	280.3	114.7	11.39	-276.8
6.930	-130.0	279.8	114.9	2.376	-269.0
6.964	-129.6	279.8	114.9	-6.455	-265.7
6.997	-127.8	280.6	114.5	-15.38	-263.1
7.030	-124.7	282.3	113.8	-23.99	-246.4
7.064	-120.1	284.3	112.9	-31.85	-228.4
7.097	-114.1	286.7	111.7	-39.13	-206.2
7.130	-107.1	289.7	110.3	-45.70	-191.8
7.164	-98.84	292.6	108.7	-51.77	-172.1
7.197	-89.49	295.8	106.8	-57.30	-139.9
7.230	-79.24	299.0	104.8	-61.12	-107.5
7.264	-68.32	301.7	102.8	-64.30	-102.6
7.297	-56.70	304.1	100.6	-67.97	-85.35
7.330	-44.30	306.3	98.23	-70.24	-41.44
7.364	-31.73	308.1	95.88	-70.55	-8.764
7.397	-19.07	309.3	93.53	-70.75	1.503
7.430	-6.303	310.0	91.16	-70.58	43.09
7.463	6.359	310.3	88.83	-68.03	71.59
7.497	18.25	309.9	86.63	-65.32	80.65
7.530	29.92	309.2	84.47	-63.06	95.49
7.563	40.97	308.2	82.43	-58.91	130.0
7.597	51.08	306.8	80.55	-54.25	153.5
7.630	60.34	305.1	78.81	-48.84	167.1
7.663	68.42	303.4	77.29	-42.92	183.7
7.697	75.50	301.8	75.95	-36.76	181.7
7.730	81.33	300.2	74.84	-30.62	200.2
7.763	86.24	299.1	73.91	-23.73	215.9
7.797	89.66	298.1	73.26	-15.95	224.6
7.830	91.81	297.5	72.85	-8.822	219.5
7.863	92.74	297.3	72.67	-1.395	208.3
7.897	92.29	297.4	72.76	5.281	209.5
7.930	90.88	297.7	73.03	12.20	206.2
7.963	88.01	298.5	73.57	19.38	190.3
7.997	84.09	299.5	74.32	24.81	173.6
8.030	79.35	300.8	75.22	30.71	175.7
8.063	73.33	302.3	76.36	36.81	165.7
8.097	66.38	303.9	77.68	41.68	134.7
8.130	58.59	305.4	79.14	45.79	110.5
8.163	50.06	306.7	80.73	49.04	91.32
8.197	41.05	308.0	82.41	51.82	85.37
8.230	31.48	309.0	84.18	54.71	60.72
8.263	21.36	309.7	86.05	56.11	31.59
8.296	11.25	309.9	87.92	56.49	0.109
8.330	0.977	310.1	89.82	56.36	-12.07
8.363	-9.071	309.8	91.68	55.48	-36.11
8.396	-19.01	309.4	93.52	54.13	-51.86
8.430	-28.53	308.5	95.28	51.91	-76.73
8.463	-37.61	307.4	96.98	49.09	-100.2
8.496	-46.05	306.1	98.56	45.22	-113.4
8.530	-53.69	304.8	99.99	41.39	-130.8
8.563	-60.68	303.3	101.3	36.77	-142.2
8.596	-66.64	302.1	102.4	31.62	-161.7
8.630	-71.79	300.9	103.4	26.25	-160.7
8.663	-75.80	299.8	104.2	20.65	-166.4
8.696	-78.94	298.8	104.8	15.34	-160.1
8.730	-81.09	298.3	105.2	9.863	-170.2
8.763	-82.38	298.0	105.5	4.127	-171.5
8.796	-82.51	297.8	105.5	-1.720	-169.0
8.830	-81.74	298.0	105.3	-7.071	-159.2
8.863	-80.03	298.4	105.0	-12.33	-147.1
8.896	-77.46	299.2	104.5	-16.95	-141.8
8.930	-74.18	300.1	103.9	-21.61	-122.6
8.963	-69.94	301.1	103.1	-25.42	-105.4
8.996	-65.31	302.3	102.2	-28.33	-99.75
9.029	-60.03	303.5	101.2	-32.12	-102.7
9.063	-54.02	304.8	100.1	-35.34	-80.54
9.096	-47.55	306.0	98.83	-37.41	-62.92
9.129	-40.75	307.1	97.56	-39.44	-57.67
9.163	-33.50	308.1	96.21	-41.35	-40.44
9.196	-25.95	308.9	94.80	-42.18	-19.19
9.229	-18.36	309.5	93.39	-42.50	11.90
9.263	-10.66	309.9	91.97	-41.61	17.20
9.296	-3.367	310.1	90.62	-40.93	28.66
9.329	4.102	310.3	89.24	-40.18	36.54
9.363	11.13	310.2	87.94	-38.18	63.48
9.396	17.88	309.9	86.70	-36.09	71.29
9.429	24.15	309.6	85.54	-33.37	78.99
9.463	29.90	309.1	84.47	-30.79	90.93
9.496	35.21	308.4	83.49	-27.48	101.2
9.529	39.78	308.1	82.64	-23.82	107.6
9.563	43.78	307.6	81.90	-20.44	121.9
9.596	47.11	307.2	81.28	-15.78	140.7
9.629	49.42	306.8	80.85	-10.84	136.4
9.663	50.98	306.6	80.56	-6.752	124.7
9.696	51.84	306.5	80.40	-2.597	124.5
9.729	51.92	306.6	80.39	1.613	130.5
9.763	51.29	306.7	80.51	6.013	113.4
9.796	49.76	306.8	80.79	9.426	110.8
9.829	47.86	306.9	81.14	12.98	110.0
9.862	45.07	307.1	81.65	17.11	108.1
9.896	41.76	307.9	82.28	20.08	86.03
9.929	37.91	308.3	82.99	22.82	75.42
9.962	33.56	308.7	83.80	25.15	68.94
9.996	28.86	309.1	84.67	27.33	64.42
10.029	23.71	309.4	85.62	29.51	59.58
10.062	18.22	309.7	86.63	31.29	44.08
10.096	12.44	310.1	87.70	32.47	8.552
10.129	6.511	310.1	88.80	31.99	-4.654
10.162	0.900	309.9	89.83	31.77	7.614E-2
10.196	-4.945	310.0	90.91	32.32	-5.856
10.229	-10.75	309.9	91.99	31.37	-32.07
10.262	-16.24	309.5	93.00	30.03	-37.37
10.296	-21.56	309.2	93.99	28.94	-48.67
10.329	-26.65	308.8	94.93	26.90	-76.20
10.362	-31.21	308.3	95.78	23.77	-80.94
10.396	-35.14	307.6	96.52	21.35	-71.84
10.429	-38.82	307.2	97.20	19.20	-75.38
10.462	-42.01	306.8	97.80	16.26	-88.75
10.496	-44.60	306.2	98.29	13.25	-95.20
10.529	-46.71	306.0	98.68	9.980	-101.2
10.562	-48.16	305.8	98.95	6.441	-104.5
10.595	-49.03	305.8	99.11	3.028	-99.38
10.629	-49.28	305.8	99.15	-0.199	-89.47
10.662	-48.96	305.8	99.10	-2.958	-89.67
10.695	-48.21	305.9	98.96	-6.039	-82.01
10.729	-46.80	306.1	98.69	-8.670	-75.94
10.762	-45.14	306.5	98.38	-10.85	-71.67
10.795	-42.91	306.5	97.97	-13.55	-73.36
10.829	-40.27	306.9	97.48	-15.78	-63.87
10.862	-37.27	307.2	96.92	-17.75	-56.11
10.895	-33.94	307.8	96.29	-19.56	-46.37
10.929	-30.29	308.1	95.61	-20.84	-36.07
10.962	-26.47	308.5	94.90	-21.92	-32.68
10.995	-22.43	308.8	94.15	-23.04	-15.64
11.029	-18.19	309.0	93.37	-23.09	-1.278
11.062	-14.14	309.5	92.62	-22.87	3.978
11.095	-9.978	309.8	91.84	-22.99	6.946
11.129	-5.862	310.0	91.08	-22.40	13.76
11.162	-1.907	310.1	90.35	-21.96	15.16
11.195	2.058	310.2	89.62	-21.53	21.15
11.229	5.859	310.2	88.92	-20.50	36.12
11.262	9.459	310.3	88.25	-19.13	41.19
11.295	12.77	310.2	87.64	-17.70	59.35
11.329	15.84	309.9	87.07	-15.35	75.30
11.362	18.30	309.9	86.62	-12.46	75.57
11.395	20.33	309.7	86.24	-10.35	54.03
11.428	22.04	309.7	85.93	-8.849	48.07
11.462	23.52	309.5	85.65	-7.253	64.75
11.495	24.64	309.4	85.45	-4.572	90.31
11.528	25.17	309.5	85.35	-1.149	79.30
11.562	25.06	309.5	85.37	0.924	64.68
11.595	24.83	309.4	85.41	2.786	57.83
11.628	24.06	309.6	85.56	5.063	64.43
11.662	23.00	309.5	85.75	6.914	46.88
11.695	21.56	309.6	86.02	8.351	49.96
11.728	19.99	309.6	86.31	9.991	51.54
11.762	17.95	309.7	86.68	12.01	38.59
11.795	15.67	310.0	87.11	12.60	38.14
11.828	13.42	310.0	87.52	14.17	27.09
11.862	10.55	310.0	88.05	15.02	25.63
11.895	7.995	310.0	88.52	15.24	16.41
11.928	5.053	310.0	89.07	16.52	24.15
11.962	2.037	309.9	89.62	16.76	-0.348
11.995	-0.988	309.8	90.18	16.51	-2.233
12.028	-3.912	309.7	90.72	16.49	-1.946
12.062	-6.931	309.9	91.28	16.53	-8.817
12.095	-9.870	309.8	91.82	15.86	-20.87
12.128	-12.65	309.7	92.34	15.08	-25.45
12.161	-15.30	309.6	92.83	14.21	-31.95
12.195	-17.76	309.3	93.29	12.96	-38.32
12.228	-19.96	309.3	93.69	11.62	-38.29
12.261	-21.95	309.2	94.06	10.41	-44.75
12.295	-23.71	309.1	94.39	8.714	-51.08
12.328	-25.08	309.0	94.64	6.881	-56.56
12.361	-26.18	308.9	94.85	5.055	-59.26
12.395	-26.90	308.9	94.98	2.874	-65.61
12.428	-27.22	308.8	95.04	0.691	-45.04
12.461	-27.15	308.8	95.02	-0.305	-51.07
12.495	-27.11	308.8	95.02	-2.232	-53.55
12.528	-26.35	308.9	94.87	-4.445	-52.80
12.561	-25.52	309.0	94.72	-5.399	-33.30
12.595	-24.40	309.0	94.52	-6.775	-28.35
12.628	-23.08	309.1	94.27	-7.351	-20.18
12.661	-21.76	309.2	94.03	-7.939	-30.67
12.695	-20.22	309.3	93.74	-9.445	-33.17
12.728	-18.36	309.5	93.40	-10.32	-25.49
12.761	-16.51	309.6	93.05	-10.92	-9.692
12.795	-14.43	309.6	92.67	-11.20	-2.762
12.828	-12.47	309.7	92.31	-10.91	4.035
12.861	-10.50	309.8	91.94	-10.99	-1.789
12.895	-8.515	309.9	91.57	-11.03	5.034
12.928	-6.526	310.0	91.21	-10.71	20.64
12.961	-4.658	310.1	90.86	-9.654	16.88
12.994	-3.046	310.2	90.56	-9.361	5.594
13.028	-1.281	310.2	90.24	-9.541	11.43
13.061	0.395	310.2	89.93	-8.574	21.20
13.094	1.812	310.3	89.67	-7.942	33.29
13.128	3.262	310.3	89.40	-6.677	35.46
13.161	4.222	310.3	89.22	-5.197	32.64
13.194	5.140	310.4	89.05	-4.713	20.25
13.228	5.926	310.4	88.91	-3.836	20.50
13.261	6.525	310.4	88.80	-3.260	40.15
13.294	7.102	310.4	88.69	-1.465	44.88
13.328	7.054	310.4	88.70	0.224	30.15
13.361	7.022	310.4	88.70	0.271	24.46
13.394	6.957	310.4	88.72	1.695	42.34
13.428	6.410	310.4	88.82	3.407	30.15
13.461	5.726	310.4	88.94	3.642	9.783
13.494	5.094	310.4	89.06	3.906	22.45
13.528	4.316	310.4	89.20	5.154	26.91
13.561	3.233	310.4	89.40	5.897	10.93
13.594	2.186	310.3	89.60	5.742	6.320
13.628	1.159	310.3	89.79	6.237	7.471
13.661	-6.550E-2	310.3	90.01	6.452	1.694
13.694	-1.169	310.2	90.22	6.169	4.062
13.727	-2.291	310.2	90.42	6.716	17.70
13.761	-3.591	310.1	90.66	7.448	4.353
13.794	-4.977	310.1	90.92	7.087	-14.54
13.827	-6.147	310.0	91.14	6.301	-18.79
13.861	-7.248	310.0	91.34	5.899	-10.43
13.894	-8.272	309.9	91.53	5.586	-7.834
13.927	-9.261	309.9	91.71	5.392	-7.724
13.961	-10.22	309.9	91.89	5.087	-5.534
13.994	-11.09	309.8	92.05	4.965	-11.10
14.027	-12.00	309.7	92.22	4.484	-12.55
14.061	-12.71	309.7	92.35	3.950	-29.73
14.094	-13.43	309.7	92.48	2.767	-27.41
14.127	-13.71	309.7	92.53	1.743	-27.10
14.161	-14.05	309.7	92.60	1.284	-17.95
14.194	-14.17	309.7	92.62	0.371	-20.82
14.227	-14.19	309.7	92.62	-6.079E-2	-7.429
14.261	-14.15	309.7	92.62	-0.148	-19.25
14.294	-14.13	309.7	92.61	-1.141	-20.39
14.327	-13.74	309.7	92.54	-1.875	-25.35
14.361	-13.46	309.7	92.49	-2.448	-8.932
14.394	-12.85	309.7	92.38	-2.854	-9.741
14.427	-12.43	309.8	92.30	-2.761	3.645
14.461	-11.86	309.8	92.19	-2.849	-10.67
14.494	-11.41	309.8	92.11	-3.219	-2.249
14.527	-10.70	309.8	91.98	-3.330	-4.918
14.560	-10.20	309.9	91.89	-3.213	-6.679
14.594	-9.542	309.9	91.76	-3.954	-1.593
14.627	-8.780	309.9	91.62	-3.441	6.499
14.660	-8.303	310.0	91.53	-3.183	11.29
14.694	-7.636	310.1	91.41	-3.046	-2.402
14.727	-7.205	310.0	91.33	-2.991	-5.760
14.760	-6.556	310.1	91.21	-3.686	-2.969
14.794	-5.875	310.0	91.09	-3.208	9.427
14.827	-5.399	310.1	91.00	-2.854	11.90
14.860	-4.847	310.1	90.90	-2.619	-0.509
14.894	-4.455	310.1	90.82	-2.661	13.65
14.927	-3.888	310.1	90.72	-2.067	9.351
14.960	-3.710	310.2	90.69	-1.575	11.42
14.994	-3.319	310.1	90.61	-1.696	6.915
15.027	-3.098	310.2	90.57	-0.937	17.70
15.060	-2.982	310.2	90.55	-0.518	9.070
15.094	-2.911	310.2	90.54	-0.344	7.535
15.127	-2.857	310.2	90.53	-5.620E-2	6.323
15.160	-2.891	310.2	90.53	0.146	2.436
15.194	-2.910	310.2	90.54	6.538E-2	1.428
15.227	-2.915	310.2	90.54	0.209	8.962
15.260	-2.985	310.2	90.55	0.680	9.157
15.293	-3.160	310.2	90.58	0.887	5.893
15.327	-3.306	310.2	90.61	0.983	-2.626
15.360	-3.514	310.2	90.65	0.822	23.20
15.393	-3.601	310.1	90.67	2.167	2.787
15.427	-4.296	310.1	90.79	1.826	-1.341
15.460	-4.260	310.1	90.79	1.077	-13.54
15.493	-4.684	310.1	90.87	1.674	10.35
15.527	-4.864	310.1	90.90	1.341	-17.59
15.560	-5.167	310.1	90.95	0.821	-10.49
15.593	-5.159	310.1	90.95	0.297	-7.051
15.627	-5.274	310.1	90.97	0.580	0.715
15.660	-5.369	310.1	90.99	0.310	-5.436
15.693	-5.386	310.1	91.00	0.157	-1.326
15.727	-5.425	310.1	91.00	0.262	0.696
15.760	-5.480	310.0	91.01	0.220	-3.798
15.793	-5.504	310.0	91.02	-2.845E-3	-3.907
15.827	-5.479	310.0	91.01	-7.523E-2	-1.176
15.860	-5.477	310.0	91.01	-3.996E-2	0.655
15.893	-5.464	310.0	91.01	-5.086E-2	1.285
15.927	-5.458	310.0	91.01	4.334E-2	-1.791
15.960	-5.480	310.1	91.01	-0.117	-3.794
15.993	-5.417	310.1	91.00	-0.297	-2.528
16.027	-5.373	310.1	90.99	-0.235	1.241
16.060	-5.332	310.1	90.99	-0.222	-0.180
16.093	-5.293	310.0	90.98	-0.241	0.852
16.126	-5.245	310.0	90.97	-0.187	0.792
16.160	-5.226	310.0	90.97	-0.154	8.831E-2
16.193	-5.189	310.0	90.96	-0.206	0.297
16.226	-5.151	310.0	90.95	-0.138	1.418
16.260	-5.139	310.0	90.95	-8.797E-2	0.948
16.293	-5.120	310.1	90.95	-9.331E-2	2.431E-2
16.326	-5.106	310.1	90.94	-7.843E-2	-2.362E-2
16.360	-5.092	310.1	90.94	-9.539E-2	-0.264
16.393	-5.072	310.1	90.94	-0.102	1.397
16.426	-5.056	310.1	90.93	-9.220E-3	1.852
16.460	-5.069	310.1	90.94	4.788E-2	8.838E-2
16.493	-5.073	310.1	90.94	-1.701E-2	-1.066
16.526	-5.063	310.1	90.94	-3.376E-2	0.175
16.560	-5.060	310.1	90.93	4.327E-3	0.607
16.593	-5.064	310.1	90.94	9.559E-3	4.115E-2
16.626	-5.064	310.1	90.94	1.423E-3	-8.067E-2
16.660	-5.065	310.1	90.94	6.089E-3	0.645
16.693	-5.066	310.1	90.94	4.015E-2	0.668
16.726	-5.079	310.1	90.94	6.095E-2	4.459E-2
16.760	-5.088	310.1	90.94	3.721E-2	-1.286
16.793	-5.093	310.1	90.94	-2.036E-2	-0.662
16.826	-5.081	310.1	90.94	-2.382E-2	0.315
16.859	-5.085	310.1	90.94	1.872E-2	0.136
16.893	-5.087	310.1	90.94	-1.534E-2	-0.283
16.926	-5.078	310.1	90.94	-1.534E-2	0.184
16.959	-5.082	310.1	90.94	1.294E-2	0.338
16.993	-5.083	310.1	90.94	9.160E-4	-0.308
17.026	-5.082	310.1	90.94	-7.568E-3	-0.474
17.059	-5.079	310.0	90.94	-2.836E-2	-0.340
17.093	-5.071	310.0	90.94	-3.610E-2	0.659
17.126	-5.067	310.1	90.94	1.493E-2	0.314
17.159	-5.077	310.1	90.94	2.880E-3	-4.301E-2
17.193	-5.068	310.0	90.94	-1.426E-2	-0.183
17.226	-5.072	310.1	90.94	1.034E-2	0.333
17.259	-5.072	310.1	90.94	-6.416E-4	-9.061E-2
17.293	-5.072	310.1	90.94	5.381E-3	-0.597
17.326	-5.074	310.1	90.94	-3.273E-2	-0.168
17.359	-5.060	310.1	90.93	-2.614E-2	0.340
17.393	-5.064	310.1	90.94	1.214E-2	0.613
17.426	-5.064	310.1	90.94	3.681E-3	-0.612
17.459	-5.065	310.1	90.94	-2.185E-2	-0.190
17.493	-5.056	310.1	90.93	-2.181E-2	0.319
17.526	-5.058	310.1	90.93	1.122E-2	0.256
17.559	-5.060	310.1	90.94	-4.856E-3	-0.859
17.593	-5.056	310.1	90.93	-4.896E-2	-0.184
17.626	-5.043	310.1	90.93	-2.757E-2	0.710
17.659	-5.046	310.1	90.93	1.508E-2	0.623
17.692	-5.048	310.1	90.93	7.439E-3	8.303E-2
17.726	-5.049	310.1	90.93	1.744E-2	-0.301
17.759	-5.056	310.1	90.93	-2.651E-3	-0.188
17.792	-5.048	310.1	90.93	-1.104E-2	-3.024E-2
17.826	-5.050	310.0	90.93	8.918E-3	-0.814
17.859	-5.051	310.0	90.93	-6.183E-2	-0.291
17.892	-5.027	310.0	90.93	-4.006E-2	0.921
17.926	-5.036	310.0	90.93	3.481E-2	1.129
17.959	-5.041	310.1	90.93	2.030E-2	-0.107
17.992	-5.044	310.1	90.93	2.681E-2	2.790E-2
18.026	-5.051	310.1	90.93	2.695E-2	-0.391
18.059	-5.054	310.1	90.93	-9.496E-4	4.136E-2
18.092	-5.051	310.1	90.93	2.038E-2	0.666
18.126	-5.062	310.2	90.94	5.756E-2	-0.286
18.159	-5.071	310.1	90.94	2.646E-3	-1.178
18.192	-5.062	310.1	90.94	-3.754E-2	-0.154
18.226	-5.057	310.1	90.93	-3.898E-5	0.766
18.259	-5.062	310.1	90.94	1.957E-2	0.132
18.292	-5.065	310.1	90.94	5.013E-3	-0.327
18.326	-5.064	310.1	90.94	-4.106E-3	-0.123
18.359	-5.063	310.1	90.94	-2.061E-3	5.297E-2
18.392	-5.063	310.1	90.94	-6.741E-5	1.397E-2
18.425	-5.063	310.1	90.94	-1.200E-3	0.121
18.459	-5.063	310.1	90.94	6.362E-3	-5.055E-2
18.492	-5.066	310.1	90.94	2.465E-4	-0.121
18.525	-5.063	310.1	90.94	-8.133E-3	4.898E-2
18.559	-5.063	310.1	90.94	6.365E-3	0.310
18.592	-5.065	310.1	90.94	1.393E-2	-3.330E-2
18.625	-5.067	310.1	90.94	4.218E-3	-0.236
18.659	-5.067	310.1	90.94	-4.478E-3	-0.413
18.692	-5.066	310.1	90.94	-1.957E-2	5.447E-3
18.725	-5.059	310.1	90.93	-1.201E-2	0.133
18.759	-5.062	310.1	90.94	-1.895E-4	2.840E-2
18.792	-5.059	310.1	90.93	-1.607E-2	-0.193
18.825	-5.056	310.1	90.93	-1.367E-2	0.251
18.859	-5.054	310.1	90.93	1.996E-3	0.480
18.892	-5.056	310.1	90.93	1.873E-2	0.312
18.925	-5.061	310.1	90.94	2.417E-2	-0.127
18.959	-5.065	310.1	90.94	1.007E-2	-0.197
18.992	-5.065	310.1	90.94	6.851E-3	-0.189
19.025	-5.068	310.1	90.94	3.269E-3	-5.020E-2
19.059	-5.067	310.1	90.94	-2.064E-3	-8.653E-2
19.092	-5.067	310.1	90.94	1.546E-3	5.631E-2
19.125	-5.067	310.1	90.94	-2.976E-4	0.250
19.159	-5.067	310.1	90.94	1.672E-2	0.307
19.192	-5.073	310.1	90.94	2.551E-2	0.423
19.225	-5.077	310.1	90.94	3.787E-2	-0.358
19.258	-5.087	310.1	90.94	1.433E-2	-0.574
19.292	-5.082	310.1	90.94	-1.704E-2	-0.492
19.325	-5.081	310.1	90.94	-8.572E-3	0.187
19.358	-5.079	310.1	90.94	-7.661E-3	
19.392	-5.078	310.1	90.94		
