	mass A					
t	x	y	θ	ω	α	
0.000	-285.3	-113.6	-158.3		
0.033	-286.2	-111.3	-158.7	-29.11	
0.067	-289.0	-103.8	-160.2	-64.59	-1.072E3
0.100	-293.5	-89.44	-163.0	-101.5	-1.105E3
0.133	-298.6	-68.92	-167.0	-137.6	-1.046E3
0.167	-303.2	-41.44	-172.2	-172.0	-947.8
0.200	-305.6	-8.195	-178.5	-200.6	-802.0
0.233	-304.1	29.73	-185.6	-225.3	-702.9
0.267	-296.9	71.15	-193.5	-247.4	-600.6
0.300	-282.8	114.6	-202.1	-265.5	-506.0
0.333	-261.3	158.0	-211.2	-280.7	-331.0
0.367	-231.3	199.4	-220.8	-288.6	-236.4
0.400	-194.8	235.5	-230.4	-294.7	-191.8
0.433	-151.0	266.0	-240.4	-302.6	-59.17
0.466	-101.9	289.0	-250.6	-299.2	103.3
0.500	-51.46	302.8	-260.4	-293.8	193.0
0.533	0.801	307.8	-270.1	-288.1	229.6
0.566	51.17	304.1	-279.6	-277.5	360.7
0.600	98.66	292.5	-288.6	-264.7	466.4
0.633	141.2	274.8	-297.2	-246.3	554.8
0.666	177.8	253.4	-305.0	-227.2	585.6
0.700	208.6	229.0	-312.3	-207.7	641.6
0.733	233.5	203.7	-318.9	-184.4	726.5
0.766	253.1	179.7	-324.6	-159.1	814.4
0.800	267.5	157.6	-329.5	-130.6	849.0
0.833	279.1	140.3	-333.3	-101.6	854.9
0.866	286.1	125.8	-336.3	-74.14	837.5
0.900	290.2	115.7	-338.3	-45.62	868.2
0.933	292.2	110.4	-339.3	-16.46	832.1
0.966	292.6	110.3	-339.4	10.41	794.6
1.000	291.0	114.0	-338.6	35.79	771.4
1.033	287.7	122.3	-337.0	62.16	749.5
1.066	282.3	134.8	-334.5	85.91	690.1
1.100	274.0	150.4	-331.2	107.8	627.7
1.133	262.6	168.7	-327.3	128.0	579.1
1.166	248.3	189.1	-322.7	146.2	513.0
1.199	230.0	210.5	-317.5	162.4	439.3
1.233	207.9	231.9	-311.9	175.4	373.6
1.266	182.5	252.6	-305.9	187.1	301.2
1.299	152.8	270.9	-299.4	195.9	201.7
1.333	120.3	286.3	-292.8	200.3	95.34
1.366	85.93	298.2	-286.1	202.2	48.66
1.399	50.17	305.8	-279.3	203.4	-30.94
1.433	13.60	309.1	-272.5	200.7	-142.1
1.466	-21.89	308.3	-265.9	193.5	-231.0
1.499	-55.60	303.7	-259.6	185.3	-269.3
1.533	-87.15	296.0	-253.6	175.7	-322.1
1.566	-115.7	285.3	-247.9	163.8	-376.7
1.599	-141.2	273.4	-242.7	150.5	-427.7
1.633	-163.4	260.3	-237.9	135.4	-478.0
1.666	-182.1	247.4	-233.7	118.5	-528.4
1.699	-197.3	235.1	-230.0	100.2	-536.4
1.733	-209.6	224.5	-227.0	82.46	-558.1
1.766	-218.9	215.1	-224.5	63.60	-587.2
1.799	-225.2	208.0	-222.7	42.90	-605.1
1.833	-229.3	203.9	-221.6	23.27	-564.1
1.866	-230.9	202.0	-221.2	5.241	-512.0
1.899	-230.6	202.5	-221.3	-10.82	-517.2
1.933	-228.4	205.0	-221.9	-28.70	-519.3
1.966	-223.7	210.1	-223.2	-46.25	-476.7
1.999	-217.0	216.9	-225.0	-60.13	-417.9
2.032	-208.4	225.1	-227.2	-73.94	-393.9
2.066	-197.6	234.8	-229.9	-86.68	-346.8
2.099	-184.8	245.1	-233.0	-96.94	-302.8
2.132	-170.1	255.8	-236.4	-106.7	-266.1
2.166	-153.3	266.6	-240.1	-115.0	-218.9
2.199	-134.7	276.7	-244.0	-121.1	-179.7
2.232	-114.5	285.8	-248.2	-126.9	-135.1
2.266	-92.77	294.1	-252.5	-130.4	-75.68
2.299	-70.17	300.5	-256.9	-131.6	-6.013
2.332	-46.91	305.1	-261.3	-131.1	31.33
2.366	-23.77	308.1	-265.6	-129.2	79.13
2.399	-0.708	309.4	-269.9	-126.1	136.1
2.432	21.54	308.8	-274.0	-120.1	186.5
2.466	42.43	306.9	-277.9	-113.4	223.9
2.499	62.10	304.0	-281.5	-105.5	239.1
2.532	79.80	299.9	-284.9	-97.03	260.8
2.566	96.01	295.3	-288.0	-88.47	276.1
2.599	110.3	290.4	-290.8	-78.47	324.6
2.632	122.6	285.5	-293.2	-67.00	348.6
2.666	132.6	281.0	-295.3	-54.93	358.0
2.699	140.7	277.3	-296.9	-43.31	367.5
2.732	146.8	274.3	-298.1	-30.52	400.9
2.765	150.7	272.6	-298.9	-16.52	381.5
2.799	152.1	271.6	-299.2	-4.690	349.3
2.832	152.2	271.7	-299.2	6.172	332.2
2.865	150.2	272.8	-298.8	17.79	337.1
2.899	146.4	274.7	-298.1	28.53	310.8
2.932	140.9	277.3	-296.9	38.58	288.2
2.965	133.9	280.8	-295.5	47.69	259.6
2.999	125.3	284.7	-293.8	55.92	234.4
3.032	115.3	288.8	-291.8	63.27	214.8
3.065	104.0	293.1	-289.5	70.20	196.5
3.099	91.29	297.0	-287.1	76.44	145.2
3.132	77.47	300.7	-284.4	80.09	119.2
3.165	63.22	303.9	-281.8	83.79	84.27
3.199	47.79	306.5	-278.9	86.44	35.74
3.232	32.34	308.1	-276.0	85.75	1.142
3.265	17.00	309.0	-273.1	86.30	-22.46
3.299	1.302	309.4	-270.2	84.94	-63.54
3.332	-13.55	308.9	-267.5	81.42	-113.6
3.365	-27.92	307.7	-264.8	77.73	-109.0
3.399	-41.34	306.1	-262.3	73.81	-135.6
3.432	-54.20	304.2	-259.9	69.11	-151.0
3.465	-65.72	301.5	-257.7	63.35	-203.4
3.499	-76.34	298.9	-255.7	56.02	-224.4
3.532	-85.19	296.5	-254.0	47.84	-233.0
3.565	-92.80	294.1	-252.5	40.78	-226.2
3.598	-99.12	292.1	-251.3	32.77	-236.5
3.632	-103.9	290.1	-250.3	24.86	-232.8
3.665	-107.4	288.6	-249.6	17.37	-237.7
3.698	-109.7	287.9	-249.1	9.079	-249.6
3.732	-110.4	287.5	-249.0	0.582	-249.4
3.765	-109.9	287.8	-249.1	-7.484	-234.1
3.798	-107.9	288.3	-249.5	-15.08	-204.3
3.832	-104.8	289.7	-250.1	-21.18	-176.5
3.865	-100.8	291.2	-250.9	-26.64	-156.2
3.898	-95.79	292.8	-251.9	-31.75	-156.7
3.932	-90.11	295.1	-253.0	-36.87	-150.4
3.965	-83.29	297.2	-254.3	-41.98	-120.4
3.998	-75.72	299.6	-255.8	-44.98	-80.69
4.032	-67.77	301.7	-257.3	-47.10	-71.62
4.065	-59.22	303.4	-259.0	-49.81	-72.98
4.098	-50.18	305.1	-260.7	-52.05	-66.75
4.132	-40.79	306.6	-262.4	-54.11	-33.70
4.165	-30.89	307.6	-264.3	-54.64	15.80
4.198	-21.25	308.7	-266.1	-52.84	34.83
4.232	-11.94	309.1	-267.8	-52.06	39.50
4.265	-2.526	309.3	-269.5	-50.68	54.12
4.298	6.286	309.2	-271.2	-48.06	87.08
4.331	14.78	309.3	-272.7	-45.13	90.55
4.365	22.52	308.6	-274.2	-41.79	103.9
4.398	29.76	308.0	-275.5	-38.40	95.87
4.431	36.26	307.2	-276.7	-35.18	106.4
4.465	42.33	306.4	-277.9	-31.61	135.8
4.498	47.53	305.7	-278.8	-26.07	162.5
4.531	51.59	305.0	-279.6	-20.56	171.2
4.565	54.83	304.5	-280.2	-14.91	167.4
4.598	56.93	304.4	-280.6	-9.151	166.2
4.631	58.18	304.5	-280.8	-3.987	122.4
4.665	58.46	304.7	-280.9	-0.665	112.8
4.698	58.47	304.7	-280.9	2.900	117.2
4.731	57.43	304.9	-280.7	7.639	145.5
4.765	55.75	305.2	-280.4	12.29	141.4
4.798	53.01	305.3	-279.8	17.31	124.2
4.831	49.56	306.0	-279.2	20.61	95.20
4.865	45.71	306.8	-278.5	23.43	69.05
4.898	41.18	307.1	-277.6	25.48	69.38
4.931	36.57	307.7	-276.8	27.66	63.77
4.965	31.29	308.3	-275.8	30.10	68.33
4.998	25.78	308.9	-274.8	31.96	49.74
5.031	19.79	309.0	-273.7	33.61	21.89
5.065	13.68	309.3	-272.5	33.46	2.099
5.098	7.756	309.3	-271.4	33.44	-2.275
5.131	1.639	309.5	-270.3	33.60	-17.19
5.164	-4.335	309.3	-269.2	32.24	-55.42
5.198	-9.953	309.0	-268.2	29.89	-37.57
5.231	-15.07	308.7	-267.2	29.35	-36.24
5.264	-20.48	308.3	-266.2	28.20	-48.00
5.298	-25.18	308.0	-265.3	25.56	-83.91
5.331	-29.66	307.8	-264.5	22.99	-77.37
5.364	-33.43	307.5	-263.8	20.08	-95.65
5.398	-36.86	307.2	-263.2	16.92	-82.54
5.431	-39.50	306.9	-262.7	14.17	-86.96
5.464	-41.87	306.2	-262.2	11.57	-87.02
5.498	-43.59	306.1	-261.9	8.078	-96.21
5.531	-44.77	306.0	-261.7	5.235	-89.25
5.564	-45.48	306.0	-261.5	2.176	-82.87
5.598	-45.58	306.1	-261.5	-0.429	-71.83
5.631	-45.34	306.1	-261.6	-2.482	-82.79
5.664	-44.68	306.1	-261.7	-5.812	-85.16
5.698	-43.27	306.4	-262.0	-8.556	-75.78
5.731	-41.63	306.5	-262.3	-10.49	-48.64
5.764	-39.50	306.8	-262.7	-12.10	-44.63
5.798	-37.29	306.9	-263.1	-13.19	-53.92
5.831	-34.76	307.0	-263.5	-15.69	-55.58
5.864	-31.66	307.3	-264.1	-17.23	-31.44
5.897	-28.57	307.3	-264.7	-17.50	-5.870
5.931	-25.38	307.6	-265.3	-17.73	-4.932
5.964	-22.21	307.7	-265.9	-17.74	0.491
5.997	-19.01	307.8	-266.5	-17.75	-23.38
6.031	-15.85	308.1	-267.1	-19.07	-14.24
6.064	-12.18	308.1	-267.7	-19.28	-7.674
6.097	-8.939	308.3	-268.3	-18.92	19.82
6.131	-5.399	308.3	-269.0	-18.54	32.47
6.164	-2.293	308.5	-269.6	-16.42	39.15
6.197	0.492	308.6	-270.1	-15.80	22.24
6.231	3.379	308.7	-270.6	-15.26	47.65
6.264	5.973	308.6	-271.1	-12.62	67.52
6.297	7.913	308.8	-271.5	-10.41	48.96
6.331	9.716	308.7	-271.8	-9.576	19.14
6.364	11.36	308.8	-272.1	-9.062	51.13
6.397	12.98	309.0	-272.4	-6.571	61.96
6.431	13.73	309.0	-272.5	-4.229	48.29
6.464	14.51	309.0	-272.7	-3.805	23.58
6.497	15.10	309.0	-272.8	-2.592	42.16
6.531	15.44	309.1	-272.9	-1.003	65.17
6.564	15.46	309.1	-272.9	1.657	74.65
6.597	14.85	309.1	-272.8	4.230	64.61
6.631	13.94	309.1	-272.6	5.830	36.33
6.664	12.75	309.0	-272.4	6.741	11.68
6.697	11.51	309.0	-272.1	6.573	3.688
6.730	10.38	309.0	-271.9	6.811	5.953
6.764	9.060	309.0	-271.7	7.184	36.17
6.797	7.794	308.9	-271.4	8.841	43.16
6.830	5.877	308.9	-271.1	10.61	37.22
6.864	3.979	308.8	-270.7	10.99	6.515
6.897	1.929	308.7	-270.4	11.20	4.051E-2
6.930	-4.400E-2	308.6	-270.0	10.88	-4.164
6.964	-1.978	308.6	-269.6	10.91	-30.24
6.997	-3.959	308.6	-269.3	9.185	-23.57
7.030	-5.273	308.4	-269.0	8.608	4.344
7.064	-7.043	308.3	-268.7	10.07	2.621
7.097	-8.885	308.3	-268.3	8.858	-22.11
7.130	-10.22	308.2	-268.1	8.081	-26.14
7.164	-11.78	308.2	-267.8	7.649	-3.742
7.197	-12.96	308.0	-267.6	7.330	-18.15
7.230	-14.40	308.0	-267.3	6.964	-28.97
7.264	-15.45	307.9	-267.1	5.085	-36.37
7.297	-16.23	307.9	-267.0	4.459	-26.11
7.330	-17.05	307.9	-266.8	3.632	-43.44
7.364	-17.53	307.9	-266.7	1.443	-56.65
7.397	-17.57	307.8	-266.7	-0.282	-28.40
7.430	-17.43	307.9	-266.8	-0.464	-14.63
7.463	-17.40	307.9	-266.8	-0.975	-21.95
7.497	-17.08	307.8	-266.8	-2.159	-38.30
7.530	-16.63	308.0	-266.9	-3.385	-42.24
7.563	-15.87	308.0	-267.1	-5.058	-33.41
7.597	-14.81	308.0	-267.2	-5.733	-9.979
7.630	-13.81	308.0	-267.4	-5.577	3.275
7.663	-12.82	308.1	-267.6	-5.527	-0.877
7.697	-11.83	308.1	-267.8	-5.619	-1.514
7.730	-10.80	308.1	-268.0	-5.670	3.804
7.763	-9.798	308.2	-268.2	-5.367	3.965
7.797	-8.880	308.2	-268.3	-5.318	1.986
7.830	-7.892	308.2	-268.5	-5.349	28.05
7.863	-6.965	308.4	-268.7	-3.600	27.52
7.897	-6.604	308.4	-268.8	-2.951	-6.609
7.930	-5.906	308.4	-268.9	-4.454	4.540
7.963	-5.006	308.4	-269.1	-2.970	17.79
7.997	-4.841	308.4	-269.1	-2.391	18.33
8.030	-4.149	308.4	-269.2	-2.636	-4.785
8.063	-3.897	308.5	-269.3	-2.057	18.00
8.097	-3.412	308.5	-269.4	-1.910	24.63
8.130	-3.211	308.5	-269.4	-0.224	27.58
8.163	-3.331	308.5	-269.4	0.144	3.393
8.197	-3.263	308.5	-269.4	-0.288	4.523E-2
8.230	-3.228	308.5	-269.4	0.193	7.467
8.263	-3.332	308.5	-269.4	0.342	7.472
8.296	-3.350	308.5	-269.4	0.508	3.962
8.330	-3.514	308.5	-269.3	0.776	1.478
8.363	-3.628	308.4	-269.3	0.525	3.708
8.396	-3.702	308.5	-269.3	0.936	27.09
8.430	-3.965	308.5	-269.3	2.366	18.33
8.463	-4.551	308.4	-269.2	2.458	-14.17
8.496	-4.847	308.5	-269.1	1.132	-0.518
8.530	-4.957	308.4	-269.1	2.172	8.035
8.563	-5.625	308.4	-269.0	2.376	-8.800
8.596	-5.810	308.4	-268.9	0.986	-7.988
8.630	-5.978	308.3	-268.9	1.889	13.11
8.663	-6.487	308.4	-268.8	2.223	-15.57
8.696	-6.775	308.3	-268.7	0.675	-26.90
8.730	-6.729	308.4	-268.7	0.187	-8.117
8.763	-6.842	308.4	-268.7	0.426	5.147
8.796	-6.881	308.3	-268.7	0.383	20.21
8.830	-6.979	308.3	-268.7	1.686	13.42
8.863	-7.486	308.3	-268.6	1.734	-11.78
8.896	-7.601	308.3	-268.6	0.454	-24.37
8.930	-7.648	308.3	-268.6	0.219	-4.676
8.963	-7.680	308.3	-268.6	0.158	-5.642
8.996	-7.706	308.3	-268.6	-0.117	-4.197
9.029	-7.638	308.3	-268.6	-0.217	-1.395
9.063	-7.627	308.3	-268.6	-0.118	1.888
9.096	-7.595	308.3	-268.6	-0.138	-0.842
9.129	-7.578	308.3	-268.6	-0.146	-4.672E-2
9.163	-7.543	308.3	-268.6	-0.165	0.218
9.196	-7.519	308.3	-268.6	-0.118	0.843
9.229	-7.500	308.3	-268.6	-0.108	-0.543
9.263	-7.479	308.3	-268.6	-0.153	-0.741
9.296	-7.445	308.3	-268.6	-0.170	8.946E-2
9.329	-7.419	308.3	-268.6	-0.137	0.693
9.363	-7.397	308.3	-268.6	-0.124	1.255
9.396	-7.374	308.3	-268.6	-6.313E-2	0.864
9.429	-7.374	308.3	-268.6	-4.404E-2	-1.190E-2
9.463	-7.359	308.3	-268.6	-8.393E-2	-0.910
9.496	-7.344	308.3	-268.6	-9.695E-2	0.395
9.529	-7.323	308.3	-268.6	-6.759E-2	
9.563	-7.319	308.3	-268.6		
