	mass A					
t	x	y	θ	ω	α	
0.000	-226.6	-210.4	-137.1		
0.033	-228.3	-208.4	-137.6	-26.42	
0.067	-232.9	-203.3	-138.9	-62.13	-1.225E3
0.100	-242.7	-191.3	-141.7	-109.7	-1.426E3
0.133	-256.4	-171.6	-146.2	-157.2	-1.368E3
0.167	-272.7	-143.6	-152.2	-201.3	-1.326E3
0.200	-288.3	-107.1	-159.6	-244.8	-1.260E3
0.233	-300.9	-61.03	-168.5	-286.2	-1.111E3
0.267	-306.5	-7.018	-178.7	-318.8	-925.8
0.300	-301.9	52.02	-189.8	-347.2	-855.6
0.333	-284.3	113.9	-201.8	-375.9	-644.4
0.367	-251.5	175.0	-214.8	-392.0	-654.8
0.400	-205.7	228.0	-227.9	-414.9	-458.0
0.433	-142.6	273.7	-242.5	-429.2	-240.6
0.466	-72.21	301.9	-256.6	-425.6	114.8
0.500	4.559	313.1	-270.8	-424.2	94.43
0.533	80.69	305.1	-284.8	-417.8	681.4
0.566	152.9	279.5	-298.7	-383.5	608.8
0.600	205.4	241.6	-310.4	-366.0	726.7
0.633	254.2	191.1	-323.1	-348.6	457.3
0.666	285.4	141.6	-333.6	-323.2	657.8
0.700	307.4	84.65	-344.6	-313.7	622.6
0.733	317.2	30.50	-354.5	-278.6	1.047E3
0.766	318.2	-17.64	-363.2	-243.4	1.084E3
0.800	312.6	-59.21	-370.7	-207.1	991.3
0.833	304.1	-92.82	-377.0	-175.8	1.210E3
0.866	289.3	-119.5	-382.4	-130.7	1.461E3
0.900	281.9	-135.6	-385.7	-73.92	1.567E3
0.933	277.7	-143.7	-387.4	-27.59	1.416E3
0.966	277.1	-144.4	-387.5	20.09	1.405E3
1.000	280.9	-137.2	-386.0	66.73	1.351E3
1.033	287.7	-122.6	-383.1	109.8	1.298E3
1.066	296.3	-100.4	-378.7	153.0	1.268E3
1.100	305.3	-69.81	-372.9	194.7	1.207E3
1.133	311.9	-31.33	-365.7	233.2	1.128E3
1.166	311.2	14.46	-357.3	269.9	1.050E3
1.199	304.6	66.12	-347.8	303.4	917.0
1.233	286.9	121.0	-337.1	331.1	781.2
1.266	257.1	175.5	-325.7	355.0	713.0
1.299	213.8	225.6	-313.5	378.6	550.3
1.333	157.5	267.8	-300.5	393.1	399.7
1.366	92.23	296.5	-287.3	403.2	125.0
1.399	19.45	309.6	-273.6	404.1	99.15
1.433	-51.95	305.6	-260.4	405.7	-155.0
1.466	-123.1	283.9	-246.6	399.1	-378.1
1.499	-183.0	249.7	-233.8	376.2	-900.5
1.533	-231.8	205.0	-221.5	342.5	-691.1
1.566	-265.2	158.9	-210.9	323.2	-539.3
1.599	-289.5	105.1	-200.0	314.2	-569.9
1.633	-303.4	53.47	-190.0	282.3	-958.8
1.666	-308.2	6.139	-181.1	249.9	-1.130E3
1.699	-305.8	-35.72	-173.3	208.5	-1.222E3
1.733	-300.3	-67.98	-167.2	165.9	-1.218E3
1.766	-293.3	-93.70	-162.3	129.0	-1.160E3
1.799	-286.7	-112.1	-158.6	88.31	-1.247E3
1.833	-282.1	-123.3	-156.4	45.86	-1.261E3
1.866	-280.3	-127.2	-155.6	3.997	-1.256E3
1.899	-281.2	-124.4	-156.1	-37.50	-1.253E3
1.933	-285.3	-114.7	-158.1	-79.64	-1.247E3
1.966	-291.8	-97.98	-161.4	-120.7	-1.171E3
1.999	-299.1	-73.84	-166.1	-158.0	-1.098E3
2.032	-305.2	-43.06	-172.0	-193.3	-1.040E3
2.066	-308.3	-5.307	-179.0	-227.7	-1.020E3
2.099	-306.1	38.37	-187.1	-260.9	-890.5
2.132	-296.4	87.24	-196.4	-288.1	-750.2
2.166	-276.9	137.1	-206.3	-309.8	-641.2
2.199	-247.0	186.4	-217.0	-331.2	-299.4
2.232	-205.7	231.7	-228.4	-332.2	-206.4
2.266	-159.0	266.6	-239.2	-338.8	-285.0
2.299	-101.3	293.8	-251.0	-356.6	-391.5
2.332	-38.17	308.4	-262.9	-362.7	-91.82
2.366	27.98	309.9	-275.2	-363.9	75.40
2.399	92.03	297.5	-287.2	-357.0	304.7
2.432	150.7	272.4	-299.0	-344.0	369.9
2.466	200.9	238.4	-310.1	-331.0	457.8
2.499	242.2	196.1	-321.0	-315.3	575.2
2.532	272.9	150.5	-331.1	-291.7	773.8
2.566	293.6	104.3	-340.4	-264.2	872.7
2.599	305.4	60.88	-348.7	-233.0	965.7
2.632	310.6	21.88	-356.0	-200.1	1.026E3
2.666	311.1	-11.18	-362.1	-164.5	1.108E3
2.699	308.9	-37.56	-366.9	-126.3	1.193E3
2.732	306.9	-56.76	-370.5	-84.95	1.243E3
2.765	304.3	-67.98	-372.6	-43.12	1.241E3
2.799	303.4	-72.00	-373.4	-2.380	1.214E3
2.832	304.2	-68.85	-372.8	37.86	1.194E3
2.865	306.5	-58.64	-370.8	77.19	1.178E3
2.899	309.6	-41.36	-367.6	116.2	1.150E3
2.932	311.7	-16.78	-363.1	154.0	1.091E3
2.965	311.8	14.45	-357.3	188.9	1.015E3
2.999	308.2	51.62	-350.5	221.6	937.4
3.032	296.2	92.94	-342.6	251.5	881.6
3.065	278.2	137.3	-333.7	280.0	783.7
3.099	250.6	182.6	-323.9	304.5	653.3
3.132	213.0	224.9	-313.4	323.1	535.1
3.165	165.8	261.5	-302.4	340.0	430.7
3.199	109.7	289.1	-290.8	352.3	224.4
3.232	47.81	305.2	-278.9	355.2	46.13
3.265	-15.57	308.7	-267.1	354.4	-63.21
3.299	-78.54	299.1	-255.3	351.8	-198.9
3.332	-136.9	276.7	-243.7	341.2	-400.1
3.365	-187.8	245.2	-232.5	324.8	-585.2
3.399	-229.8	207.2	-222.0	302.5	-689.4
3.432	-261.4	165.8	-212.4	278.0	-708.5
3.465	-283.6	123.4	-203.5	255.5	-748.6
3.499	-298.4	81.99	-195.4	228.8	-859.3
3.532	-306.5	44.50	-188.3	197.6	-953.6
3.565	-309.7	11.89	-182.2	165.4	-998.0
3.598	-310.2	-14.96	-177.2	131.1	-1.063E3
3.632	-308.9	-35.40	-173.5	94.58	-1.100E3
3.665	-307.6	-49.07	-170.9	57.59	-1.090E3
3.698	-306.8	-56.18	-169.6	21.92	-1.074E3
3.732	-306.5	-56.95	-169.5	-13.76	-1.080E3
3.765	-307.7	-51.26	-170.5	-50.14	-1.074E3
3.798	-309.4	-39.00	-172.8	-85.45	-1.060E3
3.832	-310.9	-20.46	-176.2	-120.5	-1.023E3
3.865	-311.3	4.595	-180.8	-154.0	-980.4
3.898	-308.8	35.18	-186.5	-185.5	-852.8
3.932	-302.6	71.01	-193.2	-211.7	-780.2
3.965	-290.5	109.2	-200.6	-236.2	-617.5
3.998	-271.7	150.2	-208.9	-254.7	-559.3
4.032	-245.7	189.1	-217.6	-271.0	-520.7
4.065	-211.5	226.8	-227.0	-291.0	-507.1
4.098	-168.7	259.6	-237.0	-304.7	-349.7
4.132	-119.4	285.4	-247.3	-314.2	-210.7
4.165	-64.78	302.3	-257.9	-319.0	-98.74
4.198	-7.774	309.4	-268.6	-320.3	45.84
4.232	49.79	305.7	-279.3	-316.6	160.2
4.265	104.2	291.7	-289.7	-308.8	287.7
4.298	154.1	268.8	-299.8	-298.0	388.9
4.331	197.3	239.2	-309.5	-282.5	513.9
4.365	232.9	205.0	-318.7	-264.0	599.3
4.398	260.1	168.3	-327.1	-242.4	716.6
4.431	280.4	131.9	-334.8	-216.5	790.6
4.465	294.0	98.19	-341.5	-189.0	856.7
4.498	302.2	67.56	-347.4	-160.1	952.9
4.531	306.2	41.93	-352.2	-125.4	1.026E3
4.565	307.6	22.80	-355.8	-90.94	1.032E3
4.598	307.9	9.333	-358.3	-57.36	1.048E3
4.631	307.1	2.237	-359.6	-20.95	1.099E3
4.665	306.8	1.825	-359.7	16.05	1.087E3
4.698	306.6	7.960	-358.5	51.63	1.037E3
4.731	306.1	20.23	-356.2	85.17	1.018E3
4.765	304.7	38.29	-352.8	119.2	973.6
4.798	301.1	62.49	-348.3	150.8	873.6
4.831	294.8	91.30	-342.8	177.0	782.9
4.865	283.6	123.5	-336.5	202.6	757.1
4.898	266.5	158.3	-329.3	227.8	761.7
4.931	241.8	193.7	-321.3	253.0	691.5
4.965	209.3	229.0	-312.4	274.8	521.5
4.998	168.6	259.7	-303.0	287.7	342.7
5.031	122.3	284.6	-293.3	297.0	236.9
5.065	70.69	301.3	-283.2	303.9	176.9
5.098	16.24	309.2	-273.0	308.3	28.47
5.131	-39.57	307.0	-262.7	306.7	-115.3
5.164	-92.72	295.3	-252.6	299.7	-227.5
5.198	-141.9	274.8	-242.7	291.9	-355.7
5.231	-185.9	247.7	-233.1	276.6	-536.4
5.264	-221.9	216.2	-224.3	255.2	-694.8
5.298	-250.4	182.7	-216.1	230.7	-701.7
5.331	-271.7	149.9	-208.9	207.4	-697.0
5.364	-287.1	117.7	-202.3	185.4	-726.1
5.398	-297.7	88.36	-196.5	158.8	-844.5
5.431	-304.5	63.09	-191.7	129.1	-904.9
5.464	-308.1	42.89	-187.9	98.19	-922.9
5.498	-310.3	28.04	-185.2	67.66	-945.5
5.531	-310.8	18.55	-183.4	35.44	-982.7
5.564	-311.0	15.22	-182.8	1.864	-965.7
5.598	-311.3	17.90	-183.3	-29.16	-917.9
5.631	-310.8	25.80	-184.7	-58.88	-887.5
5.664	-309.3	39.16	-187.2	-88.54	-895.1
5.698	-306.2	57.55	-190.6	-118.3	-851.6
5.731	-300.7	81.11	-195.1	-145.9	-772.5
5.764	-291.9	108.4	-200.4	-169.4	-651.7
5.798	-278.7	138.3	-206.4	-189.5	-581.9
5.831	-260.7	169.3	-213.0	-207.8	-595.2
5.864	-237.3	200.8	-220.2	-229.0	-547.3
5.897	-206.7	231.6	-228.3	-245.5	-434.7
5.931	-170.9	259.2	-236.6	-256.7	-313.2
5.964	-129.2	281.8	-245.4	-267.0	-253.9
5.997	-83.43	298.6	-254.4	-273.5	-136.0
6.031	-34.62	308.0	-263.6	-276.2	5.912
6.064	15.12	309.8	-272.8	-273.2	116.6
6.097	63.30	303.2	-281.8	-267.8	181.7
6.131	109.2	289.9	-290.6	-261.5	246.9
6.164	151.2	270.4	-299.2	-251.4	366.0
6.197	188.4	246.4	-307.4	-237.1	477.5
6.231	219.0	218.8	-315.0	-219.4	585.7
6.264	244.1	190.6	-322.0	-198.3	659.3
6.297	263.6	163.2	-328.2	-175.2	737.8
6.331	277.4	137.2	-333.7	-149.5	781.4
6.364	287.0	114.8	-338.2	-122.5	825.7
6.397	293.5	96.22	-341.9	-94.97	851.0
6.431	297.5	82.36	-344.5	-65.53	890.9
6.464	299.6	73.48	-346.2	-35.64	932.1
6.497	300.3	69.88	-346.9	-3.601	925.4
6.531	299.7	72.17	-346.5	26.77	896.4
6.564	298.1	79.21	-345.1	55.40	866.7
6.597	294.3	91.30	-342.8	84.88	867.8
6.631	288.6	108.1	-339.5	113.1	840.7
6.664	280.0	129.2	-335.2	140.9	783.3
6.697	267.6	154.1	-330.1	165.7	693.5
6.730	250.8	181.0	-324.2	186.8	609.9
6.764	228.9	208.8	-317.6	206.3	544.2
6.797	201.0	235.9	-310.4	223.3	478.3
6.830	167.5	260.5	-302.7	238.0	385.8
6.864	128.8	281.6	-294.6	249.4	312.5
6.897	86.01	297.5	-286.1	258.3	208.8
6.930	39.64	306.9	-277.4	263.9	66.31
6.964	-7.885	309.5	-268.5	262.6	-60.89
6.997	-54.47	304.6	-259.9	259.3	-128.3
7.030	-99.44	293.1	-251.3	254.5	-235.6
7.064	-140.9	275.3	-242.9	243.8	-381.8
7.097	-177.6	253.8	-235.0	228.7	-473.8
7.130	-208.8	229.1	-227.7	212.2	-526.1
7.164	-234.2	202.7	-220.9	193.7	-595.7
7.197	-254.8	176.8	-214.8	172.5	-648.3
7.230	-270.2	152.1	-209.4	150.2	-699.2
7.264	-282.1	130.0	-204.7	126.3	-759.1
7.297	-290.1	111.2	-201.0	99.44	-794.7
7.330	-295.4	96.65	-198.1	73.05	-793.5
7.364	-298.9	86.29	-196.1	46.86	-834.0
7.397	-300.9	80.59	-195.0	17.64	-838.9
7.430	-301.2	80.29	-194.9	-9.894	-804.7
7.463	-299.9	84.04	-195.7	-35.22	-766.4
7.497	-297.5	92.53	-197.3	-61.32	-780.5
7.530	-293.1	105.2	-199.7	-87.06	-732.4
7.563	-286.3	122.0	-203.1	-110.6	-686.9
7.597	-276.9	141.7	-207.1	-132.3	-656.5
7.630	-264.4	164.5	-211.9	-154.5	-611.0
7.663	-247.1	188.9	-217.4	-173.4	-514.6
7.697	-225.7	213.8	-223.4	-188.5	-430.5
7.730	-200.1	238.2	-230.0	-202.0	-378.4
7.763	-169.6	260.3	-236.9	-213.8	-321.2
7.797	-135.0	279.4	-244.2	-223.5	-245.2
7.830	-96.93	294.8	-251.8	-230.2	-173.1
7.863	-56.29	305.3	-259.6	-234.8	-100.0
7.897	-13.83	310.1	-267.4	-237.1	25.94
7.930	28.96	309.0	-275.4	-233.4	102.5
7.963	69.77	302.2	-283.0	-229.2	184.2
7.997	109.3	290.3	-290.6	-222.5	280.7
8.030	144.6	274.0	-297.8	-209.6	407.6
8.063	176.1	255.3	-304.6	-195.5	459.7
8.097	202.8	234.5	-310.9	-179.0	545.0
8.130	224.7	213.1	-316.5	-159.3	590.6
8.163	242.1	192.8	-321.5	-139.2	610.1
8.197	255.8	173.9	-325.8	-119.0	663.0
8.230	265.7	157.2	-329.4	-95.05	721.1
8.263	272.8	144.3	-332.1	-70.43	740.1
8.296	277.2	134.7	-334.1	-46.14	766.2
8.330	279.8	129.3	-335.2	-19.36	824.8
8.363	280.0	128.3	-335.4	8.946	818.5
8.396	278.5	132.2	-334.6	35.52	763.2
8.430	275.2	140.1	-333.0	59.57	723.9
8.463	269.7	151.7	-330.6	83.63	704.5
8.496	261.1	166.7	-327.4	106.8	657.6
8.530	249.4	184.4	-323.5	127.4	614.9
8.563	234.0	203.7	-319.0	147.5	578.5
8.596	214.2	224.3	-313.7	166.3	529.9
8.630	190.4	244.8	-307.9	182.7	451.2
8.663	162.3	264.6	-301.5	196.6	385.0
8.696	130.2	282.1	-294.8	208.1	290.1
8.730	94.04	295.5	-287.7	216.2	214.0
8.763	55.77	305.1	-280.4	221.9	119.3
8.796	15.50	309.9	-272.9	224.7	34.98
8.830	-24.98	309.5	-265.4	223.8	-60.19
8.863	-64.88	303.9	-257.9	220.9	-165.7
8.896	-103.0	293.6	-250.7	213.0	-266.7
8.930	-137.7	279.3	-243.8	202.5	-332.6
8.963	-168.9	261.7	-237.2	191.2	-390.0
8.996	-195.6	241.7	-231.0	176.6	-488.1
9.029	-218.7	221.8	-225.4	158.7	-542.1
9.063	-237.9	202.8	-220.4	140.0	-569.5
9.096	-252.3	183.8	-216.1	121.0	-618.2
9.129	-264.1	167.5	-212.4	98.92	-682.9
9.163	-272.6	154.1	-209.5	75.27	-686.3
9.196	-278.4	144.1	-207.4	53.02	-707.5
9.229	-282.0	137.2	-205.9	28.76	-717.9
9.263	-283.2	134.7	-205.4	4.294	-732.6
9.296	-282.6	135.7	-205.7	-19.32	-704.1
9.329	-280.5	141.3	-206.7	-43.21	-674.7
9.363	-275.6	149.9	-208.5	-64.15	-611.2
9.396	-269.1	161.7	-211.0	-83.82	-603.8
9.429	-259.7	176.0	-214.1	-104.2	-578.0
9.463	-247.1	192.7	-218.0	-122.9	-523.9
9.496	-232.0	211.2	-222.3	-138.7	-457.9
9.529	-212.9	229.9	-227.2	-153.5	-389.5
9.563	-190.1	248.1	-232.5	-164.9	-362.9
9.596	-164.7	265.5	-238.2	-177.0	-335.6
9.629	-135.2	281.3	-244.3	-188.2	-289.0
9.663	-103.0	294.5	-250.7	-195.7	-177.7
9.696	-68.18	304.3	-257.4	-200.4	-103.3
9.729	-32.09	309.7	-264.1	-202.2	-18.57
9.763	4.600	310.8	-270.8	-201.9	53.30
9.796	40.77	308.1	-277.5	-198.6	125.5
9.829	75.63	301.5	-284.1	-193.5	211.2
9.862	108.4	291.1	-290.4	-184.8	297.2
9.896	138.0	278.0	-296.4	-173.2	361.3
9.929	164.2	263.1	-302.0	-160.8	402.3
9.962	187.1	247.2	-307.1	-146.5	471.7
9.996	206.0	230.9	-311.7	-129.5	560.8
10.029	221.4	215.8	-315.7	-109.1	580.7
10.062	233.5	202.9	-319.0	-90.08	601.3
10.096	242.5	191.2	-321.7	-70.08	637.1
10.129	248.4	182.6	-323.7	-46.96	643.9
10.162	252.5	177.6	-324.9	-26.96	626.0
10.196	254.0	174.7	-325.5	-6.022	669.1
10.229	253.1	175.4	-325.3	18.10	689.5
10.262	249.7	179.6	-324.3	40.21	665.4
10.296	244.5	187.0	-322.6	61.92	626.5
10.329	236.9	197.8	-320.1	82.55	589.3
10.362	226.4	210.4	-317.1	100.8	539.2
10.396	212.8	224.8	-313.4	118.6	498.7
10.429	196.0	240.4	-309.2	134.1	461.1
10.462	175.7	255.8	-304.5	149.0	426.9
10.496	151.7	270.7	-299.3	163.0	362.5
10.529	124.4	284.5	-293.6	173.2	275.6
10.562	94.51	295.7	-287.7	181.1	214.4
10.595	62.25	304.3	-281.6	187.6	132.8
10.629	28.27	309.3	-275.2	190.1	68.48
10.662	-6.013	310.4	-268.9	191.6	-24.37
10.695	-40.78	308.0	-262.5	189.5	-88.49
10.729	-73.81	302.0	-256.3	184.6	-163.8
10.762	-105.6	292.6	-250.2	179.3	-206.1
10.795	-134.9	280.6	-244.3	170.6	-317.1
10.829	-161.5	266.5	-238.8	158.4	-411.7
10.862	-184.7	251.9	-233.8	142.8	-461.4
10.895	-204.0	237.0	-229.3	127.5	-460.3
10.929	-220.0	222.1	-225.3	112.4	-539.5
10.962	-233.6	208.7	-221.8	92.10	-590.6
10.995	-243.4	198.0	-219.1	71.71	-593.0
11.029	-251.0	189.2	-217.0	53.55	-546.6
11.062	-255.9	182.9	-215.6	34.73	-617.3
11.095	-258.7	179.1	-214.7	13.27	-634.2
11.129	-258.9	179.1	-214.7	-8.687	-618.7
11.162	-256.5	181.4	-215.3	-27.36	-599.3
11.195	-253.1	187.3	-216.5	-48.43	-584.8
11.229	-246.3	195.9	-218.5	-67.20	-541.3
11.262	-237.6	206.4	-221.0	-83.62	-436.9
11.295	-226.2	219.0	-224.1	-97.23	-400.1
11.329	-212.8	231.9	-227.5	-109.2	-392.2
11.362	-196.1	245.2	-231.3	-123.9	-428.1
11.395	-176.7	259.2	-235.7	-137.7	-357.7
11.428	-154.1	272.7	-240.5	-148.1	-301.4
11.462	-129.3	284.7	-245.6	-157.1	-233.3
11.495	-101.7	295.4	-251.0	-164.4	-169.3
11.528	-72.75	303.8	-256.5	-167.9	-110.2
11.562	-42.47	309.4	-262.2	-171.7	-52.53
11.595	-11.03	311.5	-268.0	-172.0	16.27
11.628	19.79	310.5	-273.6	-169.9	100.5
11.662	50.20	306.8	-279.3	-165.9	143.8
11.695	78.85	300.5	-284.7	-159.7	200.2
11.728	105.9	292.1	-289.9	-152.9	270.7
11.762	130.7	281.7	-294.9	-141.9	363.0
11.795	152.3	270.4	-299.4	-128.3	392.3
11.828	170.9	258.7	-303.4	-115.7	442.5
11.862	186.6	246.8	-307.1	-99.51	488.2
11.895	199.1	236.7	-310.1	-82.09	494.2
11.928	209.5	228.1	-312.6	-67.11	502.4
11.962	217.0	220.4	-314.5	-48.89	536.0
11.995	221.9	215.6	-315.8	-30.64	580.6
12.028	224.6	212.5	-316.6	-11.13	579.5
12.062	224.4	212.4	-316.6	8.988	573.4
12.095	222.2	214.7	-316.0	26.52	516.5
12.128	217.8	219.3	-314.8	43.66	544.3
12.161	211.2	225.9	-313.1	62.28	530.9
12.195	201.5	234.7	-310.6	79.92	480.8
12.228	189.8	245.1	-307.8	93.83	430.4
12.261	175.4	256.2	-304.4	108.4	409.7
12.295	158.0	268.0	-300.5	121.6	369.4
12.328	137.8	278.8	-296.3	132.7	332.6
12.361	115.0	289.2	-291.7	143.8	285.8
12.395	89.45	298.0	-286.7	152.1	203.0
12.428	62.31	304.9	-281.5	157.1	132.5
12.461	33.86	309.6	-276.2	160.9	70.76
12.495	4.499	311.8	-270.8	162.0	-24.07
12.528	-24.77	311.0	-265.4	159.2	-61.19
12.561	-52.99	307.3	-260.2	157.3	-102.1
12.595	-81.03	301.6	-255.0	153.5	-167.3
12.628	-107.0	293.8	-250.0	145.5	-256.5
12.661	-130.9	284.2	-245.3	136.6	-301.8
12.695	-152.1	273.1	-240.9	125.3	-374.5
12.728	-170.9	262.3	-236.9	111.7	-393.4
12.761	-186.8	251.9	-233.4	98.67	-424.7
12.795	-200.1	241.3	-230.3	84.12	-468.8
12.828	-210.5	232.4	-227.8	66.85	-502.5
12.861	-218.7	225.6	-225.9	50.68	-515.9
12.895	-224.1	220.0	-224.5	32.83	-519.6
12.928	-227.5	217.4	-223.7	15.39	-503.0
12.961	-228.3	216.2	-223.4	-0.238	-464.4
12.994	-227.2	217.2	-223.7	-15.77	-492.4
13.028	-224.1	220.1	-224.5	-32.64	-452.7
13.061	-218.8	225.7	-225.9	-46.91	-437.4
13.094	-211.6	231.9	-227.6	-60.53	-419.8
13.128	-202.0	240.1	-229.9	-75.82	-450.3
13.161	-190.3	249.5	-232.7	-90.00	-401.6
13.194	-175.8	259.9	-235.9	-103.1	-334.8
13.228	-159.1	270.4	-239.5	-112.2	-247.3
13.261	-140.5	280.5	-243.4	-119.4	-231.9
13.294	-119.9	289.5	-247.5	-127.5	-235.9
13.328	-97.20	297.3	-251.9	-135.5	-190.5
13.361	-72.78	303.6	-256.5	-140.3	-125.2
13.394	-47.61	309.0	-261.2	-143.5	-53.09
13.428	-21.34	311.5	-266.1	-144.3	-3.332
13.461	4.649	312.1	-270.9	-143.2	62.30
13.494	30.55	310.5	-275.6	-140.6	90.52
13.528	55.38	307.1	-280.2	-136.6	172.5
13.561	79.21	301.4	-284.7	-129.8	201.2
13.594	100.8	294.9	-288.9	-122.2	285.6
13.628	121.0	286.9	-292.9	-112.1	330.7
13.661	138.0	278.9	-296.3	-98.95	355.7
13.694	153.0	270.9	-299.5	-88.74	358.2
13.727	165.8	262.8	-302.3	-75.51	443.4
13.761	176.0	256.1	-304.5	-58.82	439.9
13.794	183.6	251.1	-306.2	-45.58	441.5
13.827	189.5	246.6	-307.5	-30.74	469.8
13.861	192.3	244.2	-308.2	-13.11	477.2
13.894	193.0	243.5	-308.4	0.818	466.4
13.927	192.2	244.6	-308.2	17.32	460.4
13.961	188.7	248.1	-307.3	32.68	446.1
13.994	183.0	252.0	-306.0	46.00	407.9
14.027	174.9	257.5	-304.2	60.46	426.1
14.061	164.7	264.0	-302.0	74.07	386.2
14.094	152.1	271.6	-299.3	86.56	349.2
14.127	137.6	279.8	-296.2	97.11	315.5
14.161	120.7	287.5	-292.8	107.5	260.8
14.194	101.7	295.1	-289.0	114.9	237.5
14.227	81.26	300.7	-285.1	122.5	199.7
14.261	58.74	306.1	-280.9	129.3	140.0
14.294	35.37	310.1	-276.5	131.3	65.95
14.327	11.49	312.0	-272.1	133.5	49.83
14.361	-12.99	311.8	-267.6	135.0	-2.760
14.394	-37.47	310.4	-263.1	133.3	-96.85
14.427	-61.07	306.5	-258.7	128.5	-171.6
14.460	-83.33	301.6	-254.6	121.7	-175.9
14.494	-103.9	295.3	-250.6	116.4	-210.6
14.527	-123.4	287.9	-246.8	108.6	-288.0
14.560	-140.5	280.4	-243.4	96.57	-342.2
14.594	-155.3	272.9	-240.4	85.67	-311.6
14.627	-168.0	265.4	-237.7	75.92	-313.1
14.660	-178.8	258.3	-235.3	65.04	-400.5
14.694	-187.4	251.7	-233.3	49.51	-456.8
14.727	-193.4	247.6	-232.0	33.70	-454.1
14.760	-197.4	244.5	-231.1	19.84	-410.3
14.794	-198.9	242.9	-230.7	6.046	-414.8
14.827	-199.1	243.1	-230.7	-7.508	-462.3
14.860	-197.0	244.8	-231.2	-24.53	-422.5
14.894	-192.5	249.3	-232.3	-37.05	-401.9
14.927	-186.5	253.4	-233.6	-49.33	-340.6
14.960	-177.9	259.9	-235.6	-61.69	-314.6
14.994	-167.7	265.9	-237.8	-69.07	-248.2
15.027	-156.1	272.7	-240.2	-78.44	-360.9
15.060	-142.5	279.5	-243.0	-92.52	-337.6
15.094	-125.9	287.9	-246.4	-102.8	-225.4
15.127	-108.3	294.8	-249.8	-106.2	-115.3
15.160	-89.29	300.5	-253.5	-110.7	-133.9
15.194	-69.26	305.2	-257.2	-115.0	-112.7
15.227	-48.26	308.8	-261.1	-118.4	-77.85
15.260	-26.72	311.7	-265.1	-120.1	-33.56
15.293	-4.785	312.7	-269.1	-120.6	27.69
15.327	17.12	312.4	-273.1	-118.5	86.17
15.360	38.19	310.3	-277.0	-114.6	139.4
15.393	58.42	307.0	-280.8	-109.4	193.2
15.427	77.13	302.4	-284.3	-101.6	225.8
15.460	94.10	297.6	-287.5	-94.05	249.6
15.493	109.5	291.8	-290.6	-85.50	257.5
15.527	123.1	286.7	-293.2	-76.34	303.3
15.560	135.0	280.9	-295.7	-65.91	357.9
15.593	144.5	276.0	-297.6	-52.16	370.1
15.627	151.9	272.4	-299.1	-40.78	390.5
15.660	157.7	269.3	-300.4	-27.25	371.6
15.693	160.9	268.3	-301.0	-14.48	397.2
15.727	162.5	267.0	-301.3	-2.331	375.0
15.760	161.3	267.4	-301.1	11.70	398.6
15.793	158.6	268.8	-300.5	23.60	381.7
15.827	153.7	271.2	-299.5	37.21	369.6
15.860	146.9	275.5	-298.1	48.71	308.3
15.893	138.4	280.2	-296.3	57.40	288.5
15.927	128.5	285.5	-294.2	67.66	304.1
15.960	116.3	291.1	-291.8	78.12	299.5
15.993	102.3	296.6	-289.0	87.37	245.8
16.026	86.12	301.2	-286.0	94.85	203.5
16.060	68.90	305.5	-282.7	100.6	143.5
16.093	50.36	309.0	-279.3	104.7	105.2
16.126	31.25	311.4	-275.7	107.3	72.35
16.160	11.50	312.3	-272.1	109.7	25.78
16.193	-8.601	312.4	-268.4	109.3	13.36
16.226	-28.17	311.3	-264.8	109.7	-59.59
16.260	-48.34	309.0	-261.1	106.7	-107.8
16.293	-66.68	306.3	-257.7	101.0	-165.9
16.326	-84.38	301.8	-254.4	96.64	-143.6
16.360	-100.5	296.6	-251.3	90.85	-234.8
16.393	-115.8	291.4	-248.3	81.82	-248.3
16.426	-128.6	286.5	-245.8	72.98	-311.6
16.460	-140.3	280.9	-243.5	62.64	-298.3
16.493	-149.7	277.4	-241.7	51.43	-318.3
16.526	-157.3	272.9	-240.0	42.62	-307.1
16.560	-162.9	269.1	-238.8	30.58	-363.7
16.593	-167.0	267.2	-238.0	18.35	-367.5
16.626	-169.0	266.2	-237.6	6.101	-361.7
16.660	-169.1	266.4	-237.6	-5.820	-338.3
16.693	-167.4	267.6	-238.0	-16.51	-309.4
16.726	-163.8	269.2	-238.7	-26.32	-289.0
16.760	-159.0	272.4	-239.7	-35.80	-289.3
16.793	-152.7	276.3	-241.1	-45.48	-266.5
16.826	-144.1	279.9	-242.8	-53.89	-290.4
16.859	-134.9	284.9	-244.7	-64.08	-262.8
16.893	-122.9	290.0	-247.0	-72.64	-272.0
16.926	-110.2	294.8	-249.5	-80.78	-210.0
16.959	-95.01	299.8	-252.4	-88.12	-157.5
16.993	-79.50	304.8	-255.4	-90.42	-60.12
17.026	-62.96	307.8	-258.4	-92.33	-63.38
17.059	-46.26	310.7	-261.5	-94.36	-67.32
17.093	-28.87	312.9	-264.7	-97.01	-82.90
17.126	-10.97	313.7	-268.0	-99.76	5.114
17.159	7.527	313.5	-271.4	-97.53	73.65
17.193	24.59	312.6	-274.5	-93.54	125.4
17.226	41.55	311.1	-277.6	-90.13	135.3
17.259	57.08	307.8	-280.5	-84.04	149.5
17.293	71.53	304.8	-283.2	-80.00	167.3
17.326	85.32	300.8	-285.8	-73.67	213.5
17.359	97.28	297.3	-288.1	-64.97	293.9
17.393	107.8	293.5	-290.2	-54.76	265.8
17.426	116.0	290.6	-291.8	-46.16	276.7
17.459	123.5	287.5	-293.2	-37.64	285.9
17.493	128.5	285.0	-294.3	-26.20	323.3
17.526	131.9	283.0	-295.0	-16.35	322.8
17.559	133.9	282.4	-295.4	-4.899	354.6
17.592	133.8	282.9	-295.3	7.564	323.1
17.626	131.6	284.1	-294.9	16.93	299.6
17.659	128.1	285.3	-294.2	26.73	309.7
17.692	122.7	288.0	-293.1	38.20	291.1
17.726	115.5	291.2	-291.6	46.23	245.2
17.759	107.3	294.7	-290.0	53.97	235.7
17.792	97.19	298.4	-288.0	62.36	222.7
17.826	85.75	302.1	-285.8	68.77	222.3
17.859	73.06	305.3	-283.5	76.71	175.4
17.892	58.45	308.4	-280.7	81.56	120.1
17.926	43.76	310.5	-278.0	83.58	64.20
17.959	28.26	312.8	-275.2	86.47	109.7
17.992	12.40	314.0	-272.3	90.25	49.93
18.026	-4.668	313.8	-269.1	90.97	-26.33
18.059	-20.80	313.1	-266.2	87.49	-56.26
18.092	-36.57	312.2	-263.3	87.20	-41.43
18.126	-52.44	309.6	-260.4	85.44	-83.69
18.159	-67.37	307.1	-257.6	81.08	-207.3
18.192	-81.48	303.8	-255.0	72.40	-172.8
18.226	-93.18	301.0	-252.8	67.61	-177.4
18.259	-105.2	296.9	-250.5	63.06	-183.3
18.292	-115.0	293.4	-248.6	53.64	-251.3
18.326	-123.5	289.7	-246.9	46.97	-266.7
18.359	-131.0	287.0	-245.5	36.20	-285.0
18.392	-135.9	284.8	-244.5	26.87	-285.9
18.425	-139.9	282.8	-243.7	18.34	-275.6
18.459	-141.9	281.7	-243.3	7.716	-278.5
18.492	-142.2	281.1	-243.2	-0.130	-300.4
18.525	-141.8	281.8	-243.3	-11.49	-310.1
18.559	-138.6	283.4	-243.9	-22.20	-252.3
18.592	-134.5	285.3	-244.8	-27.56	-207.3
18.625	-129.5	287.7	-245.8	-35.60	-233.7
18.659	-122.7	290.9	-247.1	-43.89	-236.9
18.692	-114.8	294.2	-248.7	-50.85	-215.4
18.725	-105.4	298.1	-250.5	-58.49	-208.3
18.759	-94.54	301.5	-252.6	-64.79	-125.5
18.792	-82.61	304.8	-254.8	-67.18	-89.08
18.825	-70.57	307.3	-257.1	-69.80	-86.87
18.859	-57.42	309.5	-259.5	-73.73	-112.3
18.892	-43.90	311.5	-262.0	-76.84	-76.98
18.925	-29.49	312.5	-264.6	-79.28	-32.69
18.959	-15.00	313.6	-267.3	-78.90	10.75
18.992	-0.726	313.2	-269.9	-78.32	33.78
19.025	13.54	312.5	-272.5	-76.99	47.88
19.059	27.22	311.3	-275.0	-74.80	89.12
19.092	40.55	309.5	-277.5	-71.41	120.9
19.125	52.81	307.1	-279.8	-66.43	168.8
19.158	64.19	304.8	-281.9	-60.41	193.3
19.192	74.21	302.5	-283.8	-53.31	188.9
19.225	82.98	300.3	-285.4	-47.67	176.9
19.258	90.92	298.1	-287.0	-41.88	233.2
19.292	97.58	296.2	-288.2	-32.29	257.3
19.325	102.2	294.9	-289.1	-23.87	275.9
19.358	105.8	293.3	-289.8	-15.01	259.0
19.392	107.3	293.1	-290.1	-5.537	273.0
19.425	107.7	292.7	-290.2	2.411	253.1
19.458	106.6	293.6	-290.0	11.69	281.9
19.492	103.8	294.4	-289.4	21.02	236.5
19.525	99.30	295.9	-288.5	27.98	223.1
19.558	94.28	298.1	-287.6	35.01	210.1
19.592	87.32	300.2	-286.2	42.76	221.1
19.625	79.37	302.5	-284.7	49.25	202.5
19.658	70.11	305.3	-282.9	56.46	166.1
19.692	59.43	307.5	-280.9	60.65	116.2
19.725	48.36	309.0	-278.9	63.62	95.75
19.758	36.47	310.4	-276.7	67.33	74.19
19.792	24.05	312.1	-274.4	68.69	60.84
19.825	11.59	312.8	-272.1	70.82	63.62
19.858	-1.709	313.7	-269.7	73.54	35.54
19.892	-15.18	312.9	-267.2	73.12	-12.15
19.925	-28.34	312.4	-264.8	72.38	-67.04
19.958	-41.52	311.1	-262.4	69.27	-78.17
19.991	-53.49	309.6	-260.2	66.21	-147.1
20.025	-65.36	307.2	-258.0	60.79	-151.2
20.058	-75.40	305.8	-256.1	54.58	-166.8
20.091	-84.91	303.1	-254.3	50.75	-135.7
20.125	-93.53	301.5	-252.8	45.07	-169.2
20.158	-100.8	298.6	-251.3	39.66	-182.7
20.191	-107.4	297.0	-250.1	32.94	-221.5
20.225	-112.3	294.8	-249.2	24.85	-231.9
20.258	-115.6	293.0	-248.5	17.27	-251.0
20.291	-118.2	292.6	-248.0	8.580	-221.3
20.325	-118.5	291.9	-247.9	1.655	-228.1
20.358	-118.6	292.0	-247.9	-5.474	-299.6
20.391	-116.9	293.1	-248.3	-18.63	-275.3
20.425	-110.7	290.5	-249.1	-25.29	-163.5
20.458	-106.6	292.0	-249.9	-27.73	-134.9
20.491	-101.3	293.8	-251.0	-34.81	-183.8
20.525	-94.65	296.0	-252.3	-40.33	-170.4
20.558	-87.44	298.4	-253.7	-45.62	-148.9
20.591	-78.85	300.7	-255.3	-50.79	-153.8
20.625	-69.66	303.0	-257.1	-55.40	-109.6
20.658	-59.33	305.1	-259.0	-58.67	-70.55
20.691	-48.86	307.1	-261.0	-59.66	-53.69
20.724	-38.03	308.5	-263.0	-62.15	-69.62
20.758	-26.53	309.6	-265.1	-64.60	-53.35
20.791	-14.76	310.4	-267.3	-65.59	-7.115
20.824	-2.855	310.8	-269.5	-65.19	39.08
20.858	8.790	310.6	-271.6	-62.96	72.71
20.891	19.86	309.8	-273.7	-60.19	75.15
20.924	30.46	308.9	-275.6	-57.94	93.78
20.958	40.68	307.7	-277.5	-54.23	116.0
20.991	49.87	306.4	-279.2	-49.82	131.3
21.024	58.45	305.0	-280.8	-45.72	147.3
21.058	66.13	303.5	-282.3	-40.02	173.9
21.091	72.56	301.8	-283.5	-33.94	192.3
21.124	77.98	300.4	-284.6	-27.42	203.8
21.158	82.20	299.6	-285.3	-20.19	208.7
21.191	85.13	298.8	-285.9	-13.49	191.6
21.224	86.92	298.3	-286.2	-7.422	188.9
21.258	87.66	298.0	-286.4	-1.040	215.5
21.291	87.25	298.2	-286.3	6.893	223.8
21.324	85.28	298.7	-285.9	14.22	212.0
21.358	82.36	299.7	-285.4	20.71	179.5
21.391	78.09	300.8	-284.6	26.49	164.2
21.424	73.03	301.9	-283.6	31.38	159.8
21.458	67.00	303.1	-282.5	37.15	158.8
21.491	59.91	304.7	-281.1	42.18	147.8
21.524	52.11	306.4	-279.7	46.75	112.3
21.557	43.32	307.9	-278.0	50.04	84.70
21.591	34.25	309.3	-276.3	52.02	77.72
21.624	24.62	309.9	-274.5	55.22	76.37
21.657	14.30	310.3	-272.6	57.42	50.08
21.691	3.880	310.8	-270.7	58.30	7.119
21.724	-6.761	310.8	-268.8	58.12	-6.912
21.757	-17.11	310.2	-266.8	57.52	-32.09
21.791	-27.51	309.5	-264.9	56.33	-48.58
21.824	-37.39	308.5	-263.1	54.02	-75.44
21.857	-46.87	307.1	-261.3	51.44	-109.8
21.891	-55.77	305.7	-259.7	46.80	-136.7
21.924	-63.54	304.2	-258.2	41.96	-150.0
21.957	-70.62	302.6	-256.9	37.15	-115.9
21.991	-76.67	301.4	-255.7	33.70	-143.5
22.024	-82.53	300.0	-254.6	28.56	-155.0
22.057	-86.59	298.5	-253.8	22.32	-192.1
22.091	-90.22	297.5	-253.1	16.58	-198.1
22.124	-92.32	296.7	-252.7	8.676	-216.5
22.157	-93.23	296.7	-252.6	2.098	-175.9
22.191	-93.17	296.9	-252.6	-3.005	-158.1
22.224	-92.30	297.3	-252.8	-8.247	-165.9
22.257	-90.28	297.7	-253.1	-14.17	-168.6
22.290	-87.25	298.3	-253.7	-19.54	-158.9
22.324	-83.42	299.4	-254.4	-24.66	-127.3
22.357	-78.69	300.8	-255.3	-28.30	-136.0
22.390	-73.54	302.0	-256.3	-33.07	-125.8
22.424	-67.02	303.4	-257.5	-37.53	-119.1
22.457	-60.26	304.8	-258.8	-40.35	-100.8
22.490	-52.70	306.2	-260.2	-44.49	-101.4
22.524	-44.38	307.3	-261.8	-47.25	-68.42
22.557	-35.77	308.4	-263.4	-48.87	-47.15
22.590	-26.87	309.5	-265.0	-50.42	-30.49
22.624	-17.66	310.3	-266.7	-51.01	3.507
22.657	-8.472	310.6	-268.4	-50.15	26.40
22.690	0.456	310.7	-270.1	-49.10	31.42
22.724	9.271	310.6	-271.7	-48.15	49.63
22.757	17.87	310.6	-273.3	-45.90	69.18
22.790	25.84	309.8	-274.8	-43.31	75.74
22.824	33.46	309.1	-276.2	-40.99	90.43
22.857	40.57	308.1	-277.5	-37.36	130.8
22.890	46.84	307.2	-278.7	-32.23	140.3
22.924	52.10	306.5	-279.6	-27.76	135.3
22.957	56.76	305.7	-280.5	-23.52	119.5
22.990	60.48	305.1	-281.2	-19.48	145.0
23.024	63.67	304.3	-281.8	-14.35	160.0
23.057	65.54	303.9	-282.2	-8.301	175.4
23.090	66.63	303.8	-282.4	-2.948	170.4
23.123	66.66	304.0	-282.4	3.134	167.1
23.157	65.57	304.3	-282.2	8.334	153.8
23.190	63.69	304.5	-281.8	13.16	151.2
23.223	60.82	304.8	-281.3	18.50	151.6
23.257	57.11	305.8	-280.6	23.32	120.1
23.290	52.55	306.5	-279.7	26.60	105.5
23.323	47.62	307.4	-278.8	30.02	112.5
23.357	41.83	308.2	-277.7	34.31	99.46
23.390	35.32	309.1	-276.5	36.80	84.17
23.423	28.60	309.7	-275.3	39.49	84.73
23.457	21.09	310.3	-273.9	42.83	58.37
23.490	13.14	310.7	-272.4	43.48	16.75
23.523	5.385	311.2	-271.0	43.53	6.688
23.557	-2.599	310.9	-269.5	44.17	1.311
23.590	-10.58	310.6	-268.0	43.63	-9.540
23.623	-18.35	310.1	-266.6	43.33	-28.99
23.657	-26.20	309.5	-265.2	42.08	-53.05
23.690	-33.52	309.0	-263.8	39.47	-86.89
23.723	-40.45	308.5	-262.5	36.47	-91.06
23.757	-46.59	307.3	-261.4	33.20	-92.58
23.790	-52.26	306.3	-260.3	30.40	-103.4
23.823	-57.46	305.7	-259.4	26.44	-120.7
23.856	-61.68	304.7	-258.6	22.12	-120.2
23.890	-65.23	303.8	-257.9	18.52	-118.4
23.923	-68.23	303.3	-257.3	14.33	-142.2
23.956	-70.33	302.8	-256.9	9.012	-157.2
23.990	-71.43	302.7	-256.7	3.715	-133.9
24.023	-71.68	302.7	-256.7	-2.251E-3	-138.1
24.056	-71.47	302.9	-256.7	-4.992	-139.0
24.090	-69.92	303.1	-257.0	-9.948	-130.6
24.123	-67.92	303.5	-257.4	-13.24	-116.0
24.156	-65.18	303.9	-257.9	-17.72	-133.4
24.190	-61.69	305.0	-258.6	-22.25	-109.9
24.223	-57.37	305.8	-259.4	-25.16	-92.35
24.256	-52.70	306.4	-260.2	-28.06	-79.02
24.290	-47.34	307.4	-261.2	-30.80	-73.97
24.323	-41.72	308.4	-262.3	-32.71	-54.64
24.356	-35.60	308.9	-263.4	-34.60	-38.37
24.390	-29.28	309.8	-264.6	-35.28	-35.18
24.423	-22.90	310.1	-265.8	-36.66	-16.95
24.456	-16.03	310.4	-267.0	-36.95	-3.073
24.490	-9.549	310.5	-268.2	-36.31	2.344
24.523	-2.913	310.6	-269.5	-37.03	15.70
24.556	3.828	310.8	-270.7	-35.54	54.37
24.590	9.929	310.7	-271.8	-32.96	54.40
24.623	15.75	310.6	-272.9	-31.97	43.07
24.656	21.47	310.1	-274.0	-30.35	68.35
24.689	26.70	309.9	-274.9	-27.27	82.57
24.723	31.30	309.3	-275.8	-24.70	89.22
24.756	35.55	308.6	-276.6	-21.62	113.2
24.789	39.07	308.4	-277.2	-17.01	128.3
24.823	41.65	307.9	-277.7	-12.92	124.3
24.856	43.72	307.9	-278.1	-8.936	113.5
24.889	44.92	307.9	-278.3	-5.139	102.8
24.923	45.52	307.4	-278.4	-2.207	123.1
24.956	45.66	307.5	-278.4	2.773	131.2
24.989	44.54	307.6	-278.2	7.203	131.2
25.023	43.07	307.8	-278.0	10.88	103.5
25.056	40.59	307.8	-277.5	14.62	106.9
25.089	37.85	308.6	-277.0	17.61	78.53
25.123	34.31	308.8	-276.3	20.20	78.88
25.156	30.58	309.3	-275.6	22.50	67.98
25.189	26.21	309.5	-274.8	25.02	74.02
25.223	21.58	310.2	-274.0	27.22	55.02
25.256	16.42	310.7	-273.0	28.93	38.16
25.289	11.13	310.7	-272.1	29.60	29.56
25.323	5.720	311.1	-271.1	30.83	31.85
25.356	-1.435E-2	311.0	-270.0	31.89	-1.842
25.389	-5.812	310.7	-268.9	30.83	-16.19
25.422	-11.15	310.4	-267.9	30.31	-28.05
25.456	-16.76	310.2	-266.9	29.57	-34.36
25.489	-21.81	309.9	-266.0	27.56	-45.71
25.522	-26.69	309.6	-265.1	26.65	-41.36
25.556	-31.43	309.3	-264.2	24.95	-58.48
25.589	-35.70	309.0	-263.4	22.59	-69.41
25.622	-39.59	308.7	-262.7	20.37	-65.31
25.656	-42.98	307.9	-262.1	18.20	-79.93
25.689	-46.07	307.5	-261.5	15.20	-99.29
25.722	-48.47	307.4	-261.0	11.41	-100.4
25.756	-50.20	307.2	-260.7	8.454	-100.6
25.789	-51.45	306.7	-260.5	4.970	-93.52
25.822	-51.93	306.6	-260.4	1.840	-93.31
25.856	-52.12	306.6	-260.4	-0.876	-98.24
25.889	-51.64	306.8	-260.4	-4.843	-100.3
25.922	-50.38	306.8	-260.7	-7.757	-65.03
25.956	-48.85	307.1	-261.0	-9.062	-60.27
25.989	-47.13	307.3	-261.3	-11.50	-90.69
26.022	-44.70	307.5	-261.7	-15.34	-90.03
26.056	-41.66	308.2	-262.3	-17.68	-60.47
26.089	-38.40	308.6	-262.9	-19.11	-47.65
26.122	-34.78	308.8	-263.6	-20.93	-49.91
26.156	-30.85	309.1	-264.3	-22.45	-35.75
26.189	-26.72	309.8	-265.1	-23.34	-19.62
26.222	-22.45	309.9	-265.9	-23.72	-3.866
26.255	-18.15	310.2	-266.7	-23.63	-17.24
26.289	-13.92	310.4	-267.4	-24.61	-9.428
26.322	-9.262	310.5	-268.3	-24.78	14.39
26.355	-4.972	310.7	-269.1	-23.26	14.85
26.389	-0.860	310.7	-269.8	-23.67	10.84
26.422	3.582	310.8	-270.7	-23.08	28.21
26.455	7.484	310.8	-271.4	-21.28	47.72
26.489	11.28	310.9	-272.1	-20.15	53.88
26.522	14.77	310.7	-272.7	-17.72	66.22
26.555	17.67	310.3	-273.3	-15.48	57.77
26.589	20.35	310.1	-273.8	-14.03	64.59
26.622	22.74	310.1	-274.2	-11.31	80.84
26.655	24.45	310.1	-274.5	-8.364	81.12
26.689	25.75	309.8	-274.8	-6.061	77.14
26.722	26.62	309.8	-274.9	-3.236	83.55
26.755	26.91	309.6	-275.0	-0.408	89.45
26.789	26.76	309.7	-274.9	2.612	87.16
26.822	25.98	309.8	-274.8	5.553	62.04
26.855	24.75	309.8	-274.6	6.822	48.09
26.889	23.50	309.8	-274.3	8.400	55.06
26.922	21.72	309.9	-274.0	10.78	61.97
26.955	19.61	309.9	-273.6	12.45	43.34
26.988	17.21	309.9	-273.2	13.70	51.20
27.022	14.66	310.0	-272.7	15.67	51.55
27.055	11.57	310.4	-272.1	17.46	29.96
27.088	8.365	310.5	-271.5	17.56	11.12
27.122	5.228	310.5	-271.0	18.02	28.74
27.155	1.859	310.9	-270.3	19.56	17.36
27.188	-1.837	310.8	-269.7	19.48	7.600
27.222	-5.180	310.7	-269.0	19.52	-11.27
27.255	-8.887	310.6	-268.4	19.33	3.314
27.288	-12.16	310.4	-267.8	19.11	-22.94
27.322	-15.78	310.3	-267.1	18.48	-24.94
27.355	-18.83	310.1	-266.5	16.85	-35.85
27.388	-21.86	310.0	-266.0	16.38	-23.00
27.422	-24.73	309.7	-265.4	15.28	-37.21
27.455	-27.38	309.7	-264.9	13.89	-52.80
27.488	-29.75	309.5	-264.5	11.83	-51.96
27.522	-31.65	309.3	-264.2	10.20	-54.32
27.555	-33.43	309.2	-263.8	8.501	-60.76
27.588	-34.73	309.2	-263.6	5.969	-76.37
27.622	-35.60	309.2	-263.4	3.471	-57.30
27.655	-35.99	309.2	-263.4	1.955	-42.79
27.688	-36.31	309.2	-263.3	0.890	-63.46
27.722	-36.31	309.2	-263.3	-2.192	-84.04
27.755	-35.52	309.3	-263.4	-5.104	-65.84
27.788	-34.46	309.3	-263.6	-6.392	-37.16
27.821	-33.22	309.5	-263.9	-7.555	-51.41
27.855	-31.74	309.5	-264.1	-9.690	-57.81
27.888	-29.71	309.7	-264.5	-11.69	-40.81
27.921	-27.51	309.8	-264.9	-12.30	-6.791
27.955	-25.27	309.9	-265.3	-12.16	-7.975
27.988	-23.12	310.0	-265.7	-12.63	-37.35
28.021	-20.70	310.1	-266.2	-14.71	-48.95
28.055	-17.80	310.2	-266.7	-16.15	-24.07
28.088	-14.87	310.3	-267.3	-16.17	23.44
28.121	-11.97	310.4	-267.8	-14.74	20.28
28.155	-9.547	310.5	-268.2	-14.31	-6.754
28.188	-6.798	310.6	-268.7	-15.59	-13.83
28.221	-3.916	310.6	-269.3	-15.30	29.04
28.255	-1.271	310.8	-269.8	-13.57	55.86
28.288	0.987	310.8	-270.2	-11.51	39.07
28.321	2.889	310.8	-270.5	-10.80	17.84
28.355	4.891	310.8	-270.9	-10.60	15.75
28.388	6.723	310.8	-271.2	-9.646	26.49
28.421	8.382	310.9	-271.5	-8.816	44.57
28.455	9.915	310.9	-271.8	-6.876	63.31
28.488	10.87	311.0	-272.0	-4.323	41.75
28.521	11.48	310.9	-272.1	-3.966	28.83
28.554	12.31	311.0	-272.3	-2.940	41.05
28.588	12.55	311.0	-272.3	-0.762	60.26
28.621	12.59	311.0	-272.3	0.852	46.61
28.654	12.24	311.0	-272.3	2.484	50.13
28.688	11.69	311.0	-272.2	4.063	53.78
28.721	10.77	311.0	-272.0	6.121	41.93
28.754	9.472	311.1	-271.7	7.035	13.71
28.788	8.223	311.0	-271.5	6.851	24.04
28.821	6.990	311.0	-271.3	8.417	28.42
28.854	5.175	310.9	-271.0	9.311	27.19
28.888	3.621	311.0	-270.7	9.644	20.96
28.921	1.687	310.9	-270.3	11.06	27.69
28.954	-0.378	310.8	-269.9	11.44	6.045
28.988	-2.450	310.8	-269.5	11.42	-3.498
29.021	-4.505	310.7	-269.2	11.22	-4.911
29.054	-6.501	310.6	-268.8	11.05	-1.805
29.088	-8.496	310.5	-268.4	11.11	-4.472
29.121	-10.51	310.5	-268.1	10.82	-4.143
29.154	-12.40	310.4	-267.7	10.70	-7.303
29.188	-14.37	310.3	-267.3	10.51	-8.445
29.221	-16.20	310.2	-267.0	10.000	-21.01
29.254	-17.98	310.1	-266.7	9.232	-36.61
29.288	-19.53	310.1	-266.4	7.530	-52.59
29.321	-20.70	310.0	-266.2	5.649	-38.92
29.354	-21.57	310.0	-266.0	4.837	-23.63
29.387	-22.45	309.9	-265.9	4.289	-13.19
29.421	-23.11	309.9	-265.7	3.775	-46.66
29.454	-23.81	309.9	-265.6	1.603	-51.56
29.487	-23.70	309.9	-265.6	-0.352	-32.81
29.521	-23.69	309.9	-265.6	-0.166	-9.970
29.554	-23.64	309.9	-265.6	-0.984	-28.06
29.587	-23.32	309.8	-265.7	-2.161	-37.09
29.621	-22.86	309.9	-265.8	-3.377	-17.67
29.654	-22.11	310.0	-265.9	-3.569	-21.71
29.687	-21.57	310.0	-266.0	-4.361	-25.84
29.721	-20.54	310.0	-266.2	-5.753	-25.14
29.754	-19.49	310.1	-266.4	-5.847	-7.059
29.787	-18.43	310.2	-266.6	-6.193	-8.112
29.821	-17.26	310.2	-266.8	-6.465	-4.951
29.854	-16.09	310.2	-267.0	-6.472	-21.10
29.887	-14.92	310.3	-267.2	-7.709	-13.54
29.921	-13.31	310.4	-267.5	-7.866	9.030
29.954	-12.08	310.4	-267.8	-6.655	3.398
29.987	-10.91	310.5	-268.0	-7.589	-7.569
30.021	-9.338	310.5	-268.3	-7.644	19.97
30.054	-8.146	310.6	-268.5	-5.906	32.79
30.087	-7.204	310.5	-268.7	-5.381	7.862
30.120	-6.200	310.5	-268.9	-5.535	-2.540
30.154	-5.205	310.6	-269.0	-5.519	9.730
30.187	-4.208	310.6	-269.2	-4.970	13.47
30.220	-3.411	310.7	-269.4	-4.457	8.517
30.254	-2.598	310.7	-269.5	-4.494	9.662
30.287	-1.787	310.7	-269.7	-3.891	39.14
30.320	-1.192	310.7	-269.8	-1.913	47.51
30.354	-1.096	310.7	-269.8	-0.431	35.37
30.387	-1.036	310.7	-269.8	0.201	10.60
30.420	-1.168	310.7	-269.8	0.452	1.026
30.454	-1.200	310.7	-269.8	0.121	3.273
30.487	-1.212	310.7	-269.8	0.617	13.48
30.520	-1.423	310.7	-269.7	1.181	11.52
30.554	-1.639	310.7	-269.7	1.297	1.469
30.587	-1.892	310.8	-269.7	1.317	23.67
30.620	-2.115	310.8	-269.6	2.637	16.65
30.654	-2.844	310.7	-269.5	2.988	13.93
30.687	-3.195	310.7	-269.4	2.924	-8.924
30.720	-3.901	310.7	-269.3	2.961	9.907
30.754	-4.264	310.7	-269.2	3.027	12.28
30.787	-4.994	310.6	-269.1	4.185	1.437
30.820	-5.776	310.7	-268.9	3.181	-10.62
30.854	-6.143	310.6	-268.9	2.994	-12.67
30.887	-6.857	310.6	-268.7	2.922	7.675
30.920	-7.199	310.6	-268.7	2.926	-11.61
30.953	-7.914	310.6	-268.5	2.762	5.339
30.987	-8.196	310.5	-268.5	2.639	-10.93
31.020	-8.866	310.5	-268.4	2.662	9.639
31.053	-9.157	310.5	-268.3	2.675	-14.56
31.087	-9.834	310.5	-268.2	2.345	5.342
31.120	-10.00	310.5	-268.2	2.290	-15.76
31.153	-10.66	310.4	-268.0	2.095	-11.72
31.187	-10.76	310.4	-268.0	0.840	-9.043
31.220	-10.96	310.4	-268.0	1.706	5.325
31.253	-11.37	310.4	-267.9	1.445	-15.84
31.287	-11.48	310.4	-267.9	0.357	-20.21
31.320	-11.51	310.4	-267.9	0.148	-6.860
31.353	-11.54	310.4	-267.9	-2.847E-2	-3.150
31.387	-11.49	310.4	-267.9	-0.138	-1.363
31.420	-11.49	310.4	-267.9	-6.023E-2	0.159
31.453	-11.47	310.4	-267.9	-0.138	-1.338
31.487	-11.44	310.4	-267.9	-0.168	-2.343
31.520	-11.41	310.4	-267.9	-0.260	-0.857
31.553	-11.34	310.4	-267.9	-0.278	-2.740
31.587	-11.31	310.4	-267.9	-0.368	-1.435
31.620	-11.21	310.4	-267.9	-0.458	-0.225
31.653	-11.15	310.4	-267.9	-0.330	2.982
31.686	-11.09	310.4	-268.0	-0.272	0.995
31.720	-11.05	310.4	-268.0	-0.255	6.977E-2
31.753	-11.00	310.4	-268.0	-0.276	-0.544
31.786	-10.95	310.3	-268.0	-0.289	-22.79
31.820	-10.90	310.4	-268.0	-1.610	-13.12
31.853	-10.37	310.4	-268.1	-1.710	11.30
31.886	-10.28	310.4	-268.1	-0.345	24.42
31.920	-10.24	310.4	-268.1	-0.209	3.223
31.953	-10.20	310.4	-268.1	-0.166	3.309
31.986	-10.18	310.4	-268.1	1.387E-2	4.015
32.020	-10.21	310.4	-268.1	0.128	1.157
32.053	-10.23	310.4	-268.1	7.874E-2	-1.063
32.086	-10.23	310.4	-268.1	4.385E-2	-1.124
32.120	-10.24	310.4	-268.1	1.770E-2	-0.676
32.153	-10.24	310.4	-268.1	-1.313E-2	-4.617E-2
32.186	-10.24	310.4	-268.1	1.714E-2	0.856
32.220	-10.25	310.4	-268.1	4.978E-2	
32.253	-10.26	310.4	-268.1		
