	mass A					
t	x	y	θ	ω	α	
0.000	-286.5	-109.6	-159.1		
0.033	-288.9	-102.9	-160.4	-60.32	
0.067	-293.2	-89.18	-163.1	-100.0	-1.179E3
0.100	-298.6	-68.56	-167.1	-138.8	-1.239E3
0.133	-303.1	-40.80	-172.3	-181.9	-1.130E3
0.167	-306.1	-4.356	-179.2	-216.6	-908.5
0.200	-304.1	36.09	-186.8	-240.3	-782.0
0.233	-295.7	80.33	-195.2	-268.5	-768.0
0.267	-279.1	128.1	-204.7	-292.9	-618.8
0.300	-252.5	174.9	-214.7	-309.1	-460.1
0.333	-217.0	219.0	-225.3	-323.3	-240.8
0.367	-171.7	257.1	-236.3	-326.5	-194.4
0.400	-120.9	285.2	-247.0	-332.9	-234.8
0.433	-62.23	304.2	-258.4	-345.3	-186.6
0.466	0.129	311.4	-270.0	-344.9	41.37
0.500	61.76	305.6	-281.4	-341.4	157.9
0.533	120.9	287.9	-292.8	-335.4	327.8
0.566	173.9	260.0	-303.8	-319.7	380.5
0.600	217.7	224.9	-314.1	-308.0	498.4
0.633	254.3	182.7	-324.3	-289.9	677.8
0.666	280.2	140.3	-333.4	-260.1	865.2
0.700	297.3	98.71	-341.6	-233.0	866.6
0.733	307.3	60.18	-348.9	-202.5	952.8
0.766	312.2	26.63	-355.1	-169.2	1.028E3
0.800	313.2	-1.090	-360.2	-134.1	1.086E3
0.833	312.4	-22.18	-364.1	-96.86	1.139E3
0.866	310.9	-36.27	-366.7	-58.16	1.156E3
0.900	309.9	-43.21	-367.9	-19.62	1.168E3
0.933	310.1	-43.37	-368.0	19.36	1.155E3
0.966	311.0	-36.25	-366.6	57.78	1.145E3
1.000	312.3	-22.44	-364.1	95.28	1.119E3
1.033	313.1	-1.625	-360.3	132.6	1.055E3
1.066	312.2	25.82	-355.3	165.9	981.8
1.100	307.7	58.46	-349.2	197.4	937.2
1.133	298.2	96.21	-342.1	228.8	875.3
1.166	281.6	137.3	-334.0	255.9	710.7
1.199	256.5	179.2	-325.1	276.3	621.7
1.233	223.3	218.8	-315.6	296.2	543.9
1.266	180.7	254.9	-305.3	313.9	483.7
1.299	130.4	283.8	-294.7	327.4	258.5
1.333	72.82	303.1	-283.5	332.7	127.6
1.366	13.50	309.9	-272.5	333.8	26.22
1.399	-47.02	306.1	-261.3	335.9	-61.16
1.433	-105.3	291.0	-250.1	329.6	-245.6
1.466	-157.6	265.4	-239.3	318.9	-465.9
1.499	-203.0	232.4	-228.9	299.7	-624.2
1.533	-238.8	195.6	-219.3	275.7	-702.6
1.566	-266.1	156.6	-210.5	253.6	-701.8
1.599	-285.5	117.8	-202.4	228.9	-799.1
1.633	-297.7	81.05	-195.2	200.6	-962.6
1.666	-305.0	48.65	-189.1	165.1	-979.5
1.699	-306.3	22.66	-184.2	133.4	-927.2
1.733	-307.1	0.924	-180.2	105.2	-957.0
1.766	-306.9	-14.90	-177.2	69.29	-1.077E3
1.799	-306.3	-23.81	-175.6	32.74	-1.055E3
1.833	-306.1	-26.57	-175.0	-0.855	-1.000E3
1.866	-306.4	-23.51	-175.6	-33.76	-1.010E3
1.899	-306.8	-14.53	-177.3	-68.02	-1.002E3
1.933	-307.1	0.776	-180.1	-101.1	-984.5
1.966	-306.5	21.56	-184.0	-133.1	-932.0
1.999	-303.5	48.14	-189.0	-163.7	-898.4
2.032	-297.1	79.23	-194.9	-192.5	-819.2
2.066	-285.6	114.4	-201.8	-218.9	-670.1
2.099	-268.2	151.9	-209.5	-237.3	-544.1
2.132	-244.3	188.5	-217.7	-254.0	-519.9
2.166	-213.4	224.4	-226.4	-272.6	-357.4
2.199	-174.1	256.3	-235.8	-279.2	-250.0
2.232	-131.4	282.5	-245.0	-286.1	-147.3
2.266	-81.46	301.5	-254.9	-292.3	-138.0
2.299	-29.83	311.4	-264.5	-292.7	-17.18
2.332	23.96	312.0	-274.4	-294.9	45.94
2.366	76.82	304.0	-284.2	-289.6	226.8
2.399	125.9	287.1	-293.7	-279.5	316.4
2.432	169.9	263.5	-302.8	-268.3	404.1
2.466	208.0	234.6	-311.6	-253.2	526.0
2.499	238.8	202.7	-319.7	-232.8	612.2
2.532	262.6	170.0	-327.1	-212.0	693.1
2.566	280.4	137.9	-333.8	-187.4	782.5
2.599	292.7	109.0	-339.6	-159.1	864.6
2.632	300.7	83.88	-344.4	-130.2	896.2
2.666	304.7	63.42	-348.2	-99.22	956.8
2.699	307.1	48.50	-351.0	-66.52	992.2
2.732	308.2	39.62	-352.7	-32.89	989.6
2.765	308.2	36.66	-353.2	-0.492	969.2
2.799	307.7	39.38	-352.7	31.49	963.7
2.832	306.9	47.97	-351.1	63.82	972.8
2.865	305.0	62.29	-348.5	96.25	943.4
2.899	300.5	82.19	-344.7	127.0	893.9
2.932	293.4	106.8	-340.0	155.6	842.0
2.965	282.0	135.5	-334.3	183.2	751.2
2.999	265.5	167.3	-327.8	206.1	651.8
3.032	242.7	199.3	-320.6	225.9	592.1
3.065	213.3	230.9	-312.7	245.8	533.9
3.099	177.2	260.5	-304.2	261.8	122.7
3.132	134.8	285.3	-295.3	256.2	154.9
3.165	92.08	298.3	-287.2	264.8	336.5
3.199	41.45	309.0	-277.6	286.2	343.1
3.232	-10.40	310.8	-268.1	285.1	-53.50
3.265	-61.11	304.2	-258.6	282.2	-167.2
3.299	-109.6	289.8	-249.3	274.8	-270.4
3.332	-152.9	268.5	-240.3	263.3	-326.6
3.365	-190.9	242.0	-231.7	253.1	-423.5
3.399	-223.1	211.4	-223.5	236.1	-561.0
3.432	-248.6	180.6	-216.0	214.4	-681.4
3.465	-267.4	149.3	-209.2	191.6	-723.7
3.499	-281.5	120.8	-203.2	165.6	-768.2
3.532	-290.9	95.32	-198.1	140.4	-841.1
3.565	-299.5	74.01	-193.9	110.3	-925.6
3.598	-303.0	57.74	-190.8	77.61	-967.6
3.632	-304.8	46.68	-188.7	46.34	-944.4
3.665	-305.5	41.30	-187.7	14.50	-894.4
3.698	-305.4	41.51	-187.7	-13.67	-846.2
3.732	-304.7	46.14	-188.6	-41.05	-847.2
3.765	-303.0	56.02	-190.5	-70.54	-877.5
3.798	-299.9	70.94	-193.3	-99.49	-832.9
3.832	-294.5	90.62	-197.1	-126.3	-778.5
3.865	-286.4	114.1	-201.7	-151.1	-701.2
3.898	-274.7	141.0	-207.2	-173.4	-624.8
3.932	-258.2	169.5	-213.3	-192.5	-557.4
3.965	-237.0	198.9	-220.0	-210.5	-456.6
3.998	-209.9	227.6	-227.3	-223.5	-387.9
4.032	-178.5	253.9	-234.9	-235.2	-315.8
4.065	-140.9	276.4	-243.0	-245.7	-253.3
4.098	-99.80	294.3	-251.3	-251.5	-175.9
4.132	-55.38	305.9	-259.7	-257.3	-88.66
4.165	-8.615	311.0	-268.4	-258.1	21.99
4.198	37.63	309.1	-276.9	-254.9	132.9
4.232	82.79	300.5	-285.4	-249.9	214.0
4.265	124.9	285.9	-293.6	-240.5	319.5
4.298	162.5	265.9	-301.4	-228.6	412.7
4.331	195.6	243.0	-308.8	-213.2	503.3
4.365	223.0	218.2	-315.6	-194.8	581.0
4.398	245.0	192.7	-321.8	-174.5	635.5
4.431	262.3	168.6	-327.3	-152.3	685.3
4.465	275.1	146.5	-332.0	-128.9	752.9
4.498	284.1	127.4	-335.8	-102.4	822.2
4.531	290.0	112.6	-338.8	-73.71	864.4
4.565	293.9	102.6	-340.8	-44.89	838.6
4.598	295.6	97.35	-341.8	-17.53	843.8
4.631	296.0	96.59	-341.9	10.72	837.5
4.665	294.6	101.1	-341.1	39.02	841.1
4.698	291.6	110.0	-339.3	66.20	817.7
4.731	286.1	123.5	-336.6	93.85	803.3
4.765	277.9	141.1	-333.1	119.7	732.1
4.798	266.4	162.2	-328.7	142.8	666.1
4.831	250.7	185.2	-323.6	163.9	623.3
4.865	230.9	209.7	-317.7	184.4	595.2
4.898	205.6	234.3	-311.3	203.6	512.4
4.931	175.2	257.9	-304.2	218.8	394.3
4.965	140.0	278.5	-296.7	229.6	297.5
4.998	100.8	294.8	-288.9	238.5	205.7
5.031	58.31	305.9	-280.8	243.7	111.1
5.065	14.34	311.0	-272.6	245.5	14.61
5.098	-30.17	309.6	-264.4	245.0	-85.61
5.131	-73.60	302.3	-256.3	239.8	-180.5
5.164	-114.2	289.1	-248.5	232.5	-268.2
5.198	-151.4	271.1	-240.8	222.5	-357.4
5.231	-183.7	249.4	-233.6	208.4	-452.0
5.264	-211.5	226.3	-226.9	192.3	-517.1
5.298	-234.1	202.1	-220.8	174.0	-589.1
5.331	-252.1	178.7	-215.3	153.1	-645.6
5.364	-266.0	157.3	-210.6	130.8	-688.2
5.398	-276.3	138.5	-206.6	107.3	-738.8
5.431	-283.4	122.9	-203.4	81.63	-788.5
5.464	-288.1	111.7	-201.2	54.60	-801.8
5.498	-290.8	104.7	-199.8	28.15	-805.5
5.531	-291.7	102.2	-199.3	1.140	-788.0
5.564	-291.0	104.4	-199.7	-24.81	-758.6
5.598	-288.5	110.5	-201.0	-49.06	-709.6
5.631	-284.2	120.7	-203.0	-72.35	-688.3
5.664	-278.2	134.4	-205.8	-94.67	-662.0
5.698	-269.4	151.2	-209.3	-116.6	-637.9
5.731	-257.8	171.0	-213.6	-137.1	-575.5
5.764	-242.2	192.3	-218.5	-155.2	-512.5
5.798	-223.1	214.6	-223.9	-171.1	-472.3
5.831	-199.9	237.0	-229.9	-186.6	-402.5
5.864	-171.9	257.9	-236.3	-198.4	-311.5
5.897	-140.4	276.5	-243.1	-206.8	-214.1
5.931	-105.6	291.7	-250.1	-213.1	-175.0
5.964	-68.49	303.1	-257.3	-217.9	-88.55
5.997	-29.11	309.8	-264.6	-219.7	-10.40
6.031	10.39	311.4	-271.9	-217.9	56.95
6.064	49.60	307.8	-279.2	-216.2	117.8
6.097	87.55	299.1	-286.3	-210.4	234.1
6.131	122.7	286.7	-293.2	-200.2	331.9
6.164	154.3	271.0	-299.7	-188.2	384.6
6.197	182.1	253.2	-305.7	-174.7	437.5
6.231	205.8	234.3	-311.3	-159.1	503.3
6.264	225.5	215.4	-316.3	-141.1	593.2
6.297	241.3	197.4	-320.7	-119.7	664.3
6.331	253.2	181.9	-324.3	-96.51	696.9
6.364	261.8	169.2	-327.1	-73.38	696.3
6.397	267.8	159.7	-329.2	-50.02	709.7
6.431	270.9	153.5	-330.5	-26.20	705.8
6.464	272.1	151.2	-330.9	-2.762	688.6
6.497	271.1	152.4	-330.7	19.56	707.8
6.531	268.6	157.4	-329.6	44.06	725.2
6.564	263.3	166.4	-327.7	68.55	687.9
6.597	255.4	178.4	-325.1	89.73	623.8
6.631	244.7	193.0	-321.7	110.0	592.8
6.664	230.7	209.7	-317.7	129.4	577.0
6.697	213.1	227.6	-313.1	148.2	532.8
6.730	191.4	246.2	-307.9	165.2	451.1
6.764	165.8	264.3	-302.1	178.2	354.4
6.797	136.7	280.4	-296.0	188.7	302.7
6.830	104.2	293.7	-289.5	198.3	227.1
6.864	68.85	303.8	-282.8	204.3	139.2
6.897	32.13	310.0	-275.9	207.1	55.71
6.930	-5.594	311.2	-269.0	208.3	-20.74
6.964	-43.10	308.1	-262.0	205.7	-118.8
6.997	-79.17	300.9	-255.3	200.2	-202.1
7.030	-112.9	289.4	-248.7	192.4	-275.3
7.064	-143.6	275.2	-242.4	181.8	-331.9
7.097	-170.7	258.7	-236.6	170.0	-376.1
7.130	-194.5	241.1	-231.1	157.0	-450.7
7.164	-214.5	223.1	-226.1	140.2	-535.8
7.197	-230.8	206.1	-221.8	120.9	-587.0
7.230	-243.7	190.9	-218.1	101.1	-619.3
7.264	-253.3	177.6	-215.0	79.75	-652.3
7.297	-259.9	167.2	-212.7	57.46	-670.7
7.330	-264.2	160.1	-211.2	35.09	-698.3
7.364	-266.5	156.4	-210.4	11.10	-685.4
7.397	-266.3	156.7	-210.5	-11.23	-645.2
7.430	-264.3	159.8	-211.2	-31.33	-595.3
7.463	-260.4	166.3	-212.6	-51.19	-595.1
7.497	-254.5	175.4	-214.6	-70.71	-589.9
7.530	-246.2	187.3	-217.3	-90.66	-570.8
7.563	-235.0	201.5	-220.6	-108.9	-514.0
7.597	-220.8	217.2	-224.5	-124.8	-450.7
7.630	-203.7	233.7	-228.9	-138.9	-402.4
7.663	-183.2	250.1	-233.8	-151.6	-342.4
7.697	-159.6	265.9	-239.0	-162.0	-291.9
7.730	-133.4	280.5	-244.6	-170.7	-233.4
7.763	-104.2	292.7	-250.4	-177.8	-172.6
7.797	-73.01	302.2	-256.4	-182.1	-97.97
7.830	-40.38	308.5	-262.5	-184.4	-44.59
7.863	-7.036	311.2	-268.7	-185.0	27.24
7.897	26.42	310.3	-274.9	-182.8	99.70
7.930	58.86	306.1	-280.9	-178.1	167.3
7.963	89.71	298.4	-286.7	-171.8	230.2
7.997	118.4	288.4	-292.3	-162.7	303.4
8.030	144.4	276.4	-297.6	-151.4	358.1
8.063	167.2	263.2	-302.4	-138.8	395.2
8.097	187.1	249.8	-306.8	-125.1	450.9
8.130	203.7	236.3	-310.8	-109.0	505.6
8.163	217.1	224.1	-314.1	-91.14	566.3
8.197	227.4	213.3	-316.8	-71.55	606.8
8.230	234.8	205.1	-318.9	-50.37	626.2
8.263	239.8	199.8	-320.2	-29.85	612.2
8.296	241.7	196.8	-320.8	-9.608	594.4
8.330	241.6	196.8	-320.8	9.858	581.7
8.363	239.4	199.5	-320.2	28.99	576.6
8.396	234.9	204.9	-318.9	48.36	582.1
8.430	227.8	212.7	-317.0	67.73	553.5
8.463	218.2	222.9	-314.4	85.52	514.9
8.496	205.8	234.5	-311.3	101.8	478.1
8.530	190.3	247.0	-307.6	117.5	453.2
8.563	171.7	260.0	-303.4	131.9	403.6
8.596	150.2	273.0	-298.8	144.5	346.2
8.630	125.8	285.1	-293.8	155.0	268.2
8.663	98.76	295.3	-288.5	162.6	210.3
8.696	70.00	303.7	-283.0	168.6	148.1
8.730	39.30	308.8	-277.3	172.8	71.34
8.763	7.954	311.2	-271.5	173.3	-2.803
8.796	-23.30	310.5	-265.7	172.4	-64.75
8.830	-54.15	306.3	-260.0	169.3	-140.1
8.863	-83.41	299.3	-254.4	162.8	-206.8
8.896	-110.7	290.3	-249.1	155.4	-258.7
8.930	-135.8	279.3	-244.1	145.9	-311.8
8.963	-157.9	267.1	-239.4	134.4	-360.1
8.996	-177.4	254.5	-235.1	122.0	-404.1
9.029	-193.9	241.8	-231.3	107.5	-465.7
9.063	-207.5	230.1	-228.0	90.87	-505.7
9.096	-218.1	219.8	-225.2	73.65	-526.3
9.129	-226.3	211.4	-223.0	55.92	-535.7
9.163	-232.1	205.3	-221.5	37.79	-561.1
9.196	-235.5	201.4	-220.5	18.76	-574.7
9.229	-236.2	199.9	-220.2	-0.781	-559.8
9.263	-235.0	201.3	-220.6	-18.59	-526.2
9.296	-231.8	205.0	-221.5	-35.66	-507.8
9.329	-226.7	211.1	-223.0	-52.54	-485.5
9.363	-219.1	218.9	-225.0	-68.06	-457.2
9.396	-209.1	228.2	-227.5	-82.86	-433.9
9.429	-197.0	239.0	-230.5	-97.10	-406.9
9.463	-182.2	250.5	-234.0	-110.0	-365.8
9.496	-165.0	262.3	-237.8	-121.5	-324.9
9.529	-145.2	273.8	-242.1	-131.6	-253.1
9.563	-123.2	284.7	-246.6	-138.6	-196.0
9.596	-99.62	294.2	-251.3	-144.2	-161.1
9.629	-74.09	301.9	-256.2	-149.7	-127.5
9.663	-47.22	307.4	-261.3	-152.7	-64.95
9.696	-19.63	310.6	-266.4	-153.9	-3.278
9.729	8.263	311.2	-271.5	-153.0	65.46
9.763	35.72	309.7	-276.6	-149.5	136.9
9.796	62.07	305.6	-281.5	-143.8	168.9
9.829	86.87	299.7	-286.2	-138.0	199.6
9.862	110.2	292.1	-290.7	-130.9	261.0
9.896	131.3	283.1	-294.9	-120.5	342.9
9.929	149.9	273.7	-298.7	-108.0	398.4
9.962	165.8	264.5	-302.1	-93.96	434.2
9.996	178.8	255.6	-305.0	-79.00	442.3
10.029	189.4	248.2	-307.4	-64.36	445.2
10.062	197.5	241.7	-309.3	-49.55	461.3
10.096	203.4	236.9	-310.7	-33.55	499.4
10.129	206.9	233.9	-311.5	-16.33	514.4
10.162	207.9	233.0	-311.7	0.958	495.8
10.196	206.7	234.2	-311.4	16.71	467.0
10.229	203.4	237.1	-310.6	31.93	489.4
10.262	197.9	241.7	-309.3	49.11	483.7
10.296	189.5	248.2	-307.4	64.85	436.2
10.329	179.0	255.8	-305.0	77.69	380.1
10.362	166.2	264.1	-302.2	90.27	372.7
10.396	151.3	273.2	-299.0	102.4	349.2
10.429	133.6	281.9	-295.4	113.7	317.7
10.462	113.8	290.5	-291.4	123.6	256.7
10.496	91.76	297.9	-287.1	131.0	188.5
10.529	68.34	304.2	-282.7	135.9	140.7
10.562	43.72	308.7	-278.1	140.3	95.48
10.595	17.99	310.8	-273.3	142.6	37.25
10.629	-7.834	311.2	-268.6	142.5	-24.02
10.662	-33.50	309.2	-263.8	141.1	-77.25
10.695	-58.46	305.1	-259.2	137.4	-140.4
10.729	-82.12	299.4	-254.7	131.7	-202.3
10.762	-104.3	292.6	-250.4	124.0	-234.7
10.795	-124.3	284.6	-246.4	115.7	-288.1
10.829	-142.6	275.9	-242.7	105.3	-325.3
10.862	-158.1	267.1	-239.4	93.46	-350.4
10.895	-171.6	258.6	-236.4	82.28	-359.9
10.929	-182.8	250.6	-233.9	69.48	-422.3
10.962	-191.6	243.6	-231.8	54.25	-456.3
10.995	-198.3	238.6	-230.3	38.68	-483.9
11.029	-202.6	235.0	-229.2	22.44	-468.8
11.062	-204.4	233.4	-228.8	6.814	-467.1
11.095	-204.4	233.3	-228.8	-8.080	-437.2
11.129	-202.3	235.3	-229.3	-22.84	-427.3
11.162	-198.3	238.8	-230.3	-36.21	-414.1
11.195	-192.2	243.7	-231.7	-50.44	-408.0
11.229	-183.9	250.0	-233.7	-63.64	-382.1
11.262	-173.7	257.4	-236.0	-75.68	-329.3
11.295	-161.3	265.4	-238.7	-85.92	-312.2
11.329	-147.3	273.6	-241.7	-95.93	-285.2
11.362	-130.9	281.9	-245.1	-105.5	-245.3
11.395	-112.6	289.4	-248.7	-112.1	-187.1
11.428	-93.10	296.4	-252.6	-117.9	-149.9
11.462	-72.08	302.3	-256.6	-122.2	-106.5
11.495	-50.17	306.8	-260.7	-124.8	-70.25
11.528	-27.63	310.0	-264.9	-126.9	-27.58
11.562	-4.526	311.4	-269.2	-126.9	24.11
11.595	18.27	310.8	-273.4	-125.0	81.02
11.628	40.67	309.0	-277.5	-121.7	129.7
11.662	62.02	305.5	-281.5	-116.3	170.7
11.695	81.93	300.6	-285.2	-110.2	206.2
11.728	100.6	295.1	-288.8	-102.8	240.1
11.762	117.2	288.7	-292.1	-93.96	298.1
11.795	132.1	282.3	-295.1	-83.23	342.4
11.828	144.6	276.1	-297.6	-70.80	379.2
11.862	154.7	270.2	-299.8	-58.09	382.2
11.895	162.7	265.4	-301.5	-45.17	380.9
11.928	168.7	261.8	-302.8	-32.76	393.7
11.962	172.8	259.1	-303.7	-19.14	406.8
11.995	174.5	257.8	-304.1	-5.310	410.1
12.028	174.4	258.1	-304.0	7.960	418.9
12.062	172.3	259.8	-303.6	22.57	407.4
12.095	167.6	262.6	-302.5	35.57	372.9
12.128	161.4	266.7	-301.2	46.96	343.2
12.161	153.0	271.4	-299.4	58.63	349.4
12.195	142.7	276.8	-297.3	70.11	335.9
12.228	130.4	282.9	-294.7	81.18	310.9
12.261	116.1	289.3	-291.9	90.82	268.6
12.295	99.95	295.4	-288.7	99.08	227.7
12.328	82.12	300.9	-285.3	106.0	179.4
12.361	62.84	305.3	-281.6	111.1	128.0
12.395	42.60	308.5	-277.9	114.5	96.00
12.428	21.75	310.7	-274.0	117.4	45.44
12.461	0.218	311.0	-270.0	117.9	-13.44
12.495	-20.91	310.5	-266.1	116.1	-59.44
12.528	-41.63	308.2	-262.3	114.0	-85.44
12.561	-61.76	304.9	-258.5	110.4	-118.1
12.595	-80.70	300.1	-254.9	106.0	-166.1
12.628	-98.64	294.6	-251.5	99.71	-227.8
12.661	-114.9	288.8	-248.3	90.62	-259.7
12.695	-129.2	282.8	-245.4	82.09	-277.0
12.728	-141.9	276.4	-242.8	72.66	-315.2
12.761	-152.4	270.6	-240.6	60.80	-354.6
12.795	-160.9	265.5	-238.8	48.98	-341.9
12.828	-167.4	261.2	-237.3	37.96	-345.7
12.861	-172.4	257.9	-236.3	26.20	-373.8
12.895	-175.3	255.9	-235.6	12.90	-404.2
12.928	-176.1	255.2	-235.4	-0.746	-396.5
12.961	-175.3	256.4	-235.6	-13.66	-372.9
12.994	-172.4	258.4	-236.3	-25.50	-356.7
13.028	-167.7	261.7	-237.3	-37.36	-344.2
13.061	-161.1	265.9	-238.8	-48.59	-304.1
13.094	-152.7	270.8	-240.6	-57.68	-280.3
13.128	-142.8	276.0	-242.6	-66.88	-272.0
13.161	-131.2	281.9	-245.0	-76.20	-262.2
13.194	-117.9	287.6	-247.7	-84.19	-222.1
13.228	-102.9	293.0	-250.6	-91.12	-181.6
13.261	-86.74	298.3	-253.8	-96.25	-157.6
13.294	-69.61	303.0	-257.1	-101.4	-107.6
13.328	-51.14	306.9	-260.5	-104.0	-65.92
13.361	-32.56	309.6	-264.0	-105.1	-13.47
13.394	-13.36	311.3	-267.5	-105.5	6.685E-2
13.428	5.588	311.8	-271.0	-104.6	45.32
13.461	24.51	310.6	-274.5	-102.9	78.10
13.494	42.71	308.5	-277.9	-99.18	140.9
13.528	60.07	305.6	-281.1	-93.67	171.5
13.561	76.09	302.4	-284.1	-87.41	181.5
13.594	90.90	298.3	-286.9	-81.72	211.0
13.628	104.5	293.9	-289.6	-73.64	242.2
13.661	116.1	289.4	-291.9	-65.02	278.9
13.694	126.3	285.1	-293.9	-55.65	315.9
13.727	134.5	281.3	-295.6	-43.65	362.2
13.761	140.7	278.3	-296.8	-31.48	360.4
13.794	144.8	276.3	-297.7	-19.60	360.6
13.827	147.1	275.3	-298.1	-7.558	363.5
13.861	147.4	275.3	-298.2	4.716	332.8
13.894	145.7	276.2	-297.8	14.86	296.0
13.927	142.7	278.0	-297.2	24.03	301.6
13.961	137.8	279.9	-296.2	34.97	331.8
13.994	131.2	283.3	-294.8	46.32	311.2
14.027	122.4	286.8	-293.1	55.85	276.9
14.061	112.3	290.9	-291.1	64.50	263.6
14.094	100.7	295.4	-288.8	73.50	238.4
14.127	87.18	299.6	-286.2	80.62	170.2
14.161	72.55	303.4	-283.4	84.78	133.0
14.194	57.23	306.6	-280.6	89.10	135.9
14.227	40.77	309.3	-277.5	94.14	116.6
14.261	23.37	310.8	-274.3	96.99	62.36
14.294	5.679	311.3	-271.0	98.11	15.15
14.327	-12.16	311.2	-267.8	98.08	-32.30
14.361	-29.77	309.7	-264.5	95.99	-79.01
14.394	-46.72	307.6	-261.4	92.66	-93.24
14.427	-62.89	304.6	-258.3	89.72	-130.6
14.461	-78.46	300.9	-255.4	84.43	-191.4
14.494	-92.40	296.8	-252.7	76.53	-204.5
14.527	-104.9	292.7	-250.3	70.57	-200.4
14.560	-116.5	288.3	-248.0	63.80	-231.7
14.594	-126.2	284.0	-246.0	54.73	-294.3
14.627	-134.4	280.0	-244.4	44.43	-297.1
14.660	-140.8	277.1	-243.1	34.46	-294.4
14.694	-145.6	274.6	-242.1	25.22	-302.7
14.727	-149.0	273.2	-241.4	14.24	-329.3
14.760	-150.1	272.1	-241.1	3.102	-324.1
14.794	-149.7	272.1	-241.2	-7.304	-302.3
14.827	-147.6	273.0	-241.6	-17.08	-314.2
14.860	-144.2	275.0	-242.3	-27.95	-317.7
14.894	-138.7	277.8	-243.5	-38.71	-285.7
14.927	-131.8	281.4	-244.9	-46.89	-225.3
14.960	-123.5	285.1	-246.6	-53.66	-214.2
14.994	-114.0	289.1	-248.5	-60.94	-206.8
15.027	-103.0	293.4	-250.6	-67.78	-178.4
15.060	-91.03	297.7	-253.0	-72.70	-139.5
15.094	-77.92	301.1	-255.5	-77.03	-122.2
15.127	-63.99	304.4	-258.1	-80.88	-114.9
15.160	-49.33	307.3	-260.9	-84.59	-94.39
15.194	-33.79	309.3	-263.8	-87.37	-53.38
15.227	-17.88	310.5	-266.7	-88.12	1.717
15.260	-1.968	311.2	-269.6	-87.25	53.43
15.293	13.68	311.0	-272.5	-84.59	87.16
15.327	28.64	310.2	-275.3	-81.24	104.5
15.360	43.03	308.8	-277.9	-77.75	105.7
15.393	56.62	306.8	-280.5	-74.08	136.0
15.427	69.45	304.0	-282.9	-68.97	181.4
15.460	81.04	301.3	-285.1	-61.79	212.1
15.493	91.22	298.6	-287.0	-54.72	218.2
15.527	100.0	295.5	-288.7	-47.42	235.4
15.560	107.5	292.9	-290.1	-39.01	255.6
15.593	113.3	290.6	-291.3	-30.31	282.6
15.627	117.6	288.7	-292.2	-20.38	306.5
15.660	120.0	287.5	-292.7	-9.614	305.7
15.693	120.8	287.2	-292.8	2.236E-3	262.0
15.727	120.1	287.8	-292.7	7.908	259.7
15.760	118.2	288.5	-292.3	16.85	282.9
15.793	114.5	290.1	-291.5	27.17	281.4
15.827	109.1	292.2	-290.5	35.65	249.7
15.860	102.4	294.6	-289.2	43.57	227.2
15.893	94.14	297.4	-287.6	51.01	210.6
15.927	84.70	300.1	-285.8	57.47	188.5
15.960	74.03	302.8	-283.7	63.63	184.5
15.993	62.21	305.2	-281.5	69.68	142.7
16.027	49.21	307.5	-279.1	73.50	116.0
16.060	35.92	309.5	-276.6	76.80	80.43
16.093	21.61	310.9	-274.0	79.50	41.05
16.126	7.196	311.7	-271.3	79.24	9.545
16.160	-7.101	311.6	-268.7	79.86	-11.51
16.193	-21.75	311.0	-266.0	79.07	-42.84
16.226	-35.70	309.8	-263.4	76.48	-86.45
16.260	-49.26	307.7	-260.9	73.62	-95.61
16.293	-62.06	305.6	-258.5	69.87	-135.0
16.326	-74.08	302.7	-256.2	64.91	-164.3
16.360	-84.88	299.9	-254.2	58.67	-197.5
16.393	-94.46	296.7	-252.3	51.89	-194.9
16.426	-102.8	294.0	-250.7	45.40	-217.1
16.460	-110.0	291.2	-249.3	37.89	-224.8
16.493	-115.6	289.1	-248.2	29.89	-247.3
16.526	-120.0	287.3	-247.3	21.87	-261.5
16.560	-122.7	285.7	-246.8	12.23	-273.8
16.593	-124.0	285.2	-246.5	3.496	-255.1
16.626	-123.8	284.9	-246.5	-4.603	-232.1
16.660	-122.3	285.6	-246.8	-12.13	-236.5
16.693	-119.9	287.0	-247.3	-20.06	-234.5
16.726	-115.8	288.7	-248.2	-28.10	-209.0
16.760	-110.4	290.5	-249.2	-33.97	-202.9
16.793	-104.2	292.9	-250.4	-41.16	-204.7
16.826	-96.34	295.5	-251.9	-48.28	-197.8
16.859	-87.53	298.0	-253.6	-53.87	-156.9
16.893	-77.68	301.1	-255.5	-59.04	-105.0
16.926	-66.94	303.6	-257.6	-60.98	-80.23
16.959	-56.14	305.8	-259.6	-63.70	-84.99
16.993	-44.32	308.0	-261.8	-67.30	-76.04
17.026	-32.12	309.8	-264.1	-68.57	-43.09
17.059	-19.67	310.9	-266.4	-70.03	-30.31
17.093	-6.815	311.8	-268.7	-70.85	1.708
17.126	5.994	311.8	-271.1	-69.81	54.56
17.159	18.49	311.2	-273.4	-67.26	84.46
17.193	30.33	310.2	-275.6	-64.03	100.3
17.226	41.62	309.2	-277.7	-60.65	114.8
17.259	52.15	307.5	-279.6	-56.39	144.9
17.293	61.80	305.8	-281.4	-51.01	159.6
17.326	70.31	304.0	-283.0	-45.60	188.3
17.359	78.02	302.5	-284.5	-38.81	203.4
17.393	84.07	300.9	-285.6	-31.55	202.9
17.426	89.02	299.3	-286.6	-25.54	196.4
17.459	92.85	297.9	-287.3	-18.55	232.1
17.493	95.50	297.4	-287.8	-10.06	241.8
17.526	96.41	297.0	-288.0	-2.139	226.3
17.559	96.26	297.2	-287.9	4.788	200.5
17.592	94.77	297.6	-287.7	11.36	216.1
17.626	92.24	298.2	-287.2	18.87	214.2
17.659	88.18	299.5	-286.4	26.12	210.8
17.692	83.05	300.5	-285.4	32.51	181.2
17.726	76.77	302.5	-284.2	38.53	164.3
17.759	69.58	304.3	-282.9	43.26	151.3
17.792	61.44	305.8	-281.4	48.54	146.6
17.826	52.27	307.6	-279.6	53.25	131.6
17.859	42.38	309.0	-277.8	57.13	110.2
17.892	31.72	310.3	-275.8	60.71	85.30
17.926	20.48	311.4	-273.8	62.86	33.35
17.959	8.968	311.6	-271.6	62.96	22.27
17.992	-2.351	311.6	-269.6	63.90	14.70
18.026	-14.17	310.9	-267.4	64.56	-22.36
18.059	-25.68	310.0	-265.3	62.19	-68.54
18.092	-36.61	309.1	-263.2	59.77	-77.91
18.126	-47.13	307.3	-261.3	57.23	-95.62
18.159	-57.03	305.7	-259.4	53.36	-120.5
18.192	-66.14	304.0	-257.7	49.11	-151.3
18.226	-74.48	302.3	-256.2	43.49	-166.3
18.259	-81.41	300.2	-254.8	37.64	-188.2
18.292	-87.48	298.2	-253.7	31.37	-179.6
18.326	-92.31	297.1	-252.7	25.19	-184.0
18.359	-96.25	295.7	-252.0	19.53	-175.6
18.392	-99.08	295.0	-251.4	13.23	-201.7
18.425	-100.9	294.4	-251.1	6.344	-220.2
18.459	-101.3	294.5	-251.0	-1.621	-218.6
18.492	-100.4	294.9	-251.2	-8.371	-194.3
18.525	-98.42	295.4	-251.6	-14.35	-176.5
18.559	-95.32	296.1	-252.2	-20.25	-168.3
18.592	-91.35	297.3	-252.9	-25.52	-160.6
18.625	-86.50	298.8	-253.9	-30.89	-157.7
18.659	-80.60	300.4	-255.0	-36.13	-129.1
18.692	-73.92	302.4	-256.3	-39.64	-122.5
18.725	-66.70	303.9	-257.6	-43.81	-115.4
18.759	-58.45	305.9	-259.2	-47.91	-102.9
18.792	-49.70	307.3	-260.8	-50.30	-65.07
18.825	-40.43	308.6	-262.5	-52.41	-66.16
18.859	-30.90	309.8	-264.3	-54.52	-43.64
18.892	-20.82	310.8	-266.2	-55.65	-15.46
18.925	-10.79	311.0	-268.0	-55.27	16.11
18.959	-0.801	311.2	-269.9	-54.67	24.49
18.992	9.003	311.2	-271.7	-53.60	54.58
19.025	18.63	311.3	-273.4	-51.20	80.05
19.059	27.55	310.6	-275.1	-48.01	104.8
19.092	35.96	309.7	-276.6	-44.42	105.8
19.125	43.55	308.8	-278.0	-40.73	106.4
19.158	50.64	308.0	-279.3	-37.48	124.6
19.192	56.95	306.5	-280.5	-32.57	137.2
19.225	62.23	305.7	-281.5	-27.92	170.8
19.258	66.98	305.0	-282.4	-21.84	175.3
19.292	70.02	304.2	-283.0	-15.42	162.0
19.325	72.39	303.5	-283.4	-11.46	174.2
19.358	74.05	303.2	-283.7	-4.224	199.8
19.392	73.92	303.3	-283.7	2.766	177.4
19.425	73.12	303.6	-283.5	7.038	126.1
19.458	71.40	303.8	-283.2	11.34	171.1
19.492	69.04	304.2	-282.8	17.95	181.9
19.525	65.02	305.1	-282.0	24.32	157.1
19.558	60.41	306.0	-281.2	27.92	128.8
19.592	55.07	307.0	-280.2	32.81	123.3
19.625	48.64	307.8	-279.0	36.58	113.6
19.658	41.90	308.6	-277.7	39.86	86.54
19.692	34.27	309.2	-276.3	42.84	81.74
19.725	26.45	309.9	-274.9	44.89	64.03
19.758	18.07	310.4	-273.3	47.33	60.86
19.792	9.355	310.8	-271.7	48.90	29.16
19.825	0.395	310.9	-270.1	49.35	14.98
19.858	-8.499	311.1	-268.4	49.68	-6.198
19.892	-17.58	310.7	-266.8	49.25	-27.25
19.925	-26.29	310.1	-265.2	47.62	-63.54
19.958	-34.75	309.3	-263.6	45.21	-78.61
19.991	-42.59	308.5	-262.1	42.16	-99.99
20.025	-49.91	307.4	-260.8	38.72	-99.04
20.058	-56.36	305.9	-259.6	35.33	-107.8
20.091	-62.44	304.8	-258.4	31.80	-130.3
20.125	-67.61	303.5	-257.4	26.60	-127.5
20.158	-71.79	302.6	-256.7	22.90	-149.2
20.191	-75.64	301.5	-255.9	17.52	-150.6
20.225	-77.87	300.8	-255.5	11.80	-169.7
20.258	-79.77	300.4	-255.1	7.079	-165.9
20.291	-80.51	300.7	-255.0	0.319	-185.6
20.325	-80.00	300.8	-255.1	-5.307	-165.8
20.358	-78.64	301.2	-255.4	-10.60	-144.6
20.391	-76.25	301.6	-255.8	-15.13	-129.0
20.425	-73.33	302.5	-256.4	-18.99	-127.1
20.458	-69.56	303.2	-257.1	-23.60	-114.4
20.491	-64.98	304.3	-257.9	-26.91	-95.86
20.525	-60.09	305.5	-258.9	-29.59	-101.9
20.558	-54.54	306.8	-259.9	-33.79	-95.46
20.591	-48.09	307.9	-261.1	-36.32	-69.57
20.625	-41.57	309.1	-262.3	-37.95	-59.36
20.658	-34.50	310.1	-263.7	-40.48	-70.19
20.691	-26.96	310.5	-265.0	-42.60	-46.01
20.724	-19.06	310.8	-266.5	-43.67	12.70
20.758	-11.14	311.0	-267.9	-41.90	22.16
20.791	-3.893	311.1	-269.3	-41.46	34.07
20.824	3.864	311.4	-270.7	-40.60	41.44
20.858	10.81	311.4	-272.0	-37.92	57.91
20.891	17.61	311.3	-273.2	-37.01	34.53
20.924	24.21	310.7	-274.5	-35.67	61.38
20.958	30.48	310.0	-275.6	-32.99	83.50
20.991	36.08	309.3	-276.7	-29.90	107.2
21.024	41.20	308.5	-277.6	-26.10	125.4
21.058	45.40	307.7	-278.4	-21.33	160.8
21.091	48.81	307.2	-279.0	-15.59	158.5
21.124	51.03	307.2	-279.4	-10.35	131.8
21.158	52.63	307.3	-279.7	-7.025	107.0
21.191	53.64	307.3	-279.9	-3.327	120.2
21.224	53.85	307.3	-279.9	1.051	124.7
21.258	53.30	307.6	-279.8	5.060	131.3
21.291	52.08	307.8	-279.6	9.590	120.3
21.324	49.80	307.8	-279.2	13.45	103.3
21.358	47.16	308.0	-278.7	16.16	112.0
21.391	44.03	308.8	-278.1	20.78	120.2
21.424	39.77	309.5	-277.3	24.68	90.16
21.458	35.11	309.6	-276.5	26.48	65.33
21.491	30.19	310.3	-275.6	28.94	84.35
21.524	24.70	311.0	-274.5	32.17	79.87
21.557	18.57	311.5	-273.4	34.45	44.50
21.591	12.21	311.3	-272.2	35.07	31.50
21.624	5.857	311.8	-271.1	36.29	11.35
21.657	-0.943	311.6	-269.8	36.32	7.747
21.691	-7.305	311.2	-268.7	36.16	-17.23
21.724	-14.02	310.9	-267.4	35.83	-7.107
21.757	-20.25	310.4	-266.3	35.07	-39.10
21.791	-26.68	309.9	-265.1	33.84	-41.83
21.824	-32.47	309.6	-264.0	31.73	-57.68
21.857	-38.16	309.2	-263.0	30.34	-68.84
21.891	-43.44	308.8	-262.0	27.16	-112.4
21.924	-47.89	307.8	-261.2	22.74	-111.9
21.957	-51.56	307.3	-260.5	19.46	-99.71
21.991	-54.82	306.5	-259.9	16.46	-95.15
22.024	-57.44	306.3	-259.4	12.88	-109.7
22.057	-59.52	306.2	-259.0	9.309	-124.9
22.091	-60.84	306.1	-258.8	4.572	-107.0
22.124	-61.09	305.6	-258.7	1.733	-106.3
22.157	-61.37	305.6	-258.6	-1.708	-112.6
22.191	-60.47	305.6	-258.8	-6.472	-109.7
22.224	-59.05	305.9	-259.1	-8.844	-91.35
22.257	-57.28	306.0	-259.4	-12.24	-116.9
22.290	-54.64	306.5	-259.9	-16.92	-99.76
22.324	-51.29	307.3	-260.5	-19.14	-79.96
22.357	-47.81	307.6	-261.2	-21.61	-73.07
22.390	-43.47	308.0	-262.0	-24.60	-82.71
22.424	-39.01	309.0	-262.8	-26.73	-54.84
22.457	-33.88	309.2	-263.7	-28.56	-29.92
22.490	-28.67	309.5	-264.7	-28.62	-15.95
22.524	-23.55	309.8	-265.7	-29.37	-10.45
22.557	-18.10	310.7	-266.7	-29.73	-24.25
22.590	-12.84	310.9	-267.6	-30.46	7.749
22.624	-7.081	311.2	-268.7	-29.96	0.278
22.657	-1.997	311.2	-269.6	-29.52	30.13
22.690	3.605	311.4	-270.7	-28.92	25.01
22.724	8.478	311.4	-271.6	-27.05	51.92
22.757	13.41	311.4	-272.5	-25.96	61.52
22.790	17.88	311.0	-273.3	-22.85	77.56
22.824	21.67	310.8	-274.0	-20.50	64.64
22.857	25.32	311.0	-274.7	-18.85	66.08
22.890	28.53	310.9	-275.2	-16.05	79.78
22.924	31.11	310.3	-275.7	-13.39	95.67
22.957	33.37	310.3	-276.1	-9.947	118.7
22.990	34.75	310.4	-276.4	-5.271	121.3
23.024	35.31	310.5	-276.5	-1.736	96.15
23.057	35.41	310.6	-276.5	0.962	103.2
23.090	34.97	310.6	-276.4	5.004	105.6
23.123	33.59	310.7	-276.2	8.416	89.93
23.157	31.92	310.8	-275.9	10.65	68.21
23.190	29.70	310.7	-275.5	13.10	53.50
23.223	27.13	310.7	-275.0	14.29	57.61
23.257	24.51	310.8	-274.5	16.54	66.75
23.290	21.11	310.7	-273.9	19.23	74.76
23.323	17.52	310.8	-273.2	21.19	51.21
23.357	13.45	311.1	-272.5	22.90	43.45
23.390	9.241	311.2	-271.7	23.89	38.12
23.423	4.794	311.1	-270.9	25.45	10.65
23.457	2.519E-2	311.5	-270.0	24.96	12.45
23.490	-4.244	311.4	-269.2	25.49	11.02
23.523	-9.199	311.1	-268.3	26.57	-8.568
23.557	-13.85	310.9	-267.4	24.57	-31.33
23.590	-18.08	310.7	-266.7	24.15	-27.44
23.623	-22.58	310.4	-265.8	23.35	-42.73
23.657	-26.51	310.1	-265.1	20.88	-45.92
23.690	-30.12	309.8	-264.4	20.21	-54.82
23.723	-33.82	309.7	-263.8	17.80	-76.07
23.757	-36.56	309.4	-263.3	14.46	-71.64
23.790	-39.06	309.3	-262.8	13.28	-57.09
23.823	-41.39	309.2	-262.4	10.89	-103.6
23.856	-43.01	309.1	-262.1	6.284	-100.9
23.890	-43.65	309.0	-262.0	3.658	-68.88
23.923	-44.35	309.1	-261.8	2.303	-63.54
23.956	-44.52	309.1	-261.8	-0.758	-71.95
23.990	-44.09	309.2	-261.9	-2.710	-75.07
24.023	-43.54	309.2	-262.0	-5.293	-72.83
24.056	-42.18	309.4	-262.2	-8.090	-79.90
24.090	-40.62	309.5	-262.5	-10.21	-59.90
24.123	-38.48	309.7	-262.9	-12.38	-50.20
24.156	-36.12	309.8	-263.3	-13.43	-50.07
24.190	-33.60	309.9	-263.8	-15.54	-56.23
24.223	-30.49	310.2	-264.4	-17.52	-39.24
24.256	-27.26	310.4	-265.0	-18.00	-39.17
24.290	-23.97	310.4	-265.6	-19.87	-41.51
24.323	-20.07	310.6	-266.3	-21.29	-5.312
24.356	-16.27	310.8	-267.0	-20.02	10.60
24.390	-12.82	310.9	-267.6	-20.20	-3.630
24.423	-8.963	311.0	-268.3	-20.80	12.60
24.456	-5.299	311.2	-269.0	-19.20	26.36
24.490	-2.018	311.3	-269.6	-18.73	18.69
24.523	1.480	311.4	-270.3	-18.41	29.55
24.556	4.649	311.5	-270.9	-16.55	44.99
24.590	7.476	311.5	-271.4	-15.31	28.60
24.623	10.21	311.7	-271.9	-14.74	54.41
24.656	12.83	311.6	-272.4	-11.99	65.99
24.689	14.56	311.6	-272.7	-9.659	56.13
24.723	16.34	311.6	-273.0	-8.782	52.50
24.756	17.76	311.8	-273.3	-6.101	68.99
24.789	18.56	311.7	-273.4	-3.916	60.90
24.823	19.19	311.9	-273.5	-2.299	47.12
24.856	19.41	311.9	-273.6	-0.610	63.43
24.889	19.42	311.9	-273.6	1.686	71.00
24.923	18.80	311.9	-273.4	4.391	72.74
24.956	17.82	311.9	-273.3	6.418	39.31
24.989	16.45	311.9	-273.0	7.206	27.42
25.023	15.20	312.0	-272.8	7.887	40.97
25.056	13.59	312.0	-272.5	10.06	58.06
25.089	11.53	311.8	-272.1	11.89	34.00
25.123	9.267	311.8	-271.7	12.34	12.88
25.156	7.052	311.7	-271.3	12.57	34.61
25.189	4.703	311.7	-270.9	14.54	50.41
25.223	1.776	311.6	-270.3	16.31	30.34
25.256	-1.209	311.5	-269.8	16.40	2.047
25.289	-4.163	311.4	-269.2	16.39	1.790E-2
25.323	-7.142	311.2	-268.7	16.43	0.261
25.356	-10.11	311.1	-268.1	16.39	-31.72
25.389	-13.07	311.0	-267.6	14.58	-27.92
25.422	-15.38	310.8	-267.2	13.86	-4.801
25.456	-18.08	310.6	-266.7	14.84	-10.42
25.489	-20.74	310.5	-266.2	13.20	-49.69
25.522	-22.85	310.4	-265.8	11.18	-50.50
25.556	-24.77	310.2	-265.4	10.01	-21.25
25.589	-26.47	310.2	-265.1	9.601	-20.39
25.622	-28.25	310.0	-264.8	8.954	-47.18
25.656	-29.71	310.0	-264.5	6.394	-65.76
25.689	-30.57	310.0	-264.4	4.297	-49.34
25.722	-31.27	310.0	-264.2	3.292	-53.56
25.756	-31.76	309.9	-264.1	0.896	-49.46
25.789	-31.59	309.9	-264.2	-0.513	-56.36
25.822	-31.58	309.9	-264.2	-2.174	-55.26
25.856	-30.81	310.0	-264.3	-4.782	-60.43
25.889	-29.85	310.0	-264.5	-5.955	-24.24
25.922	-28.65	310.1	-264.7	-6.524	-17.57
25.956	-27.49	310.2	-264.9	-6.934	-12.51
25.989	-26.15	310.3	-265.2	-7.503	-34.91
26.022	-24.78	310.4	-265.4	-9.004	-49.93
26.056	-22.89	310.5	-265.8	-11.13	-35.97
26.089	-20.75	310.5	-266.2	-11.45	-11.62
26.122	-18.75	310.6	-266.5	-11.62	-1.655
26.156	-16.55	310.8	-267.0	-11.82	-2.889
26.189	-14.48	310.8	-267.3	-11.61	4.582
26.222	-12.35	310.9	-267.7	-11.62	3.672
26.255	-10.27	311.0	-268.1	-11.33	9.824
26.289	-8.252	311.1	-268.5	-10.97	-1.147
26.322	-6.305	311.2	-268.8	-11.30	2.528
26.355	-4.165	311.2	-269.2	-11.09	14.77
26.389	-2.290	311.2	-269.6	-10.07	14.93
26.422	-0.520	311.3	-269.9	-10.08	6.032
26.455	1.358	311.4	-270.2	-9.862	14.36
26.489	3.053	311.5	-270.6	-8.985	39.82
26.522	4.614	311.5	-270.8	-7.357	56.02
26.555	5.719	311.5	-271.1	-5.090	40.53
26.589	6.459	311.5	-271.2	-4.488	33.20
26.622	7.346	311.5	-271.4	-3.357	45.72
26.655	7.679	311.7	-271.4	-1.054	55.22
26.689	7.731	311.7	-271.4	0.245	21.80
26.722	7.590	311.6	-271.4	0.484	26.27
26.755	7.556	311.7	-271.4	1.629	18.45
26.789	6.998	311.6	-271.3	2.280	42.19
26.822	6.728	311.6	-271.2	3.694	41.15
26.855	5.659	311.6	-271.0	5.781	43.54
26.889	4.632	311.6	-270.9	6.174	6.074
26.922	3.420	311.5	-270.6	6.391	8.922
26.955	2.315	311.5	-270.4	6.548	5.400
26.988	1.047	311.5	-270.2	6.930	29.95
27.022	-0.196	311.4	-270.0	8.259	13.77
27.055	-1.944	311.4	-269.6	8.433	14.96
27.088	-3.249	311.3	-269.4	8.521	-9.138
27.122	-5.028	311.2	-269.1	8.555	10.25
27.155	-6.345	311.2	-268.8	8.478	12.69
27.188	-8.097	311.2	-268.5	9.896	0.342
27.222	-9.926	311.1	-268.2	8.608	-14.82
27.255	-11.21	311.0	-267.9	8.278	-19.43
27.288	-12.92	310.9	-267.6	8.061	7.916
27.322	-14.12	310.8	-267.4	8.044	-23.92
27.355	-15.82	310.7	-267.1	7.355	-28.97
27.388	-16.78	310.7	-266.9	5.322	-40.92
27.422	-17.75	310.7	-266.7	4.985	-6.488
27.455	-18.58	310.6	-266.6	4.760	-14.18
27.488	-19.47	310.6	-266.4	4.230	-12.87
27.522	-20.11	310.5	-266.3	3.672	-43.01
27.555	-20.80	310.5	-266.2	1.780	-52.27
27.588	-20.76	310.5	-266.2	-0.379	-33.83
27.622	-20.66	310.5	-266.2	-0.268	-13.42
27.655	-20.66	310.5	-266.2	-1.031	-14.20
27.688	-20.29	310.5	-266.3	-1.608	-11.82
27.722	-20.08	310.6	-266.3	-1.496	-28.05
27.755	-19.74	310.5	-266.4	-3.412	-50.82
27.788	-18.84	310.6	-266.5	-5.250	-32.88
27.821	-17.85	310.7	-266.7	-5.457	-8.802
27.855	-16.87	310.7	-266.9	-5.738	-4.933
27.888	-15.77	310.7	-267.1	-5.911	-2.196
27.921	-14.73	310.8	-267.3	-5.788	1.941
27.955	-13.68	310.8	-267.5	-5.814	1.181
27.988	-12.63	310.9	-267.7	-5.714	1.202
28.021	-11.62	310.9	-267.9	-5.699	2.156
28.055	-10.57	311.0	-268.1	-5.628	0.957
28.088	-9.580	311.0	-268.2	-5.568	5.754
28.121	-8.557	311.0	-268.4	-5.336	4.700
28.155	-7.651	311.1	-268.6	-5.134	3.704
28.188	-6.701	311.2	-268.8	-5.180	-1.363
28.221	-5.776	311.1	-268.9	-5.176	8.649
28.255	-4.827	311.1	-269.1	-4.710	10.93
28.288	-4.072	311.2	-269.3	-4.271	34.42
28.321	-3.282	311.3	-269.4	-2.752	18.76
28.355	-3.077	311.3	-269.4	-2.369	27.77
28.388	-2.425	311.3	-269.6	-1.749	25.36
28.421	-2.444	311.3	-269.6	3.582E-2	27.60
28.455	-2.438	311.3	-269.6	-0.174	1.011
28.488	-2.380	311.3	-269.6	2.379E-2	8.796
28.521	-2.447	311.3	-269.5	0.509	6.457
28.554	-2.565	311.3	-269.5	0.473	12.25
28.588	-2.618	311.3	-269.5	1.132	6.186
28.621	-2.975	311.3	-269.5	1.254	-0.611
28.654	-3.071	311.2	-269.4	0.737	21.24
28.688	-3.242	311.3	-269.4	2.593	22.32
28.721	-4.011	311.3	-269.3	2.866	17.06
28.754	-4.280	311.3	-269.2	2.897	-7.129
28.788	-5.057	311.1	-269.1	3.156	11.15
28.821	-5.422	311.2	-269.0	2.970	13.27
28.854	-6.134	311.2	-268.9	4.415	-3.872
28.888	-7.018	311.1	-268.7	2.983	-12.76
28.921	-7.212	311.1	-268.7	2.716	-16.94
28.954	-8.000	311.1	-268.5	2.815	14.05
28.988	-8.231	311.1	-268.5	2.765	-15.25
29.021	-8.999	311.0	-268.3	2.672	12.16
29.054	-9.199	311.1	-268.3	2.681	-18.02
29.088	-9.970	311.0	-268.2	2.418	-20.53
29.121	-10.07	311.0	-268.1	0.556	-3.968
29.154	-10.17	311.0	-268.1	2.184	12.62
29.188	-10.86	311.0	-268.0	2.108	-13.83
29.221	-10.93	311.0	-268.0	0.523	-29.73
29.254	-11.05	310.9	-268.0	0.437	22.72
29.288	-11.09	311.0	-268.0	1.743	12.81
29.321	-11.68	310.9	-267.8	1.941	-13.67
29.354	-11.79	310.9	-267.8	0.287	-29.29
29.387	-11.78	310.9	-267.8	6.512E-2	-5.691
29.421	-11.82	310.9	-267.8	1.294E-2	-1.928
29.454	-11.79	311.0	-267.8	-0.131	-2.081
29.487	-11.77	310.9	-267.8	-9.664E-2	0.929
29.521	-11.75	310.9	-267.8	-7.142E-2	-2.919
29.554	-11.74	310.9	-267.8	-0.260	-2.565
29.587	-11.66	310.9	-267.9	-0.322	-3.861
29.621	-11.63	310.9	-267.9	-0.415	-6.214
29.654	-11.51	311.0	-267.9	-0.801	4.582
29.687	-11.34	311.0	-267.9	-0.224	9.903
29.721	-11.43	311.0	-267.9	0.141	3.970
29.754	-11.39	311.0	-267.9	-0.175	-18.66
29.787	-11.37	311.0	-267.9	-0.923	-22.33
29.821	-11.05	310.9	-268.0	-1.875	-8.614
29.854	-10.69	311.0	-268.0	-1.503	16.39
29.887	-10.51	311.0	-268.1	-0.655	18.68
29.921	-10.45	311.0	-268.1	-0.254	7.678
29.954	-10.42	311.0	-268.1	-0.167	3.050
29.987	-10.39	311.0	-268.1	-7.313E-2	2.037
30.021	-10.39	311.0	-268.1	-4.658E-3	0.211
30.054	-10.39	311.0	-268.1	-7.032E-2	-0.645
30.087	-10.37	311.0	-268.1	-6.560E-2	1.963
30.120	-10.37	311.0	-268.1	6.985E-2	2.343
30.154	-10.39	311.0	-268.1	0.113	-0.461
30.187	-10.41	311.0	-268.1	2.252E-2	-1.305
30.220	-10.40	311.0	-268.1	1.212E-2	-1.006E-2
30.254	-10.41	311.0	-268.1	4.157E-2	-6.030E-2
30.287	-10.42	311.0	-268.1	3.698E-3	-1.012
30.320	-10.41	311.0	-268.1	-3.145E-2	0.243
30.354	-10.40	311.0	-268.1	1.430E-2	
30.387	-10.42	311.0	-268.1		
