	mass A					
t	x	y	θ	ω	α	
1.635	252.5	-140.0	-29.01		
1.668	252.8	-139.5	-28.90	6.756	
1.701	253.7	-138.1	-28.56	20.08	504.0
1.735	256.1	-133.7	-27.56	41.10	769.7
1.768	260.4	-126.0	-25.82	70.53	738.6
1.801	264.5	-111.5	-22.86	93.31	579.8
1.835	271.1	-96.54	-19.60	106.6	486.3
1.868	277.8	-78.40	-15.76	126.1	547.0
1.901	284.0	-56.23	-11.20	143.8	335.1
1.935	289.2	-31.27	-6.172	149.1	280.3
1.968	295.0	-6.500	-1.262	159.3	347.8
2.001	295.6	22.97	4.443	175.4	366.7
2.035	293.1	53.93	10.42	182.8	225.0
2.068	287.1	85.69	16.62	190.1	206.0
2.102	276.8	118.0	23.09	196.8	162.6
2.135	262.8	150.1	29.74	200.9	45.04
2.168	244.9	181.0	36.48	200.2	-61.83
2.202	223.7	209.2	43.08	196.2	-27.71
2.235	199.8	234.4	49.55	197.7	21.46
2.268	172.1	257.6	56.25	199.1	-8.537
2.302	142.1	276.8	62.82	196.3	-75.49
2.335	110.4	292.5	69.33	194.2	-60.78
2.368	77.14	304.0	75.76	192.1	156.4
2.402	43.04	311.4	82.13	202.8	86.02
2.435	4.000	316.5	89.28	203.0	-110.2
2.468	-31.31	316.1	95.66	190.7	-211.1
2.502	-66.13	311.6	102.0	190.2	-20.16
2.535	-100.3	302.7	108.3	189.7	27.34
2.569	-133.0	290.2	114.6	191.4	27.23
2.602	-164.9	273.6	121.1	192.6	32.23
2.635	-194.2	253.5	127.5	192.5	-13.46
2.669	-221.3	229.8	133.9	192.5	-64.13
2.702	-244.7	203.2	140.3	188.1	-460.9
2.735	-265.2	175.8	146.5	164.1	-245.8
2.769	-277.7	152.5	151.2	163.3	154.4
2.802	-291.1	121.5	157.3	183.2	315.3
2.835	-300.7	89.46	163.4	181.5	-91.22
2.869	-306.7	57.21	169.4	177.2	-154.2
2.902	-309.4	25.77	175.2	171.1	-210.9
2.935	-308.3	-4.481	180.8	163.3	-283.2
2.969	-304.9	-32.69	186.1	152.3	-323.3
3.002	-299.7	-58.14	191.0	141.2	-378.0
3.036	-292.9	-81.41	195.5	127.9	-431.6
3.069	-285.7	-101.2	199.5	111.7	-89.74
3.102	-278.2	-118.0	203.0	118.9	-371.4
3.136	-263.0	-136.5	207.4	97.43	-855.5
3.169	-257.6	-145.5	209.5	50.93	-1.072E3
3.202	-253.9	-151.5	210.8	29.77	-637.9
3.236	-252.0	-154.1	211.5	8.275	-674.8
3.269	-252.4	-153.9	211.4	-14.86	-669.9
3.302	-254.8	-149.8	210.5	-37.06	-656.9
3.336	-259.1	-143.0	208.9	-57.98	-641.1
3.369	-265.2	-132.8	206.6	-80.07	-639.7
3.403	-272.5	-118.9	203.6	-100.7	-585.6
3.436	-280.2	-101.4	199.9	-119.1	-526.6
3.469	-287.8	-80.54	195.6	-135.7	-423.0
3.503	-294.8	-56.47	190.8	-147.7	-379.8
3.536	-301.0	-30.50	185.8	-159.9	-115.9
3.569	-302.7	-1.002	180.2	-158.6	-127.3
3.603	-305.0	25.50	175.2	-162.6	-245.2
3.636	-301.9	56.75	169.4	-179.6	-384.5
3.669	-295.1	88.79	163.3	-186.8	-127.0
3.703	-284.3	121.2	156.9	-188.9	-4.305
3.736	-270.3	151.9	150.7	-186.2	17.56
3.769	-252.8	180.4	144.5	-187.3	12.50
3.803	-232.4	207.9	138.2	-186.5	14.58
3.836	-209.2	231.8	132.1	-185.0	74.25
3.870	-183.3	253.6	125.9	-182.9	57.67
3.903	-155.9	271.4	119.9	-179.9	44.59
3.936	-126.7	286.4	113.9	-180.6	30.77
3.970	-96.08	298.4	107.8	-178.2	75.11
4.003	-65.13	306.6	102.0	-174.9	82.80
4.036	-33.79	311.5	96.19	-173.0	33.79
4.070	-2.558	313.1	90.47	-172.4	219.8
4.103	28.88	311.7	84.71	-160.5	120.5
4.136	56.00	310.5	79.78	-159.1	-70.50
4.170	86.19	302.7	74.11	-170.1	-137.3
4.203	115.3	291.9	68.44	-167.1	-3.297
4.236	142.0	278.4	62.97	-168.8	13.22
4.270	168.7	261.6	57.19	-168.6	11.12
4.303	192.0	243.4	51.73	-165.7	9.653
4.337	213.6	222.4	46.15	-169.1	0.386
4.370	233.6	199.3	40.47	-166.4	76.20
4.403	250.5	175.8	35.06	-162.6	74.13
4.437	264.1	150.2	29.63	-162.2	32.69
4.470	275.5	124.1	24.25	-160.3	93.63
4.503	284.7	97.75	18.95	-156.2	154.1
4.537	290.9	71.70	13.84	-149.9	210.7
4.570	294.5	46.44	8.961	-142.2	250.2
4.603	296.1	22.61	4.367	-133.1	288.1
4.637	295.7	0.476	9.216E-2	-123.0	284.6
4.670	294.0	-19.69	-3.832	-113.9	349.5
4.703	285.0	-37.50	-7.496	-100.7	429.7
4.737	281.6	-52.41	-10.54	-84.17	498.2
4.770	278.3	-64.78	-13.11	-68.03	505.1
4.804	274.8	-74.02	-15.08	-50.29	534.9
4.837	272.8	-80.59	-16.46	-32.41	556.3
4.870	271.1	-84.10	-17.24	-13.34	576.1
4.904	270.9	-84.62	-17.35	6.208	564.8
4.937	271.8	-82.18	-16.82	24.34	543.7
4.970	273.8	-77.08	-15.72	42.23	530.8
5.004	276.6	-69.01	-14.01	59.91	516.4
5.037	279.9	-58.12	-11.73	76.57	493.3
5.070	283.2	-44.38	-8.906	92.80	494.7
5.104	286.4	-27.81	-5.547	109.4	418.3
5.137	288.6	-8.137	-1.615	121.5	326.7
5.170	289.9	12.90	2.548	130.2	283.3
5.204	289.3	35.84	7.061	140.6	254.4
5.237	286.9	60.56	11.92	147.6	189.0
5.271	282.0	85.66	16.90	152.6	137.2
5.304	274.5	111.4	22.09	157.2	118.5
5.337	264.8	137.1	27.37	160.2	68.19
5.371	252.4	162.4	32.76	161.9	42.42
5.404	237.4	186.5	38.16	162.8	10.57
5.437	219.9	209.5	43.61	162.9	0.148
5.471	200.4	230.7	49.02	162.5	5.145
5.504	178.6	249.8	54.44	163.3	-19.87
5.537	155.0	267.4	59.90	161.6	-35.29
5.571	130.1	281.8	65.21	160.1	-40.82
5.604	103.8	294.2	70.56	159.6	-14.34
5.637	76.68	304.0	75.84	158.7	-12.30
5.671	48.47	310.9	81.14	159.0	-11.66
5.704	19.62	315.2	86.44	158.0	-21.77
5.738	-9.230	316.9	91.67	157.2	-3.310
5.771	-38.26	315.5	96.91	158.0	4.048
5.804	-67.38	311.8	102.2	157.7	-17.40
5.838	-95.58	304.6	107.4	156.5	4.763
5.871	-123.0	295.1	112.6	157.8	1.367
5.904	-150.0	282.8	117.9	157.5	8.586
5.938	-174.9	268.2	123.1	157.3	-3.687
5.971	-199.0	250.8	128.4	158.1	23.68
6.004	-220.8	231.4	133.7	158.2	-62.81
6.038	-241.1	209.9	139.0	155.0	-173.7
6.071	-258.1	187.6	144.0	146.0	-92.16
6.104	-272.0	165.5	148.7	147.2	54.32
6.138	-284.6	140.1	153.8	152.2	79.09
6.171	-294.8	114.2	158.8	151.3	-61.77
6.205	-302.7	87.52	163.9	148.7	-131.9
6.238	-307.7	61.28	168.7	142.1	-159.3
6.271	-310.2	36.18	173.3	137.6	-167.6
6.305	-310.9	11.40	177.9	131.9	-214.3
6.338	-309.6	-11.57	182.1	122.7	-300.4
6.371	-307.0	-32.68	186.1	112.1	-335.4
6.405	-303.3	-51.37	189.6	100.1	-378.6
6.438	-299.1	-67.67	192.7	87.08	-418.7
6.471	-295.0	-81.34	195.4	72.18	-458.5
6.505	-291.1	-92.12	197.6	56.41	-483.7
6.538	-288.0	-100.2	199.2	40.02	-509.5
6.572	-285.9	-105.3	200.2	22.47	-527.5
6.605	-284.9	-107.5	200.7	4.720	-519.3
6.638	-285.1	-106.8	200.5	-12.14	-509.6
6.672	-286.6	-103.5	199.9	-29.09	-489.4
6.705	-289.3	-97.38	198.6	-45.06	-481.7
6.738	-292.5	-88.65	196.9	-60.79	-472.4
6.772	-296.6	-76.97	194.6	-76.86	-448.0
6.805	-300.8	-62.50	191.7	-90.69	-387.5
6.838	-304.8	-45.60	188.5	-102.6	-338.6
6.872	-308.0	-26.42	184.9	-113.2	-307.9
6.905	-310.1	-5.199	181.0	-123.1	-250.4
6.938	-310.8	17.91	176.7	-130.3	-203.2
6.972	-309.8	41.99	172.3	-136.1	-182.2
7.005	-306.6	67.24	167.6	-142.6	-146.2
7.039	-301.1	93.32	162.8	-146.1	-50.32
7.072	-293.0	119.0	157.9	-145.8	-37.66
7.105	-283.1	143.9	153.1	-147.9	30.37
7.139	-270.2	168.6	148.0	-145.5	75.66
7.172	-256.0	190.3	143.4	-140.8	13.81
7.205	-239.8	211.0	138.7	-145.0	-67.97
7.239	-221.3	231.6	133.7	-146.6	6.216
7.272	-201.1	249.4	128.9	-143.7	56.19
7.305	-179.8	265.2	124.1	-142.8	47.08
7.339	-157.2	279.4	119.4	-140.9	25.35
7.372	-134.0	290.8	114.7	-140.4	27.47
7.405	-109.5	300.6	110.0	-140.0	28.10
7.439	-84.82	307.8	105.4	-137.8	47.69
7.472	-59.84	313.0	100.8	-137.1	19.83
7.506	-34.70	315.8	96.27	-136.5	19.31
7.539	-9.556	316.8	91.73	-135.9	18.21
7.572	15.34	315.7	87.22	-135.2	9.775
7.606	39.95	312.6	82.72	-135.2	-0.443
7.639	64.18	307.4	78.21	-135.3	-1.782
7.672	87.87	300.5	73.70	-135.3	-1.579
7.706	110.8	291.5	69.19	-135.4	2.657
7.739	132.9	280.8	64.68	-135.2	3.205
7.772	153.7	268.2	60.18	-135.1	13.90
7.806	173.5	254.2	55.68	-134.5	-6.409
7.839	191.9	238.9	51.22	-135.0	-0.718
7.872	209.1	221.7	46.68	-135.2	15.35
7.906	224.6	203.8	42.21	-133.6	45.90
7.939	238.6	184.9	37.78	-132.3	57.87
7.973	250.7	165.3	33.40	-129.8	79.43
8.006	261.0	145.5	29.13	-126.8	88.97
8.039	269.6	125.4	24.95	-123.9	126.0
8.073	276.5	105.4	20.87	-118.7	153.4
8.106	281.5	86.29	17.04	-113.2	181.6
8.139	285.4	67.63	13.33	-107.2	208.5
8.173	287.7	50.21	9.900	-98.91	256.9
8.206	288.9	34.15	6.741	-90.15	270.0
8.239	289.1	19.67	3.892	-80.83	290.6
8.273	288.7	6.826	1.354	-70.86	319.4
8.306	287.9	-4.173	-0.830	-59.56	363.9
8.339	287.0	-13.10	-2.615	-46.65	384.8
8.373	286.2	-19.70	-3.939	-33.67	410.0
8.406	285.2	-24.24	-4.858	-19.70	406.6
8.440	284.7	-26.17	-5.251	-6.014	427.3
8.473	284.8	-26.22	-5.259	8.108	395.2
8.506	285.6	-23.54	-4.711	21.20	389.2
8.540	286.2	-19.24	-3.846	33.18	372.4
8.573	287.0	-12.53	-2.500	46.52	391.4
8.606	288.0	-3.749	-0.746	59.07	346.7
8.640	288.8	7.239	1.436	69.95	321.6
8.673	289.0	19.78	3.915	80.04	290.6
8.706	288.8	34.28	6.770	89.71	267.9
8.740	287.7	50.18	9.893	97.69	215.6
8.773	285.5	67.39	13.28	104.2	174.7
8.806	282.0	85.35	16.84	109.2	146.6
8.840	277.0	103.9	20.56	114.0	137.4
8.873	270.4	122.9	24.43	118.4	116.9
8.907	262.3	142.1	28.45	121.8	69.50
8.940	252.7	161.3	32.55	123.2	50.01
8.973	241.7	179.8	36.65	124.7	34.56
9.007	228.9	198.0	40.86	125.9	21.54
9.040	214.9	215.2	45.04	125.8	12.57
9.073	199.5	231.4	49.24	126.8	8.154
9.107	182.6	246.6	53.49	126.7	-14.43
9.140	164.8	260.6	57.68	125.5	-24.05
9.173	146.0	272.9	61.85	125.1	-12.90
9.207	126.2	283.8	66.02	124.7	-19.95
9.240	105.8	293.3	70.16	123.8	-14.24
9.273	84.89	301.3	74.27	123.6	-20.35
9.307	63.19	307.8	78.40	122.8	-16.69
9.340	41.41	312.4	82.45	122.0	-13.91
9.374	19.15	315.7	86.53	122.2	-3.734
9.407	-3.266	317.0	90.59	121.7	-7.744
9.440	-25.67	316.7	94.63	121.6	-9.274
9.474	-48.12	314.7	98.69	121.2	-4.679
9.507	-70.19	311.1	102.7	121.0	9.043
9.540	-92.16	306.0	106.8	121.9	27.59
9.574	-113.9	299.1	110.8	122.9	45.25
9.607	-135.2	290.6	114.9	124.8	34.23
9.640	-156.2	279.9	119.2	125.6	-0.877
9.674	-176.1	267.8	123.3	124.4	-11.51
9.707	-194.8	254.3	127.4	124.7	-19.79
9.740	-212.8	239.4	131.6	123.7	-29.13
9.774	-229.0	223.6	135.7	122.1	-12.11
9.807	-244.2	206.6	139.8	123.1	-5.528
9.841	-257.8	188.0	143.9	122.2	-72.61
9.874	-270.0	169.4	147.9	118.0	-54.69
9.907	-280.2	150.6	151.8	117.7	29.58
9.941	-289.1	130.2	155.7	120.8	5.091
9.974	-296.7	109.1	159.8	118.5	-101.2
10.007	-302.8	88.87	163.6	113.3	-159.6
10.041	-306.9	68.85	167.4	108.2	-156.1
10.074	-309.4	49.83	170.9	102.6	-182.0
10.107	-310.9	31.62	174.2	96.37	-210.6
10.141	-311.3	14.82	177.3	88.41	-251.0
10.174	-310.8	-0.454	180.1	79.70	-282.7
10.208	-309.9	-13.99	182.6	69.62	-301.3
10.241	-308.7	-25.50	184.7	59.39	-309.3
10.274	-307.3	-35.25	186.5	49.21	-346.8
10.308	-305.8	-42.99	188.0	36.46	-372.0
10.341	-304.9	-48.14	189.0	23.85	-361.7
10.374	-304.2	-51.40	189.6	12.72	-361.9
10.408	-303.9	-52.60	189.8	-0.176	-371.3
10.441	-304.2	-51.33	189.6	-12.46	-356.3
10.474	-304.9	-48.24	189.0	-23.56	-339.4
10.508	-306.0	-43.05	188.0	-35.18	-356.2
10.541	-307.3	-35.80	186.6	-47.21	-333.8
10.574	-308.7	-26.27	184.9	-57.80	-295.1
10.608	-310.0	-15.13	182.8	-66.56	-274.5
10.641	-311.1	-2.324	180.4	-76.02	-261.7
10.675	-311.4	12.35	177.7	-84.33	-222.9
10.708	-311.1	28.26	174.8	-90.68	-184.9
10.741	-309.9	45.29	171.7	-96.63	-172.9
10.775	-307.7	63.33	168.4	-102.2	-149.5
10.808	-304.2	82.21	164.9	-106.7	-91.30
10.841	-299.4	101.6	161.3	-108.4	-65.43
10.875	-293.0	120.5	157.7	-110.5	-37.98
10.908	-285.4	139.8	153.9	-111.7	-22.63
10.941	-276.1	158.1	150.2	-111.4	41.65
10.975	-265.8	176.1	146.5	-109.5	-2.051
11.008	-254.9	192.7	142.9	-110.3	-37.27
11.041	-241.9	209.3	139.1	-113.2	24.72
11.075	-227.9	225.0	135.4	-108.8	92.76
11.108	-214.2	238.9	131.9	-105.7	40.82
11.142	-198.8	251.6	128.3	-107.0	-26.05
11.175	-182.8	263.4	124.7	-107.2	5.770
11.208	-166.1	274.5	121.2	-106.7	35.73
11.242	-148.8	284.1	117.6	-104.9	65.34
11.275	-131.5	292.7	114.2	-102.3	51.07
11.308	-113.8	299.4	110.8	-101.2	31.81
11.342	-95.91	305.3	107.4	-100.5	39.15
11.375	-77.97	310.0	104.1	-98.52	46.07
11.408	-60.27	313.7	100.9	-97.29	14.52
11.442	-42.36	316.0	97.64	-97.62	7.923
11.475	-24.24	317.2	94.37	-97.02	32.68
11.508	-6.484	317.6	91.17	-95.23	44.76
11.542	10.93	316.6	88.02	-94.03	15.19
11.575	28.07	314.8	84.90	-94.14	-5.862
11.609	45.21	311.8	81.75	-94.63	6.584
11.642	62.12	308.0	78.60	-93.74	13.67
11.675	78.46	303.5	75.50	-93.40	7.428
11.709	94.72	298.1	72.38	-93.55	3.816
11.742	110.4	291.6	69.27	-92.99	-0.539
11.775	125.7	284.6	66.18	-93.49	-7.617
11.809	140.6	276.4	63.04	-93.80	1.623
11.842	154.9	267.5	59.93	-93.18	23.34
11.875	168.7	258.1	56.83	-92.32	10.88
11.909	181.6	247.9	53.78	-92.23	5.063
11.942	193.9	236.8	50.68	-92.32	12.68
11.975	205.6	225.4	47.62	-91.24	34.48
12.009	216.5	213.6	44.60	-90.00	43.03
12.042	226.6	201.4	41.63	-88.42	38.57
12.076	235.6	188.9	38.71	-87.30	52.76
12.109	244.0	176.0	35.81	-85.24	78.10
12.142	251.3	163.4	33.03	-81.80	88.29
12.176	257.7	150.9	30.36	-79.30	90.19
12.209	263.6	138.7	27.75	-76.09	100.6
12.242	268.6	126.9	25.29	-72.30	118.9
12.276	272.8	115.4	22.93	-68.40	149.0
12.309	276.1	104.5	20.73	-62.41	176.1
12.342	278.8	94.74	18.77	-56.34	189.2
12.376	280.8	85.72	16.98	-50.14	178.0
12.409	282.5	77.97	15.43	-44.10	216.3
12.442	284.0	71.01	14.04	-36.37	209.1
12.476	284.7	65.77	13.01	-29.20	248.4
12.509	285.3	61.13	12.09	-21.00	222.8
12.543	285.6	58.66	11.61	-12.99	223.0
12.576	285.8	56.72	11.23	-7.213	226.7
12.609	286.1	56.25	11.13	2.332	261.6
12.643	285.8	57.52	11.38	10.71	204.4
12.676	285.5	59.85	11.84	15.77	170.4
12.709	285.0	62.82	12.43	21.65	220.6
12.743	284.4	67.15	13.28	30.57	225.9
12.776	282.9	73.00	14.47	37.35	179.8
12.809	281.9	79.60	15.77	41.91	169.8
12.843	280.3	87.11	17.26	48.66	162.7
12.876	278.0	95.78	19.01	53.37	147.8
12.909	275.3	104.7	20.82	57.67	153.7
12.943	272.1	114.7	22.86	64.08	125.8
12.976	268.5	125.7	25.09	66.45	91.40
13.010	264.3	136.3	27.29	69.16	81.46
13.043	259.0	147.7	29.70	72.82	96.72
13.076	253.1	159.0	32.14	75.01	58.46
13.110	246.7	170.8	34.70	77.11	51.27
13.143	239.7	182.4	37.28	78.18	29.93
13.176	231.8	193.8	39.90	79.21	36.13
13.210	223.2	204.9	42.55	80.42	24.88
13.243	213.9	215.9	45.26	81.11	29.23
13.276	204.1	226.4	47.96	82.02	2.119
13.310	193.6	236.8	50.73	81.81	1.398
13.343	182.9	246.4	53.41	81.44	4.176
13.377	171.3	255.5	56.16	82.53	19.48
13.410	159.3	264.2	58.91	82.64	-8.571
13.443	146.9	272.5	61.66	82.03	-32.72
13.477	134.2	279.8	64.38	80.43	-21.17
13.510	121.4	286.3	67.02	80.29	-11.05
13.543	108.1	292.6	69.73	80.22	-9.060
13.577	94.76	298.2	72.37	79.30	-18.79
13.610	81.09	302.9	75.01	79.13	-6.401
13.643	67.23	306.9	77.64	78.83	-11.82
13.677	53.23	310.3	80.27	78.38	-1.250
13.710	39.19	313.1	82.87	78.60	-2.137
13.743	24.81	315.4	85.50	78.53	-9.097
13.777	10.52	316.9	88.10	77.74	-3.232
13.810	-3.792	317.4	90.68	78.26	17.29
13.844	-18.40	317.6	93.31	79.10	3.958
13.877	-33.04	316.7	95.96	78.58	-11.61
13.910	-47.45	315.6	98.55	78.07	8.122
13.944	-61.80	313.3	101.2	79.13	40.70
13.977	-76.46	310.7	103.8	80.89	16.05
14.010	-91.20	306.9	106.5	80.52	4.123
14.044	-105.3	302.6	109.2	80.50	22.43
14.077	-119.6	297.4	111.9	82.43	50.13
14.110	-134.0	291.6	114.7	83.78	12.88
14.144	-148.3	284.9	117.5	83.52	-11.12
14.177	-161.6	277.2	120.2	82.67	5.244
14.210	-175.0	269.4	123.0	83.86	41.08
14.244	-188.2	260.6	125.8	85.63	22.93
14.277	-200.7	250.4	128.7	85.52	-16.63
14.311	-212.8	240.2	131.5	84.26	-2.369
14.344	-224.4	229.7	134.3	85.15	35.45
14.377	-235.3	217.8	137.2	87.02	-8.134
14.411	-245.5	205.1	140.1	84.93	-44.02
14.444	-254.9	193.0	142.9	83.15	-33.31
14.477	-263.8	180.1	145.7	83.39	-13.93
14.511	-271.8	167.0	148.4	82.04	-45.15
14.544	-279.3	154.0	151.1	80.38	-35.22
14.577	-285.4	140.5	153.8	79.55	-52.40
14.611	-291.0	126.9	156.4	77.35	-76.30
14.644	-295.9	114.0	158.9	73.96	-119.7
14.677	-299.8	101.1	161.4	69.82	-113.9
14.711	-303.1	89.28	163.6	65.82	-118.1
14.744	-305.7	77.65	165.7	62.43	-133.6
14.778	-307.9	66.86	167.8	56.82	-182.2
14.811	-309.3	57.13	169.5	50.21	-170.8
14.844	-310.3	48.61	171.1	45.17	-178.3
14.878	-311.0	40.69	172.5	38.98	-190.2
14.911	-311.4	34.41	173.7	31.81	-226.2
14.944	-311.5	29.09	174.7	24.47	-223.1
14.978	-312.0	25.52	175.3	16.46	-240.2
15.011	-312.1	23.12	175.8	8.800	-223.3
15.044	-312.1	22.31	175.9	1.273	-213.0
15.078	-312.2	22.67	175.8	-5.216	-206.9
15.111	-312.0	24.21	175.6	-12.44	-203.0
15.144	-312.0	27.19	175.0	-19.01	-191.0
15.178	-311.8	31.14	174.3	-24.90	-193.6
15.211	-311.6	36.28	173.4	-31.92	-180.4
15.245	-311.3	42.82	172.2	-37.32	-149.8
15.278	-310.4	49.87	170.9	-41.46	-129.8
15.311	-309.2	57.83	169.4	-46.15	-155.6
15.345	-307.8	66.56	167.8	-51.61	-146.2
15.378	-306.0	76.49	166.0	-56.33	-126.1
15.411	-303.9	86.90	164.0	-59.67	-106.9
15.445	-301.1	97.89	162.0	-63.53	-105.7
15.478	-297.4	109.4	159.8	-66.79	-61.30
15.511	-293.3	121.3	157.5	-67.78	-22.03
15.545	-288.8	132.9	155.3	-67.90	-32.87
15.578	-283.6	144.4	153.0	-69.93	-70.10
15.611	-278.0	156.4	150.6	-72.75	-42.18
15.645	-271.4	168.5	148.2	-73.04	22.95
15.678	-264.4	179.9	145.8	-70.92	27.94
15.712	-257.0	190.6	143.4	-70.84	7.252
15.745	-249.0	201.3	141.0	-71.01	-3.311
15.778	-240.9	211.6	138.7	-70.61	23.45
15.812	-232.2	221.6	136.3	-69.89	29.85
15.845	-223.5	231.0	134.1	-68.27	52.26
15.878	-214.1	239.5	131.8	-66.61	27.94
15.912	-204.8	247.5	129.6	-66.04	40.16
15.945	-195.3	255.5	127.4	-64.60	30.13
15.978	-185.7	262.2	125.3	-63.23	35.69
16.012	-176.0	269.2	123.2	-62.87	55.17
16.045	-166.4	275.6	121.1	-59.48	70.69
16.078	-157.0	280.7	119.2	-57.60	20.98
16.112	-147.5	285.9	117.3	-58.46	17.95
16.145	-137.5	290.6	115.3	-56.77	49.15
16.179	-128.1	294.6	113.5	-54.53	71.69
16.212	-118.5	298.1	111.7	-52.55	50.68
16.245	-109.7	301.4	110.0	-50.64	54.48
16.279	-100.7	304.4	108.3	-49.36	8.342
16.312	-92.12	306.9	106.7	-49.52	10.78
16.345	-82.92	309.3	105.0	-49.44	41.59
16.379	-74.31	311.6	103.4	-46.34	44.14
16.412	-66.04	312.8	101.9	-46.06	21.46
16.445	-57.43	314.7	100.3	-45.75	21.21
16.479	-49.27	315.7	98.87	-44.02	40.04
16.512	-41.17	316.6	97.41	-43.36	36.38
16.546	-33.26	317.4	95.98	-41.62	52.35
16.579	-25.75	317.6	94.64	-39.71	37.56
16.612	-18.51	317.5	93.34	-39.08	1.948
16.646	-11.28	317.9	92.03	-39.64	-7.903
16.679	-3.851	317.5	90.69	-39.77	30.64
16.712	3.426	317.2	89.38	-37.67	23.39
16.746	10.04	316.8	88.18	-37.54	13.42
16.779	17.24	316.2	86.88	-37.70	10.28
16.812	23.89	315.7	85.67	-36.21	16.63
16.846	30.51	314.9	84.47	-36.71	6.477
16.879	37.25	313.5	83.23	-36.11	3.221
16.912	43.61	312.7	82.06	-35.95	30.77
16.946	50.24	311.2	80.83	-34.80	20.19
16.979	56.08	309.9	79.74	-33.70	21.75
17.013	62.25	308.3	78.58	-34.06	-6.224
17.046	68.15	306.7	77.47	-33.73	8.950
17.079	74.12	304.9	76.34	-33.71	-0.961
17.113	79.91	303.0	75.23	-33.60	-0.650
17.146	85.75	301.0	74.10	-33.88	-6.355
17.179	91.59	299.0	72.97	-33.98	15.43
17.213	97.32	296.6	71.83	-33.01	12.31
17.246	102.8	294.8	70.77	-32.74	18.46
17.279	108.4	292.3	69.65	-32.33	9.358
17.313	113.7	290.4	68.61	-31.61	0.301
17.346	119.0	287.9	67.55	-32.53	1.693
17.379	124.3	285.1	66.45	-31.74	20.66
17.413	129.2	282.7	65.43	-30.70	9.322
17.446	134.1	279.9	64.40	-31.31	-13.27
17.480	139.0	276.9	63.34	-31.66	6.481
17.513	144.0	274.1	62.29	-30.91	8.277
17.546	148.7	271.5	61.28	-30.83	20.41
17.580	153.5	268.4	60.24	-30.04	10.38
17.613	157.8	265.6	59.28	-29.51	16.65
17.646	162.3	262.4	58.27	-29.51	1.640
17.680	166.5	259.5	57.32	-28.97	9.536
17.713	170.9	256.6	56.34	-29.13	10.59
17.746	174.9	253.3	55.37	-28.26	30.30
17.780	178.8	250.3	54.46	-27.02	20.39
17.813	182.6	247.4	53.57	-26.79	26.43
17.846	186.3	244.2	52.67	-25.65	18.87
17.880	189.6	241.5	51.86	-24.96	21.47
17.913	193.0	238.3	51.01	-24.78	17.32
17.947	196.0	235.4	50.21	-23.47	38.10
17.980	198.9	232.5	49.44	-22.38	21.37
18.013	201.7	229.7	48.72	-21.86	23.86
18.047	204.2	226.7	47.99	-21.09	35.16
18.080	206.8	224.2	47.32	-19.32	28.21
18.113	209.0	221.8	46.70	-19.05	31.19
18.147	211.3	219.1	46.05	-17.77	52.62
18.180	213.2	217.1	45.51	-15.08	55.66
18.213	215.0	215.3	45.04	-14.08	22.14
18.247	216.7	213.5	44.58	-13.73	26.66
18.280	218.1	211.6	44.13	-12.41	36.30
18.313	219.1	209.7	43.75	-11.07	55.87
18.347	220.2	208.2	43.39	-9.023	61.10
18.380	221.1	207.3	43.15	-6.613	35.71
18.414	221.9	206.5	42.95	-6.633	43.48
18.447	222.4	205.3	42.71	-4.396	55.00
18.480	222.9	205.3	42.65	-1.988	50.11
18.514	223.0	204.8	42.57	-1.708	17.74
18.547	223.0	204.6	42.54	-0.580	43.24
18.580	223.0	204.6	42.53	1.004	47.92
18.614	223.0	205.1	42.61	2.815	62.39
18.647	222.4	205.4	42.72	4.946	97.07
18.680	221.9	206.5	42.94	9.236	38.41
18.714	220.8	208.3	43.34	6.552	2.404
18.747	220.0	209.4	43.59	5.579	-7.765
18.780	218.9	210.6	43.90	9.479	7.294
18.814	217.8	211.9	44.22	9.231	14.67
18.847	216.9	213.2	44.51	10.01	39.75
18.881	215.3	214.5	44.89	12.26	52.05
18.914	213.9	216.4	45.33	13.46	23.80
18.947	212.0	218.0	45.79	13.84	-2.426
18.981	210.5	219.9	46.25	13.32	4.251
19.014	209.0	221.5	46.68	13.82	35.84
19.047	207.1	223.4	47.17	15.92	42.10
19.081	205.0	225.6	47.74	16.82	18.28
19.114	203.0	227.7	48.29	16.90	2.999
19.147	200.8	229.8	48.86	17.12	-2.648
19.181	198.6	232.0	49.43	16.72	8.913
19.214	196.7	234.2	49.98	17.46	37.49
19.247	194.3	236.5	50.60	19.46	20.76
19.281	191.6	238.9	51.27	19.12	-0.940
19.314	189.1	240.9	51.87	18.78	2.738E-2
19.348	186.6	243.4	52.53	19.57	18.79
19.381	184.0	245.7	53.17	19.83	8.134
19.414	181.1	247.8	53.85	20.23	-3.874
19.448	178.1	249.9	54.52	19.62	13.63
19.481	175.5	252.0	55.15	20.70	23.78
19.514	172.4	254.6	55.90	21.87	10.36
19.548	169.2	256.8	56.61	21.02	-17.66
19.581	166.1	258.8	57.30	20.69	-6.562
19.614	163.1	260.9	57.99	20.62	-3.712
19.648	160.0	263.0	58.68	20.46	-16.59
19.681	157.0	265.0	59.35	19.59	6.668
19.715	154.3	267.0	59.98	20.48	18.89
19.748	151.1	269.5	60.72	21.51	8.824
19.781	148.0	271.6	61.42	20.69	-22.62
19.815	144.9	273.7	62.10	20.08	-12.86
19.848	141.9	275.6	62.75	19.75	-10.47
19.881	138.9	277.5	63.41	19.50	-4.897
19.915	135.9	279.3	64.05	19.31	5.167
19.948	132.9	281.1	64.70	19.86	-12.32
19.981	129.7	282.9	65.38	18.81	-16.51
20.015	126.8	284.3	65.95	18.15	-17.62
20.048	123.8	285.8	66.59	18.20	6.656
20.081	120.9	287.2	67.17	18.15	0.859
20.115	117.8	288.7	67.80	18.61	-6.779
20.148	114.8	290.0	68.41	17.62	-9.851
20.182	112.0	291.2	68.97	17.68	3.407
20.215	108.9	292.7	69.58	18.21	-3.382E-2
20.248	105.9	293.8	70.18	17.55	-10.12
20.282	102.9	294.9	70.75	17.41	-1.175
20.315	99.92	295.9	71.34	17.62	-0.479
20.348	96.91	297.0	71.93	17.35	-16.51
20.382	93.95	298.0	72.50	16.56	-7.107
20.415	91.24	299.0	73.03	16.64	10.56
20.448	88.34	300.3	73.61	17.51	6.759
20.482	85.30	301.4	74.20	17.13	-7.403
20.515	82.44	302.4	74.75	16.79	-6.085
20.548	79.49	303.4	75.32	16.89	-19.68
20.582	76.65	304.6	75.88	15.58	-9.596
20.615	74.12	305.4	76.36	15.75	0.376
20.649	71.06	306.0	76.93	16.27	9.407
20.682	68.34	306.8	77.44	15.88	-24.37
20.715	65.54	307.9	77.98	15.07	-11.98
20.749	63.08	308.5	78.44	14.56	6.604
20.782	60.38	309.3	78.95	15.82	16.76
20.815	57.56	310.5	79.50	15.80	-12.44
20.849	54.80	311.0	80.01	14.82	1.238
20.882	52.18	311.4	80.49	15.66	5.913
20.915	49.13	311.9	81.05	15.80	-15.93
20.949	46.51	312.7	81.54	14.17	-6.798
20.982	44.03	313.0	81.99	15.15	14.97
21.015	41.03	313.7	82.55	15.79	19.09
21.049	38.31	314.1	83.05	15.83	-8.999
21.082	35.27	314.6	83.60	15.71	-10.81
21.116	32.63	315.4	84.09	14.69	-7.827
21.149	29.93	315.6	84.58	15.26	17.10
21.182	27.02	315.8	85.11	15.97	-4.348
21.216	24.05	315.9	85.65	15.08	-0.820
21.249	21.47	316.1	86.11	15.40	14.58
21.282	18.40	316.5	86.67	16.61	1.864
21.316	15.37	316.6	87.22	15.43	-18.91
21.349	12.74	317.4	87.70	15.00	-4.853
21.382	9.868	317.7	88.22	15.44	14.06
21.416	7.040	317.7	88.73	15.75	7.896
21.449	4.049	317.8	89.27	16.13	10.64
21.482	1.081	317.7	89.81	16.34	7.568
21.516	-1.988	317.7	90.36	16.70	5.661
21.549	-5.095	317.9	90.92	16.71	-4.648
21.583	-8.171	317.9	91.47	16.39	-5.314
21.616	-11.16	317.9	92.01	16.28	1.192
21.649	-14.20	317.8	92.56	16.52	2.352
21.683	-17.28	317.9	93.11	16.48	2.745
21.716	-20.31	317.9	93.66	16.61	-2.564
21.749	-23.45	318.0	94.22	16.47	3.737
21.783	-26.42	317.7	94.75	16.61	16.47
21.816	-29.59	317.5	95.33	17.71	19.21
21.849	-32.99	317.5	95.93	18.00	21.18
21.883	-36.31	317.5	96.52	18.82	4.385
21.916	-39.96	316.9	97.19	18.79	10.45
21.949	-43.23	316.5	97.78	18.88	-1.562
21.983	-46.87	315.6	98.45	19.30	17.62
22.016	-50.34	315.6	99.06	19.52	-7.328
22.050	-54.07	314.8	99.75	19.37	5.756
22.083	-57.49	314.7	100.4	19.28	19.27
22.116	-61.19	313.9	101.0	21.03	19.19
22.150	-65.12	313.0	101.8	20.74	11.90
22.183	-68.70	312.1	102.4	21.23	18.83
22.216	-72.90	311.6	103.2	22.57	23.42
22.250	-76.98	310.7	103.9	22.54	-3.415
22.283	-81.10	309.7	104.7	22.42	-16.31
22.316	-85.13	308.8	105.4	21.48	-7.402
22.350	-88.92	308.0	106.1	21.63	8.122
22.383	-93.09	307.3	106.9	22.39	52.84
22.416	-97.20	306.5	107.6	24.65	30.06
22.450	-101.9	304.8	108.5	25.32	26.50
22.483	-106.2	303.5	109.3	25.35	-12.53
22.517	-110.9	301.7	110.2	25.46	19.60
22.550	-115.2	300.5	111.0	25.68	24.39
22.583	-120.0	298.6	111.9	27.80	39.55
22.617	-124.9	296.6	112.8	28.12	10.91
22.650	-129.7	294.5	113.8	28.46	-12.11
22.683	-134.6	292.3	114.7	27.56	-12.25
22.717	-139.4	290.8	115.6	27.15	21.27
22.750	-144.0	288.3	116.5	29.19	54.08
22.783	-149.0	285.5	117.6	30.94	32.07
22.817	-154.1	282.7	118.6	31.31	10.19
22.850	-159.2	279.9	119.6	31.47	3.113
22.883	-164.4	276.9	120.7	31.63	2.948
22.917	-169.4	273.8	121.7	31.58	38.37
22.950	-174.4	270.7	122.8	33.91	31.24
22.984	-180.0	266.7	124.0	34.52	8.642
23.017	-185.0	263.2	125.1	33.60	10.07
23.050	-190.5	259.8	126.2	35.47	27.47
23.084	-195.6	255.3	127.5	35.78	-3.821
23.117	-200.9	251.4	128.6	34.81	-18.12
23.150	-205.9	247.3	129.8	34.66	10.14
23.184	-210.8	243.0	130.9	35.39	-18.04
23.217	-216.1	238.8	132.1	34.00	-6.711
23.250	-220.4	234.7	133.2	33.92	-16.46
23.284	-225.1	229.8	134.4	34.07	14.97
23.317	-229.2	225.4	135.5	33.83	-1.484
23.351	-233.5	220.4	136.7	34.83	-7.310
23.384	-238.1	216.0	137.8	33.06	-32.94
23.417	-241.6	211.1	138.9	32.37	-41.83
23.451	-245.8	206.6	140.0	30.82	-12.05
23.484	-249.2	202.4	140.9	30.70	-26.91
23.517	-252.9	197.6	142.0	30.16	-13.66
23.551	-256.0	193.5	142.9	28.72	-31.62
23.584	-259.2	188.9	143.9	28.78	-11.84
23.617	-262.0	184.5	144.8	27.60	-52.22
23.651	-264.6	180.2	145.8	25.57	-31.69
23.684	-267.3	176.6	146.5	24.89	-24.90
23.717	-269.5	172.3	147.4	24.64	-31.39
23.751	-272.1	168.8	148.2	22.42	-48.23
23.784	-273.8	165.2	148.9	21.36	-28.23
23.818	-276.0	161.9	149.6	20.71	-62.15
23.851	-277.6	158.4	150.3	17.48	-82.97
23.884	-278.9	156.1	150.8	14.52	-59.73
23.918	-280.5	153.9	151.3	13.87	-27.53
23.951	-281.3	151.4	151.7	12.71	-34.11
23.984	-282.2	149.4	152.1	11.50	-28.97
24.018	-283.0	147.5	152.5	10.80	-29.46
24.051	-284.1	145.9	152.8	9.657	-69.31
24.084	-284.5	144.3	153.1	6.308	-90.27
24.118	-285.1	143.8	153.2	3.165	-87.00
24.151	-285.1	143.3	153.3	0.892	-48.05
24.184	-285.1	143.4	153.3	-0.430	-32.91
24.218	-285.0	143.4	153.3	-0.895	-9.389
24.251	-285.0	143.7	153.2	-1.342	-27.46
24.285	-285.0	144.0	153.2	-2.356	-62.08
24.318	-284.5	144.5	153.1	-5.609	-88.34
24.351	-284.3	146.0	152.8	-8.485	-35.68
24.385	-283.2	147.3	152.5	-8.148	-14.43
24.418	-282.7	148.5	152.3	-8.698	-35.00
24.451	-281.8	150.2	151.9	-11.09	-49.02
24.485	-281.0	152.3	151.5	-11.85	-12.33
24.518	-279.9	154.2	151.1	-11.90	-8.288
24.551	-278.9	156.2	150.8	-12.27	-6.986
24.585	-277.8	158.3	150.3	-12.56	-7.991
24.618	-276.8	160.4	149.9	-12.63	-43.57
24.651	-275.7	162.5	149.5	-15.24	-27.50
24.685	-274.2	165.4	148.9	-15.39	17.35
24.718	-272.9	167.5	148.5	-13.15	4.103
24.752	-271.7	169.6	148.0	-15.12	-21.59
24.785	-270.0	172.3	147.5	-15.43	-21.63
24.818	-268.7	174.5	147.0	-15.51	13.96
24.852	-267.0	177.3	146.4	-15.52	0.844
24.885	-265.7	179.4	146.0	-14.56	-4.100
24.918	-264.3	182.0	145.4	-16.18	-5.903
24.952	-262.3	184.4	144.9	-15.29	15.12
24.985	-260.7	186.4	144.4	-14.46	32.36
25.018	-259.3	189.0	143.9	-13.83	-6.971
25.052	-257.8	190.7	143.5	-14.13	-2.080
25.085	-256.0	193.1	143.0	-14.84	-13.77
25.118	-254.6	195.2	142.5	-14.40	27.48
25.152	-253.1	197.6	142.0	-13.55	8.654
25.185	-251.5	199.2	141.6	-13.15	38.56
25.219	-250.2	201.5	141.1	-11.84	27.18
25.252	-249.1	203.0	140.8	-10.37	-1.921
25.285	-247.5	204.4	140.5	-12.42	-4.806
25.319	-246.2	206.6	140.0	-11.22	28.22
25.352	-245.2	207.9	139.7	-9.609	34.26
25.385	-243.7	209.2	139.4	-9.573	19.20
25.419	-242.8	210.6	139.1	-8.115	30.47
25.452	-242.0	211.7	138.8	-7.443	11.95
25.485	-241.1	212.8	138.6	-7.436	4.951
25.519	-240.2	213.8	138.3	-7.131	4.264
25.552	-239.3	214.7	138.1	-7.058	48.67
25.585	-238.4	215.8	137.9	-4.388	30.11
25.619	-238.1	215.8	137.8	-3.873	33.90
25.652	-237.4	216.8	137.6	-3.582	32.07
25.686	-237.1	216.8	137.6	-0.687	56.24
25.719	-237.1	216.9	137.6	-0.172	12.61
25.752	-237.1	216.9	137.6	0.175	5.140
25.786	-237.1	216.8	137.6	0.175	1.272
25.819	-237.1	216.8	137.6	0.202	3.115
25.852	-237.2	216.8	137.6	0.417	4.482
25.886	-237.3	216.7	137.6	0.510	-0.701
25.919	-237.3	216.7	137.6	0.376	41.41
25.952	-237.3	216.6	137.6	2.859	32.34
25.986	-237.9	215.7	137.8	3.570	32.02
26.019	-238.2	215.6	137.9	3.772	-13.59
26.052	-238.9	214.7	138.1	3.831	17.89
26.086	-239.2	214.5	138.1	3.791	-16.51
26.119	-239.9	213.7	138.3	3.874	18.14
26.153	-240.2	213.5	138.4	3.885	-18.08
26.186	-240.9	212.6	138.6	3.789	15.61
26.219	-241.1	212.4	138.6	3.778	-14.07
26.253	-241.8	211.6	138.8	3.980	18.11
26.286	-242.0	211.3	138.9	3.923	-16.09
26.319	-242.8	210.5	139.1	3.923	15.99
26.353	-243.1	210.3	139.1	3.974	-12.03
26.386	-243.8	209.4	139.3	4.129	12.59
26.419	-244.1	209.0	139.4	3.879	-5.756
26.453	-244.7	208.3	139.6	4.497	30.21
26.486	-245.4	208.0	139.7	5.246	-13.92
26.520	-245.9	206.7	139.9	4.455	-3.226
26.553	-246.2	206.4	140.0	3.894	-28.35
26.586	-246.7	205.5	140.2	3.685	-23.84
26.620	-247.0	205.3	140.3	1.515	-9.165
26.653	-247.2	205.2	140.3	3.054	16.96
26.686	-247.7	204.4	140.5	3.371	22.20
26.720	-248.1	204.3	140.5	3.640	-9.877
26.753	-248.6	203.4	140.7	3.638	-21.67
26.786	-248.9	203.2	140.8	1.533	-34.30
26.820	-249.0	203.0	140.8	1.429	39.72
26.853	-249.5	203.0	140.9	4.005	20.98
26.886	-249.9	201.8	141.1	3.783	-29.36
26.920	-250.0	201.6	141.1	1.052	-52.64
26.953	-250.1	201.4	141.2	0.590	-9.824
26.987	-250.1	201.4	141.2	0.372	-4.299
27.020	-250.2	201.3	141.2	0.338	-2.906
27.053	-250.2	201.3	141.2	0.187	-4.749
27.087	-250.2	201.2	141.2	4.924E-4	-1.998
27.120	-250.2	201.2	141.2	3.761E-2	-0.173
27.153	-250.2	201.2	141.2	4.235E-2	-0.683
27.187	-250.2	201.2	141.2	-5.176E-2	-2.570
27.220	-250.2	201.2	141.2	-0.105	-0.976
27.253	-250.2	201.3	141.2	-0.138	0.629
27.287	-250.2	201.3	141.2	-5.560E-2	1.521
27.320	-250.2	201.3	141.2	-2.076E-2	1.266
27.353	-250.2	201.3	141.2	7.307E-3	0.803
27.387	-250.2	201.3	141.2	5.098E-2	0.258
27.420	-250.2	201.3	141.2	1.926E-2	-0.127
27.454	-250.2	201.3	141.2	3.079E-2	-1.589
27.487	-250.2	201.3	141.2	-5.486E-2	-0.544
27.520	-250.1	201.3	141.2	-6.230E-2	1.040
27.554	-250.1	201.2	141.2	6.339E-2	1.850
27.587	-250.0	201.2	141.2	5.078E-2	-0.659
27.620	-250.1	201.2	141.2	1.347E-2	-1.355
27.654	-250.1	201.2	141.2	-3.535E-2	-1.549
27.687	-250.1	201.2	141.2	-9.414E-2	2.075
27.720	-250.0	201.2	141.2	7.353E-2	3.677
27.754	-250.0	201.1	141.2	0.216	-0.525
27.787	-250.0	201.1	141.2	1.832E-2	22.87
27.820	-250.0	201.1	141.2	1.475	17.69
27.854	-250.2	200.6	141.3	1.853	34.99
27.887	-250.1	200.3	141.3	2.902	-0.770
27.921	-250.9	199.7	141.5	2.947	-25.49
27.954	-250.8	199.5	141.5	0.299	-39.83
27.987	-250.8	199.5	141.5	0.417	-2.977
28.021	-250.6	199.1	141.5	0.392	20.25
28.054	-251.0	199.4	141.5	1.318	8.689
28.087	-251.1	198.9	141.6	1.641	-7.056
28.121	-251.0	198.7	141.6	0.326	-22.91
28.154	-251.0	198.6	141.6	0.229	-5.428
28.187	-250.9	198.5	141.7	3.769E-2	-4.741
28.221	-250.9	198.6	141.6	-0.171	5.068
28.254	-251.0	198.7	141.6	0.353	3.359
28.287	-250.8	198.3	141.7	0.267	-5.486
28.321	-250.9	198.4	141.7	-0.252	-7.145
28.354	-250.9	198.5	141.7	-0.124	6.403
28.388	-250.9	198.5	141.6	0.160	6.240
28.421	-250.8	198.4	141.7	0.343	-2.726
28.454	-250.8	198.3	141.7	-1.082E-2	-7.306
28.488	-250.8	198.4	141.7	-0.248	-3.164
28.521	-250.9	198.4	141.7	-0.149	1.957
28.554	-250.9	198.5	141.7	-0.131	4.400
28.588	-250.9	198.5	141.6	0.113	2.656
28.621	-250.9	198.5	141.7	0.141	
28.654	-251.2	198.7	141.7		
