	mass A					
t	x	y	θ	ω	α	
5.664	231.0	-160.5	-34.79		
5.698	231.6	-159.7	-34.59	11.26	
5.731	233.4	-157.6	-34.04	22.90	403.3
5.764	235.9	-153.6	-33.06	38.04	516.5
5.798	240.2	-147.3	-31.51	57.32	638.7
5.831	246.1	-137.8	-29.24	80.61	670.4
5.864	253.7	-124.5	-26.13	102.7	611.0
5.897	262.1	-108.0	-22.40	121.0	557.3
5.931	270.3	-88.19	-18.07	139.6	536.7
5.964	277.7	-64.59	-13.09	157.2	465.9
5.997	284.0	-37.87	-7.596	170.7	358.5
6.031	287.5	-8.635	-1.720	181.0	269.4
6.064	287.8	22.46	4.462	188.7	209.8
6.097	284.9	54.62	10.85	194.7	161.1
6.131	278.1	87.34	17.44	199.6	99.61
6.164	267.2	119.8	24.15	201.5	27.11
6.197	252.4	150.9	30.86	201.1	-1.727
6.231	233.9	179.8	37.55	201.1	-11.48
6.264	212.0	206.7	44.27	200.7	-25.87
6.297	187.2	230.6	50.93	199.2	-60.39
6.331	159.8	251.3	57.55	196.8	-88.57
6.364	130.6	268.4	64.05	193.2	-54.48
6.397	100.3	281.9	70.42	192.7	-25.56
6.431	67.87	291.4	76.89	192.4	-26.77
6.464	35.25	297.4	83.24	190.3	-58.08
6.497	2.256	299.6	89.57	188.8	-56.60
6.531	-30.40	298.0	95.83	186.5	-40.74
6.564	-62.15	292.6	102.0	185.8	-22.36
6.597	-93.40	283.9	108.2	185.5	-19.34
6.631	-123.0	271.7	114.4	184.2	-35.06
6.664	-151.0	256.6	120.5	183.3	-18.85
6.697	-177.1	238.7	126.6	182.8	-34.98
6.730	-200.8	217.9	132.7	181.3	-51.69
6.764	-221.8	195.2	138.6	179.0	-56.72
6.797	-240.3	170.8	144.6	177.6	-45.41
6.830	-255.2	144.5	150.5	176.0	-73.91
6.864	-267.7	117.4	156.3	172.8	-122.6
6.897	-277.1	90.04	162.0	167.8	-127.7
6.930	-283.6	62.88	167.5	164.0	-154.3
6.964	-287.5	35.66	172.9	158.3	-202.6
6.997	-288.2	9.834	178.0	149.8	-285.6
7.030	-287.1	-14.60	182.9	139.7	-322.2
7.064	-284.3	-36.72	187.4	127.9	-363.9
7.097	-280.2	-56.67	191.4	115.7	-391.2
7.130	-275.3	-74.13	195.1	101.8	-467.9
7.164	-270.4	-88.98	198.2	84.73	-519.6
7.197	-265.7	-100.5	200.7	66.67	-533.3
7.230	-262.1	-109.4	202.7	49.43	-545.5
7.264	-259.1	-115.4	204.0	30.46	-590.5
7.297	-257.6	-118.4	204.7	9.922	-595.5
7.330	-257.9	-118.5	204.7	-9.450	-590.9
7.364	-259.1	-115.7	204.1	-29.03	-576.3
7.397	-262.0	-109.8	202.7	-48.34	-530.3
7.430	-265.6	-101.1	200.8	-64.31	-481.7
7.463	-270.3	-90.18	198.5	-80.05	-484.5
7.497	-274.9	-76.24	195.5	-96.82	-473.3
7.530	-279.8	-59.47	192.0	-111.8	-397.1
7.563	-283.9	-40.16	188.1	-123.3	-344.8
7.597	-287.0	-18.97	183.8	-134.3	-292.4
7.630	-288.3	4.515	179.1	-143.5	-241.9
7.663	-287.6	29.09	174.2	-149.9	-165.7
7.697	-285.1	54.83	169.1	-154.8	-131.4
7.730	-279.7	80.70	163.9	-158.3	-115.4
7.763	-272.0	106.8	158.6	-162.6	-105.8
7.797	-261.4	132.8	153.1	-165.6	-68.87
7.830	-247.9	157.7	147.5	-167.0	-26.07
7.863	-232.2	181.8	141.9	-167.4	-6.452
7.897	-213.9	203.9	136.4	-167.3	-16.03
7.930	-193.6	224.3	130.8	-168.4	-20.94
7.963	-171.2	243.1	125.2	-169.0	21.78
7.997	-146.9	259.4	119.5	-166.9	49.40
8.030	-121.6	272.7	114.0	-165.3	11.90
8.063	-94.96	283.5	108.5	-166.3	-29.49
8.097	-67.08	291.7	103.0	-167.4	-22.09
8.130	-38.39	297.1	97.36	-167.7	-9.433
8.163	-9.289	299.7	91.78	-167.9	-2.547
8.197	20.01	299.0	86.17	-168.0	-23.90
8.230	49.06	295.7	80.58	-169.3	-16.79
8.263	78.01	289.0	74.89	-169.7	-19.98
8.296	105.8	279.5	69.27	-169.9	-29.32
8.330	132.8	267.2	63.57	-172.0	-50.62
8.363	158.7	252.1	57.81	-173.3	-58.59
8.396	183.0	234.4	52.02	-175.6	-56.74
8.430	205.6	213.7	46.11	-177.6	-1.437
8.463	225.8	190.8	40.19	-175.7	35.22
8.496	243.1	166.4	34.40	-174.6	28.87
8.530	257.9	140.3	28.55	-174.4	32.77
8.563	269.7	113.2	22.77	-172.2	79.64
8.596	278.7	85.61	17.08	-169.1	120.2
8.630	284.8	57.94	11.50	-164.3	175.8
8.663	287.7	30.90	6.129	-157.3	249.0
8.696	288.3	5.111	1.016	-147.8	299.9
8.730	286.4	-18.63	-3.722	-137.1	338.2
8.763	283.2	-40.39	-8.118	-125.6	392.8
8.796	279.0	-59.75	-12.09	-111.0	457.7
8.830	274.3	-76.13	-15.51	-94.77	524.2
8.863	269.6	-89.70	-18.40	-76.40	563.1
8.896	265.8	-99.93	-20.60	-56.76	579.4
8.930	262.6	-107.1	-22.19	-37.98	587.1
8.963	260.8	-111.4	-23.13	-17.78	620.2
8.996	260.4	-112.5	-23.37	3.538	619.7
9.029	261.1	-110.3	-22.90	23.67	592.5
9.063	263.4	-105.3	-21.79	42.85	578.5
9.096	266.6	-97.27	-20.04	62.22	556.4
9.129	271.1	-86.23	-17.65	80.14	512.4
9.163	275.7	-72.35	-14.70	96.21	472.9
9.196	280.3	-55.68	-11.24	111.7	418.7
9.229	284.0	-36.20	-7.263	124.4	366.5
9.263	286.9	-14.76	-2.945	135.6	293.8
9.296	288.1	8.924	1.774	144.6	249.5
9.329	287.2	33.68	6.688	151.6	197.2
9.363	284.0	59.73	11.88	158.1	166.2
9.396	278.2	86.24	17.22	162.5	92.48
9.429	269.7	112.9	22.71	164.5	57.15
9.463	258.7	138.6	28.19	165.8	45.56
9.496	244.9	163.7	33.76	167.8	25.49
9.529	228.4	187.4	39.37	167.7	-21.77
9.563	209.6	209.1	44.93	166.1	-56.55
9.596	189.2	229.1	50.44	164.0	-70.00
9.629	167.2	246.6	55.86	161.3	-88.18
9.663	143.8	261.5	61.19	158.2	-81.80
9.696	119.6	273.9	66.41	155.7	-45.16
9.729	94.55	283.7	71.57	155.2	-36.10
9.763	68.60	291.3	76.75	153.7	-45.28
9.796	42.67	296.5	81.81	151.7	-25.03
9.829	16.43	299.2	86.86	152.2	-22.53
9.862	-10.20	299.6	91.95	150.7	-53.74
9.896	-36.00	297.5	96.90	148.0	-58.57
9.929	-61.31	293.2	101.8	147.0	-9.161
9.962	-85.98	286.7	106.7	147.2	1.755
9.996	-110.1	277.8	111.6	147.4	-19.24
10.029	-133.2	267.0	116.5	145.9	-42.89
10.062	-154.8	254.2	121.3	144.4	-41.19
10.096	-175.4	240.2	126.1	143.2	-7.973
10.129	-194.3	224.4	130.9	143.6	5.830
10.162	-211.9	206.7	135.7	144.1	-5.395
10.196	-227.8	187.9	140.5	143.0	-44.60
10.229	-242.0	167.9	145.2	141.2	-84.34
10.262	-254.0	147.2	149.9	137.5	-99.34
10.296	-264.2	126.6	154.4	134.2	-96.96
10.329	-272.3	105.4	158.8	131.4	-102.5
10.362	-278.6	84.36	163.2	127.2	-128.1
10.396	-283.5	63.78	167.3	122.8	-158.5
10.429	-286.2	43.60	171.3	116.9	-203.4
10.462	-287.7	24.61	175.1	109.1	-260.2
10.496	-288.3	7.006	178.6	99.67	-272.3
10.529	-287.5	-8.797	181.8	90.57	-279.7
10.562	-286.4	-23.26	184.6	81.47	-313.1
10.595	-284.4	-35.83	187.2	69.65	-353.6
10.629	-282.2	-46.14	189.3	57.58	-386.8
10.662	-280.4	-54.61	191.0	44.33	-407.0
10.695	-278.9	-60.49	192.2	30.01	-421.8
10.729	-278.1	-64.29	193.0	16.43	-432.6
10.762	-277.8	-65.84	193.3	1.308	-437.7
10.795	-278.1	-64.75	193.1	-13.17	-413.9
10.829	-278.9	-61.61	192.5	-25.98	-383.1
10.862	-280.2	-56.37	191.4	-38.76	-375.9
10.895	-281.8	-49.04	189.9	-51.03	-383.7
10.929	-283.9	-39.77	188.0	-64.13	-346.4
10.962	-285.7	-28.02	185.6	-74.79	-310.5
10.995	-287.3	-15.00	183.0	-84.00	-280.6
11.029	-288.0	-9.444E-3	180.0	-93.97	-286.0
11.062	-288.2	16.48	176.7	-102.8	-244.1
11.095	-287.2	34.50	173.1	-110.5	-200.8
11.129	-284.9	53.51	169.4	-116.1	-161.8
11.162	-281.3	73.22	165.4	-121.2	-125.2
11.195	-276.0	93.49	161.3	-124.7	-87.06
11.229	-269.2	113.7	157.1	-126.7	-58.66
11.262	-260.6	133.7	152.8	-128.7	-62.74
11.295	-250.7	153.4	148.5	-130.8	-57.01
11.329	-238.8	172.7	144.1	-132.6	-49.45
11.362	-225.2	191.1	139.7	-134.0	-6.207
11.395	-210.1	208.6	135.2	-133.4	12.88
11.428	-193.8	224.5	130.8	-132.5	4.725
11.462	-176.3	239.4	126.4	-133.3	-1.565
11.495	-157.4	252.7	121.9	-132.8	24.63
11.528	-137.7	264.3	117.5	-131.5	-1.407
11.562	-117.4	274.6	113.2	-132.7	-7.836
11.595	-95.70	283.1	108.7	-132.7	-2.519
11.628	-73.98	290.1	104.3	-132.0	-7.472
11.662	-51.43	295.3	99.88	-133.6	-26.61
11.695	-28.24	298.5	95.40	-133.9	-10.13
11.728	-4.994	299.8	90.95	-134.0	1.112
11.762	18.43	299.1	86.47	-134.1	-34.51
11.795	41.62	296.8	82.02	-135.9	-42.55
11.828	65.22	292.3	77.42	-137.6	-44.56
11.862	88.26	286.0	72.85	-138.3	-27.95
11.895	110.9	277.3	68.21	-139.8	-38.59
11.928	133.0	267.2	63.54	-140.8	-49.63
11.962	154.3	255.1	58.83	-142.9	-56.30
11.995	174.9	240.8	54.01	-144.8	-48.59
12.028	194.0	224.6	49.17	-145.9	-19.88
12.062	212.0	206.7	44.29	-146.4	9.817
12.095	228.1	187.5	39.42	-145.2	23.48
12.128	242.4	167.3	34.61	-144.5	13.60
12.161	254.9	145.9	29.79	-144.5	35.42
12.195	265.4	123.7	24.98	-142.4	97.04
12.228	273.6	101.2	20.30	-137.9	133.2
12.261	280.0	79.19	15.79	-133.3	138.7
12.295	284.5	57.44	11.42	-128.8	173.9
12.328	286.8	36.26	7.206	-122.0	225.4
12.361	288.0	16.55	3.288	-113.5	272.1
12.395	287.8	-1.786	-0.356	-104.0	299.3
12.428	286.7	-18.26	-3.644	-93.34	354.1
12.461	284.9	-32.85	-6.576	-80.72	400.0
12.495	282.7	-44.89	-9.023	-66.39	418.0
12.528	280.7	-54.56	-11.00	-52.82	417.3
12.561	278.9	-62.05	-12.54	-38.80	443.0
12.595	277.4	-67.03	-13.59	-23.24	503.0
12.628	276.6	-69.43	-14.09	-5.434	526.3
12.661	276.9	-68.76	-13.95	12.32	496.5
12.695	277.8	-65.52	-13.27	27.52	452.3
12.728	279.3	-59.95	-12.11	42.29	436.6
12.761	281.0	-51.83	-10.45	56.76	399.4
12.795	283.2	-41.47	-8.331	69.02	364.0
12.828	285.1	-29.23	-5.853	80.67	356.3
12.861	286.9	-14.81	-2.956	92.94	315.3
12.895	288.0	1.711	0.340	102.0	278.8
12.928	288.0	19.35	3.844	110.7	234.3
12.961	287.0	38.91	7.721	118.5	216.2
12.994	284.2	59.07	11.74	124.4	159.2
13.028	279.8	80.30	16.01	129.7	119.6
13.061	273.8	101.7	20.38	132.1	73.13
13.094	265.9	123.0	24.82	134.4	58.05
13.128	256.2	144.0	29.34	136.2	54.33
13.161	244.3	164.1	33.89	137.8	17.60
13.194	230.9	183.8	38.53	137.8	-4.693
13.228	216.1	202.0	43.08	136.9	-46.05
13.261	199.8	219.2	47.65	135.3	-53.98
13.294	182.7	234.6	52.09	132.8	-52.25
13.328	164.4	248.4	56.50	132.0	-53.22
13.361	145.1	260.6	60.89	129.5	-81.84
13.394	125.6	270.9	65.13	126.1	-89.07
13.428	105.6	279.5	69.29	123.7	-68.00
13.461	85.56	286.6	73.38	121.6	-35.31
13.494	65.34	292.2	77.40	121.2	-50.37
13.528	44.53	296.3	81.45	118.9	-57.09
13.561	24.44	298.7	85.32	116.5	-67.76
13.594	4.114	299.5	89.21	115.2	-38.77
13.628	-15.66	299.2	93.00	113.4	-63.92
13.661	-35.32	297.6	96.77	111.4	-47.79
13.694	-54.13	294.5	100.4	109.7	-25.19
13.727	-72.78	290.3	104.1	110.0	-14.85
13.761	-91.17	284.9	107.7	108.9	-24.57
13.794	-108.6	278.1	111.3	107.9	-32.32
13.827	-125.9	270.7	114.9	107.1	-22.23
13.861	-142.1	262.0	118.5	106.1	-26.92
13.894	-157.9	252.6	122.0	105.6	-15.25
13.927	-172.7	242.0	125.5	104.9	-19.06
13.961	-187.0	231.0	129.0	104.4	-39.81
13.994	-200.1	218.7	132.5	102.4	-57.76
14.027	-212.2	206.2	135.8	100.2	-49.87
14.061	-223.4	193.2	139.1	99.20	-18.84
14.094	-233.5	179.6	142.4	98.91	-33.42
14.127	-243.2	165.7	145.7	97.34	-66.60
14.161	-251.5	151.6	148.9	94.15	-90.45
14.194	-258.6	137.5	152.0	91.34	-98.48
14.227	-265.4	123.7	155.0	87.74	-130.7
14.261	-270.4	110.1	157.9	82.59	-140.7
14.294	-274.7	97.25	160.5	78.07	-125.1
14.327	-278.6	84.89	163.1	74.49	-150.7
14.361	-281.7	73.01	165.5	68.31	-180.5
14.394	-284.0	62.41	167.6	61.86	-181.6
14.427	-285.4	52.43	169.6	56.61	-176.3
14.461	-286.3	43.42	171.4	50.07	-200.6
14.494	-287.0	35.60	172.9	43.15	-205.4
14.527	-287.5	28.94	174.3	36.39	-228.8
14.560	-288.1	23.41	175.4	28.14	-246.8
14.594	-288.2	19.51	176.1	19.55	-243.3
14.627	-288.1	16.83	176.7	12.11	-236.9
14.660	-288.1	15.43	176.9	3.855	-251.3
14.694	-288.1	15.53	176.9	-4.790	-272.4
14.727	-288.1	17.04	176.6	-14.10	-247.6
14.760	-288.1	20.28	176.0	-21.80	-212.2
14.794	-287.9	24.36	175.2	-27.75	-180.2
14.827	-287.7	29.61	174.1	-34.01	-193.1
14.860	-287.3	35.81	172.9	-40.44	-214.4
14.894	-286.3	43.15	171.4	-48.29	-191.9
14.927	-285.0	51.91	169.7	-53.78	-170.4
14.960	-283.7	61.09	167.8	-58.83	-143.8
14.994	-281.9	71.56	165.8	-64.08	-149.2
15.027	-279.3	82.35	163.6	-68.22	-107.6
15.060	-275.9	93.87	161.2	-71.74	-102.4
15.094	-272.2	105.6	158.8	-74.59	-87.42
15.127	-267.6	117.8	156.2	-77.87	-100.7
15.160	-262.3	130.2	153.6	-81.05	-74.11
15.194	-256.1	142.9	150.8	-83.19	-54.55
15.227	-249.2	155.3	148.1	-84.32	-10.40
15.260	-241.6	167.8	145.2	-84.27	-7.204
15.293	-233.7	179.7	142.4	-84.22	-22.12
15.327	-225.0	191.5	139.6	-86.06	-31.14
15.360	-215.3	202.8	136.7	-86.48	-5.082
15.393	-205.0	213.5	133.8	-86.13	4.080
15.427	-194.4	223.9	131.0	-86.29	-3.249
15.460	-183.0	233.5	128.1	-86.34	3.084E-2
15.493	-171.4	242.7	125.2	-86.29	9.968
15.527	-159.1	251.2	122.3	-85.74	21.81
15.560	-146.7	259.2	119.5	-84.76	2.807
15.593	-134.1	266.6	116.7	-85.32	1.066
15.627	-120.5	273.0	113.8	-85.24	-13.51
15.660	-107.2	279.1	111.0	-85.55	2.205
15.693	-93.07	284.4	108.1	-85.82	-1.529
15.727	-78.96	288.7	105.3	-85.04	18.47
15.760	-64.53	292.3	102.5	-84.95	-22.38
15.793	-50.15	295.4	99.64	-86.11	-29.15
15.827	-35.03	297.6	96.71	-87.46	-20.51
15.860	-19.90	299.0	93.81	-87.15	-7.934
15.893	-4.735	299.9	90.90	-87.93	-32.02
15.927	10.72	299.4	87.95	-89.43	-27.74
15.960	26.40	298.5	84.95	-89.89	-26.60
15.993	41.91	296.7	81.96	-90.85	-45.47
16.027	57.70	293.9	78.89	-93.15	-48.85
16.060	73.62	289.9	75.75	-94.26	-18.28
16.093	89.35	285.3	72.61	-94.21	-20.64
16.126	104.8	279.9	69.47	-95.42	-27.67
16.160	120.2	273.3	66.25	-96.47	-37.62
16.193	135.3	266.0	63.05	-97.52	-41.03
16.226	150.0	257.3	59.75	-99.50	-49.02
16.260	164.7	248.0	56.42	-100.7	-28.95
16.293	178.6	237.4	53.04	-101.4	1.829
16.326	192.3	226.4	49.66	-100.7	-6.959
16.360	204.7	214.4	46.33	-101.4	-15.01
16.393	216.8	201.5	42.90	-102.4	-0.354
16.426	228.1	188.1	39.51	-101.1	30.65
16.460	238.2	174.1	36.16	-100.3	6.591
16.493	247.4	159.6	32.83	-100.6	13.36
16.526	255.6	144.4	29.46	-99.74	50.84
16.560	263.1	129.4	26.18	-96.95	87.40
16.593	269.3	114.3	22.99	-93.98	86.65
16.626	274.4	99.41	19.92	-91.10	91.07
16.660	278.5	84.75	16.92	-88.03	126.2
16.693	282.2	70.63	14.05	-82.82	180.0
16.726	284.4	57.38	11.40	-75.84	210.6
16.760	286.0	45.28	8.997	-68.76	207.5
16.793	287.2	34.36	6.823	-61.98	215.5
16.826	287.7	24.50	4.867	-54.55	259.4
16.859	288.1	16.05	3.188	-44.79	280.6
16.893	288.0	9.467	1.882	-35.39	289.2
16.926	288.0	4.170	0.830	-26.02	271.7
16.959	287.9	0.744	0.148	-16.76	299.9
16.993	287.9	-1.444	-0.287	-6.692	302.0
17.026	287.9	-1.497	-0.298	4.038	301.6
17.059	288.0	-9.202E-2	-1.831E-2	13.07	280.5
17.093	288.1	2.880	0.573	22.73	292.8
17.126	288.1	7.524	1.496	32.63	282.7
17.159	288.1	13.82	2.747	41.66	270.0
17.193	287.9	21.51	4.272	50.43	236.8
17.226	287.7	30.78	6.108	57.79	212.3
17.259	286.9	40.95	8.124	64.17	210.0
17.293	285.5	52.31	10.38	71.88	180.5
17.326	283.2	64.94	12.91	76.71	138.1
17.359	280.4	77.74	15.50	80.32	120.2
17.393	276.7	91.33	18.27	85.14	119.6
17.426	272.5	105.5	21.17	88.30	77.98
17.459	267.4	119.9	24.15	90.26	56.74
17.493	260.9	134.0	27.18	91.99	64.70
17.526	253.6	148.1	30.28	94.52	48.42
17.559	245.8	162.6	33.48	95.61	21.03
17.593	236.8	176.2	36.65	95.49	-17.83
17.626	227.0	189.5	39.85	94.74	-32.61
17.659	216.7	201.8	42.97	93.03	-38.78
17.692	205.7	213.4	46.05	92.20	-21.03
17.726	194.5	224.6	49.11	91.69	-33.04
17.759	182.4	234.8	52.16	90.13	-66.07
17.792	170.1	244.0	55.12	87.19	-79.98
17.826	157.9	252.3	57.97	84.65	-77.35
17.859	145.6	260.1	60.76	82.23	-63.04
17.892	133.5	267.1	63.45	80.20	-51.70
17.926	121.2	273.5	66.10	78.97	-54.07
17.959	108.6	278.6	68.71	76.69	-48.76
17.992	96.38	283.3	71.21	75.36	-54.08
18.026	83.88	287.4	73.73	73.64	-60.72
18.059	71.87	290.8	76.12	70.85	-64.05
18.092	59.95	293.3	78.45	69.48	-39.95
18.126	48.16	295.7	80.75	68.26	-58.14
18.159	36.51	297.3	83.00	65.74	-50.04
18.192	25.45	298.6	85.13	64.44	-32.86
18.226	14.15	299.2	87.29	64.08	-30.80
18.259	3.146	299.7	89.40	62.20	-45.14
18.292	-7.516	299.5	91.44	60.94	-49.18
18.326	-18.08	299.0	93.46	59.21	-50.08
18.359	-28.11	298.4	95.38	57.29	-39.63
18.392	-37.97	297.3	97.28	56.67	-10.20
18.425	-47.69	295.7	99.16	56.60	-30.50
18.459	-57.37	293.8	101.0	54.94	-49.19
18.492	-66.37	291.6	102.8	52.86	-38.24
18.525	-75.22	289.4	104.6	52.55	4.201
18.559	-84.00	286.8	106.3	53.11	-2.478
18.592	-92.84	283.9	108.1	52.68	-29.10
18.625	-101.3	280.8	109.8	50.93	-47.79
18.659	-109.4	277.5	111.5	49.50	-30.06
18.692	-117.1	274.2	113.1	48.84	-7.202
18.725	-124.9	270.9	114.8	49.08	3.671
18.759	-132.5	266.9	116.4	49.18	-20.53
18.792	-140.0	262.9	118.0	47.82	-48.20
18.825	-146.9	258.7	119.6	45.76	-45.51
18.859	-153.5	254.7	121.1	44.74	-39.63
18.892	-160.1	250.6	122.6	43.35	-38.95
18.925	-166.0	246.4	124.0	41.87	-34.01
18.959	-172.0	242.3	125.4	41.24	-20.11
18.992	-177.7	238.2	126.7	40.52	-23.93
19.025	-183.2	234.0	128.1	39.66	-31.78
19.059	-188.1	229.3	129.4	38.42	-34.57
19.092	-193.0	225.1	130.6	37.28	-17.66
19.125	-197.9	220.9	131.9	37.18	-33.63
19.158	-202.4	216.3	133.1	35.47	-55.55
19.192	-206.4	212.1	134.2	32.93	-51.90
19.225	-210.2	208.1	135.3	32.19	-21.72
19.258	-214.0	204.0	136.4	31.55	-16.19
19.292	-217.6	200.2	137.4	31.04	-36.49
19.325	-221.3	196.3	138.4	29.37	-48.25
19.358	-224.2	192.4	139.4	27.45	-37.63
19.392	-227.0	188.7	140.3	26.99	-40.31
19.425	-229.8	185.0	141.2	25.05	-56.08
19.458	-232.3	182.0	141.9	22.80	-62.93
19.492	-234.2	178.6	142.7	21.19	-55.51
19.525	-236.1	175.8	143.3	18.95	-73.51
19.558	-237.8	173.2	143.9	16.39	-62.11
19.592	-239.5	171.3	144.4	14.56	-63.34
19.625	-241.0	169.4	144.9	12.55	-58.70
19.658	-242.0	167.8	145.3	10.28	-70.66
19.692	-242.9	166.4	145.6	8.150	-61.61
19.725	-243.5	165.4	145.8	5.902	-64.53
19.758	-244.1	164.7	146.0	4.046	-78.89
19.792	-244.2	164.2	146.1	0.716	-73.41
19.825	-244.0	164.4	146.0	-1.313	-52.15
19.858	-243.9	164.6	146.0	-2.261	-37.06
19.892	-243.6	165.1	145.9	-4.012	-46.35
19.925	-243.4	165.9	145.7	-5.301	-24.14
19.958	-242.5	166.5	145.5	-5.725	-34.72
19.991	-242.2	167.4	145.3	-7.230	-35.89
20.025	-241.3	168.6	145.0	-8.665	-36.33
20.058	-240.3	169.7	144.8	-9.221	-30.69
20.091	-239.2	171.1	144.4	-10.86	-22.46
20.125	-238.2	172.8	144.0	-10.94	-13.67
20.158	-237.1	174.2	143.7	-11.29	-26.15
20.191	-236.1	176.0	143.3	-13.01	-31.17
20.225	-234.9	178.0	142.8	-13.42	-9.374
20.258	-233.7	180.0	142.4	-13.44	2.396
20.291	-232.5	182.1	141.9	-13.41	-25.04
20.325	-231.4	184.0	141.5	-14.76	-14.88
20.358	-229.5	186.2	141.0	-15.09	-14.78
20.391	-228.3	188.2	140.5	-14.97	-10.73
20.425	-226.4	190.3	140.0	-16.31	-31.95
20.458	-224.4	192.2	139.4	-16.92	-7.933
20.491	-222.4	194.5	138.8	-16.99	1.893
20.525	-220.5	196.6	138.3	-16.62	0.778
20.558	-218.5	198.7	137.7	-16.95	-11.82
20.591	-216.4	200.8	137.1	-17.48	-6.699
20.625	-214.3	203.0	136.6	-17.43	-14.13
20.658	-212.3	205.1	136.0	-18.18	-8.835
20.691	-210.2	207.7	135.3	-18.45	4.060
20.724	-208.1	209.8	134.8	-17.58	16.97
20.758	-205.9	212.0	134.2	-17.38	-19.88
20.791	-203.8	214.1	133.6	-18.71	-15.88
20.824	-201.6	216.8	132.9	-19.00	-32.65
20.858	-199.5	219.0	132.3	-20.07	-0.838
20.891	-196.7	221.6	131.6	-20.13	1.851
20.924	-194.5	223.8	131.0	-18.91	28.97
20.958	-191.8	225.9	130.3	-18.88	-7.778
20.991	-189.4	227.9	129.7	-18.91	7.209
21.024	-186.6	229.9	129.1	-18.93	-8.840
21.058	-184.3	232.0	128.5	-18.97	-8.075
21.091	-181.6	234.1	127.8	-19.88	-12.87
21.124	-179.2	236.6	127.1	-19.70	19.31
21.158	-176.5	238.6	126.5	-18.68	6.557
21.191	-174.2	240.6	125.9	-18.88	-7.190
21.224	-171.4	242.6	125.2	-19.63	1.945
21.258	-168.6	244.5	124.6	-18.61	12.10
21.291	-166.2	246.5	124.0	-18.57	-4.434
21.324	-163.5	248.3	123.4	-19.21	7.237
21.358	-160.7	250.2	122.7	-18.13	11.69
21.391	-158.4	252.0	122.1	-18.01	30.86
21.424	-155.7	253.9	121.5	-16.79	7.470
21.458	-153.5	255.1	121.0	-16.50	16.84
21.491	-150.8	256.8	120.4	-16.73	-14.71
21.524	-148.5	258.1	119.9	-16.55	20.72
21.557	-145.9	259.8	119.3	-16.25	18.85
21.591	-143.6	261.0	118.8	-14.58	6.565E-2
21.624	-141.4	262.2	118.3	-16.28	-16.50
21.657	-138.7	263.7	117.7	-16.35	-2.059
21.691	-136.5	265.0	117.3	-15.62	13.46
21.724	-133.8	266.0	116.7	-15.98	7.518
21.757	-131.6	267.6	116.2	-14.95	6.499
21.791	-129.4	268.8	115.7	-15.32	4.299
21.824	-126.8	269.8	115.2	-15.17	12.92
21.857	-124.5	270.8	114.7	-14.02	0.271
21.891	-122.4	271.9	114.2	-15.12	-11.30
21.924	-119.7	272.9	113.7	-15.26	-14.65
21.957	-117.5	273.9	113.2	-15.47	10.47
21.991	-114.8	275.0	112.7	-15.26	15.50
22.024	-112.6	275.8	112.2	-13.85	6.161
22.057	-110.4	276.9	111.7	-14.91	-11.51
22.091	-107.8	277.8	111.2	-15.04	5.088
22.124	-105.5	278.8	110.7	-14.16	-3.209
22.157	-103.3	279.8	110.3	-15.24	-11.64
22.191	-100.6	280.7	109.7	-15.36	-9.613
22.224	-98.30	281.7	109.2	-15.34	6.927
22.257	-95.62	282.6	108.7	-15.42	-10.35
22.290	-93.28	283.6	108.2	-15.52	3.552
22.324	-90.57	284.5	107.7	-15.68	-11.89
22.357	-88.17	285.5	107.2	-15.83	-14.39
22.390	-85.40	286.4	106.6	-16.99	-0.919
22.424	-82.55	287.3	106.0	-15.99	5.792
22.457	-80.15	288.2	105.5	-16.04	-9.203
22.490	-77.27	289.1	105.0	-17.16	-22.15
22.524	-74.44	290.0	104.4	-17.26	-7.887
22.557	-71.39	290.3	103.8	-17.74	-11.94
22.590	-68.38	291.2	103.2	-18.08	-3.437
22.624	-65.33	292.1	102.6	-17.99	3.068
22.657	-62.35	292.9	102.0	-17.81	0.558
22.690	-59.25	293.2	101.4	-17.95	-6.213
22.724	-56.19	294.0	100.8	-18.24	-7.465
22.757	-53.08	294.8	100.2	-18.46	-3.261
22.790	-49.85	295.1	99.59	-18.47	-6.173
22.824	-46.73	295.9	98.98	-18.78	-28.79
22.857	-43.41	296.2	98.34	-20.34	-21.48
22.890	-39.71	296.8	97.62	-20.63	-22.46
22.924	-36.28	297.1	96.96	-21.21	-24.67
22.957	-32.39	297.8	96.21	-22.80	-27.06
22.990	-28.40	298.0	95.44	-22.84	-3.592
23.024	-24.48	298.7	94.69	-22.97	-10.66
23.057	-20.44	298.9	93.91	-23.57	-12.42
23.090	-16.27	298.9	93.11	-23.89	-6.874
23.123	-12.12	298.9	92.32	-23.93	-8.159
23.157	-7.934	299.0	91.52	-24.42	-11.30
23.190	-3.619	299.0	90.69	-24.78	-37.92
23.223	0.685	299.0	89.87	-26.62	-56.11
23.257	5.637	298.9	88.92	-28.98	-46.49
23.290	10.76	298.7	87.94	-29.58	-9.157
23.323	15.92	298.6	86.95	-29.57	-8.382
23.357	21.04	298.4	85.97	-30.02	-9.200
23.390	26.35	298.1	84.95	-30.38	-35.54
23.423	31.61	297.9	83.94	-31.99	-32.90
23.457	37.43	297.0	82.82	-33.20	-28.67
23.490	43.03	296.0	81.73	-33.37	-25.62
23.523	48.94	295.4	80.59	-35.07	-39.24
23.557	55.14	294.4	79.39	-36.13	-25.79
23.590	61.33	293.2	78.18	-36.64	-42.33
23.623	67.63	291.8	76.95	-38.79	-40.35
23.657	74.42	289.8	75.60	-39.87	-36.10
23.690	80.95	287.9	74.29	-40.56	-29.66
23.723	87.87	285.6	72.90	-42.29	-35.92
23.757	94.96	283.4	71.48	-42.83	-26.45
23.790	102.0	281.0	70.04	-43.92	-31.59
23.823	109.2	277.9	68.55	-45.13	-30.18
23.856	116.4	274.7	67.04	-45.83	-38.51
23.890	123.7	271.3	65.50	-47.57	-39.70
23.923	131.4	267.8	63.87	-48.81	-44.03
23.956	138.8	263.7	62.24	-50.08	-32.67
23.990	146.6	259.3	60.53	-51.41	-10.83
24.023	154.3	255.0	58.82	-50.69	-18.83
24.056	161.6	250.3	57.15	-52.17	-25.23
24.090	169.5	245.1	55.34	-53.24	-44.58
24.123	176.6	239.6	53.60	-54.24	-23.50
24.156	184.3	233.6	51.73	-55.64	-20.13
24.190	191.4	227.2	49.89	-55.06	-11.33
24.223	198.4	220.8	48.06	-56.35	-31.29
24.256	205.2	213.6	46.14	-57.49	-18.30
24.290	212.0	206.4	44.23	-57.40	3.988
24.323	218.6	199.0	42.31	-57.24	1.943
24.356	225.2	191.8	40.41	-57.22	-2.412
24.390	231.0	183.8	38.50	-57.43	10.91
24.423	236.8	175.7	36.58	-56.64	33.89
24.456	242.2	167.8	34.73	-55.01	33.24
24.490	247.1	159.9	32.92	-54.34	19.75
24.523	251.6	151.8	31.11	-53.89	45.37
24.556	256.0	143.8	29.33	-51.44	82.49
24.590	259.8	136.3	27.68	-48.11	93.67
24.623	263.4	129.1	26.12	-45.27	66.49
24.656	266.1	122.2	24.66	-43.50	61.09
24.689	268.9	115.4	23.22	-41.56	83.92
24.723	271.4	109.1	21.89	-37.80	103.5
24.756	273.2	103.2	20.70	-34.45	84.45
24.789	274.9	97.88	19.60	-32.26	89.59
24.823	276.4	92.79	18.55	-28.75	134.0
24.856	277.4	88.44	17.68	-23.18	160.5
24.889	278.2	85.10	17.01	-17.87	133.1
24.923	278.9	82.57	16.49	-14.28	118.2
24.956	279.7	80.50	16.06	-10.33	147.7
24.989	280.2	79.29	15.80	-4.347	163.8
25.023	280.2	79.11	15.77	0.892	136.7
25.056	280.0	79.56	15.86	4.579	120.3
25.089	279.8	80.61	16.07	8.796	144.6
25.123	279.4	82.49	16.45	14.23	149.8
25.156	278.4	85.23	17.02	19.03	127.2
25.189	277.4	88.60	17.72	22.54	98.89
25.223	276.0	92.49	18.52	25.65	90.27
25.256	274.9	96.93	19.42	28.51	101.6
25.289	273.5	101.8	20.42	32.30	122.2
25.323	271.4	107.3	21.58	36.80	110.2
25.356	269.1	113.5	22.87	39.81	57.11
25.389	266.6	120.0	24.23	40.56	61.16
25.422	264.1	126.4	25.58	43.32	77.46
25.456	261.0	133.7	27.12	46.50	57.19
25.489	257.5	140.9	28.68	46.81	35.89
25.522	254.0	148.0	30.24	48.59	37.98
25.556	249.9	155.6	31.91	49.92	20.63
25.589	245.5	162.8	33.56	49.56	-17.02
25.622	240.7	169.9	35.22	48.97	0.397
25.656	236.1	176.8	36.83	49.25	0.336
25.689	230.9	183.7	38.50	49.48	-2.402
25.722	225.8	190.3	40.12	48.74	-29.14
25.756	220.7	196.9	41.75	47.77	-5.489
25.789	215.4	203.0	43.31	47.95	-29.37
25.822	209.7	209.3	44.94	46.63	-61.96
25.856	204.6	214.9	46.41	43.10	-67.72
25.889	199.3	219.9	47.81	42.14	-36.99
25.922	193.8	224.7	49.22	41.00	-39.90
25.956	188.6	229.2	50.55	39.19	-57.49
25.989	183.8	233.8	51.83	37.36	-62.70
26.022	178.8	237.6	53.04	34.90	-47.77
26.056	174.2	241.2	54.16	33.98	-43.39
26.089	169.5	244.8	55.30	32.52	-66.60
26.122	165.0	247.6	56.33	29.22	-83.70
26.156	161.0	250.3	57.25	26.86	-71.07
26.189	157.3	252.9	58.12	24.67	-73.64
26.222	153.7	254.7	58.89	21.88	-76.28
26.255	150.7	256.7	59.57	19.51	-45.64
26.289	148.0	258.4	60.19	18.74	-34.05
26.322	145.3	260.2	60.82	17.62	-64.22
26.355	142.9	261.7	61.37	14.35	-81.62
26.389	141.0	262.7	61.78	11.88	-62.35
26.422	139.2	263.6	62.16	10.46	-60.32
26.455	137.8	264.3	62.48	7.903	-62.66
26.489	136.9	265.1	62.69	5.988	-52.19
26.522	136.1	265.7	62.88	4.723	-52.51
26.555	135.4	265.8	63.00	2.432	-60.63
26.589	135.1	265.7	63.04	0.536	-45.18
26.622	135.1	265.6	63.04	-0.499	-51.18
26.655	135.3	265.5	63.00	-2.669	-57.45
26.689	136.0	265.2	62.86	-4.713	-51.46
26.722	136.9	265.1	62.69	-5.827	-41.34
26.755	138.0	264.7	62.47	-7.523	-41.71
26.789	139.2	263.9	62.19	-8.709	-29.17
26.822	140.4	262.8	61.89	-9.367	-37.95
26.855	141.8	261.8	61.56	-11.11	-53.92
26.889	143.7	260.8	61.15	-13.20	-41.04
26.922	145.8	259.7	60.69	-13.86	-14.02
26.955	147.9	258.5	60.23	-13.98	-15.16
26.988	150.0	257.3	59.75	-14.83	-27.95
27.022	152.4	256.0	59.24	-15.95	-47.73
27.055	154.6	254.3	58.69	-17.84	-53.23
27.088	157.6	252.7	58.05	-19.77	-53.55
27.122	160.6	250.9	57.37	-21.21	-24.58
27.155	163.7	248.6	56.63	-21.68	-14.29
27.188	166.7	246.5	55.93	-21.81	-0.643
27.222	169.9	244.3	55.18	-22.02	-18.09
27.255	173.0	242.2	54.46	-22.67	-22.67
27.288	176.3	239.7	53.67	-23.86	-40.20
27.322	179.4	236.9	52.87	-25.09	-43.36
27.355	182.7	233.8	52.00	-26.92	-31.54
27.388	186.4	230.8	51.08	-27.30	-15.07
27.422	189.8	227.7	50.18	-27.62	-17.54
27.455	193.6	224.6	49.24	-28.67	-4.603
27.488	197.4	221.3	48.27	-28.06	0.548
27.522	200.8	218.1	47.37	-28.15	-27.74
27.555	204.6	214.8	46.39	-30.21	-32.50
27.588	208.3	210.8	45.35	-30.55	-17.24
27.622	211.6	206.9	44.36	-30.89	3.481
27.655	215.3	202.8	43.29	-30.85	-10.18
27.688	218.6	198.9	42.30	-30.96	14.76
27.722	222.3	194.8	41.23	-30.57	18.22
27.755	225.3	190.8	40.26	-29.13	19.46
27.788	228.4	186.9	39.29	-29.48	5.398
27.821	231.2	182.6	38.30	-28.93	8.564
27.855	234.1	178.7	37.36	-28.59	13.65
27.888	237.0	174.7	36.40	-28.37	3.788
27.921	239.7	170.8	35.47	-28.03	13.50
27.955	242.6	166.9	34.53	-27.74	45.94
27.988	245.1	163.0	33.62	-25.04	63.02
28.021	247.2	159.7	32.86	-23.03	44.35
28.055	249.1	156.2	32.09	-22.49	33.50
28.088	251.1	153.0	31.36	-20.77	41.18
28.121	252.8	150.2	30.71	-19.53	25.10
28.155	254.6	147.3	30.06	-19.24	26.52
28.188	256.2	144.5	29.42	-17.90	50.25
28.221	257.3	141.8	28.87	-15.72	69.51
28.255	258.1	139.4	28.38	-13.35	64.95
28.288	259.0	137.6	27.98	-11.25	46.14
28.321	259.8	136.0	27.63	-10.30	51.34
28.355	260.6	134.4	27.29	-8.144	86.76
28.388	261.2	133.6	27.08	-4.277	106.5
28.421	261.3	133.2	27.01	-0.966	73.79
28.455	261.2	133.2	27.02	0.710	52.07
28.488	261.1	133.3	27.05	2.224	30.39
28.521	260.8	133.8	27.17	3.086	48.84
28.554	260.8	134.4	27.26	4.900	69.59
28.588	260.3	135.5	27.49	8.223	70.93
28.621	259.4	136.8	27.81	9.617	45.16
28.654	258.5	138.2	28.13	10.97	48.73
28.688	258.0	140.3	28.54	13.02	55.62
28.721	256.9	142.4	29.00	14.68	31.56
28.754	255.8	144.8	29.52	15.23	40.52
28.788	254.6	147.1	30.02	16.95	61.01
28.821	253.3	150.1	30.65	19.74	65.91
28.854	251.5	153.1	31.33	21.23	30.53
28.888	249.4	156.2	32.06	21.82	14.48
28.921	247.4	159.4	32.79	22.07	1.274
28.954	245.3	162.5	33.53	22.03	4.363
28.988	243.2	165.6	34.25	22.17	1.348
29.021	241.1	168.8	35.01	22.33	1.900
29.054	239.0	172.0	35.74	22.14	16.38
29.088	236.8	175.2	36.48	23.33	13.61
29.121	234.7	178.8	37.30	23.48	4.511
29.154	232.5	181.9	38.05	23.12	-16.90
29.188	229.7	185.0	38.84	22.79	2.107
29.221	227.5	188.0	39.57	22.79	3.604
29.254	224.8	191.0	40.36	23.46	-5.182
29.288	222.6	194.4	41.13	22.36	-18.08
29.321	220.4	197.4	41.85	21.98	-17.63
29.354	217.8	200.2	42.59	21.57	-21.23
29.387	215.6	203.1	43.28	20.30	-34.16
29.421	213.4	205.7	43.95	19.38	-36.83
29.454	211.0	207.9	44.58	17.89	-47.12
29.487	208.9	209.9	45.14	16.15	-32.67
29.521	207.0	211.7	45.65	15.60	-15.26
29.554	205.1	213.7	46.18	15.37	-14.80
29.587	203.2	215.5	46.68	14.51	-37.10
29.621	201.5	217.2	47.15	13.00	-43.53
29.654	200.3	218.9	47.54	11.43	-39.36
29.687	198.8	220.0	47.91	10.46	-39.91
29.721	197.7	221.5	48.24	8.858	-46.81
29.754	196.8	222.4	48.50	7.171	-31.50
29.787	196.0	223.3	48.72	6.741	-22.64
29.821	195.2	224.1	48.95	5.917	-57.53
29.854	194.5	224.7	49.11	2.909	-65.86
29.887	194.4	224.8	49.14	1.051	-39.00
29.921	194.0	224.6	49.18	0.733	-14.04
29.954	193.9	224.6	49.19	-2.476E-2	-34.80
29.987	194.0	224.6	49.18	-1.418	-27.27
30.021	194.3	224.2	49.10	-2.189	-33.09
30.054	194.6	224.1	49.03	-3.159	-25.74
30.087	195.3	223.7	48.88	-4.364	-32.61
30.120	195.7	223.1	48.74	-4.988	-29.26
30.154	196.6	222.6	48.55	-6.453	-39.09
30.187	197.5	221.8	48.31	-7.617	-7.997
30.220	198.5	220.8	48.04	-7.153	2.508
30.254	199.0	219.8	47.84	-7.005	-11.17
30.287	199.9	218.8	47.58	-8.195	-24.53
30.320	201.0	217.7	47.29	-8.640	-11.84
30.354	202.0	216.7	47.00	-8.905	-3.115
30.387	203.1	215.6	46.70	-8.934	-4.766
30.420	204.2	214.5	46.41	-9.084	-4.104
30.454	205.3	213.3	46.09	-9.348	-8.178
30.487	206.5	212.2	45.78	-9.518	-20.18
30.520	207.7	211.0	45.46	-10.65	-29.58
30.554	209.3	209.8	45.07	-11.68	-20.26
30.587	210.5	208.2	44.68	-11.91	-8.369
30.620	212.1	206.9	44.28	-12.21	14.78
30.654	213.4	205.1	43.87	-11.16	9.270
30.687	214.5	203.8	43.54	-11.03	-6.139
30.720	215.7	202.1	43.13	-12.09	-17.12
30.754	217.3	200.8	42.73	-11.99	3.720
30.787	218.5	199.1	42.33	-11.86	1.956
30.820	220.1	197.8	41.94	-11.82	22.27
30.854	221.3	196.1	41.54	-10.60	15.87
30.887	222.3	194.9	41.23	-10.25	13.34
30.920	223.4	193.2	40.86	-10.29	-9.364
30.953	224.4	192.0	40.55	-10.34	13.37
30.987	225.4	190.3	40.17	-9.989	16.29
31.020	226.4	189.2	39.88	-8.738	29.51
31.053	227.4	188.0	39.59	-8.301	8.359
31.087	228.2	187.0	39.33	-8.000	-18.18
31.120	229.2	186.0	39.06	-9.459	-12.52
31.153	230.1	184.4	38.70	-9.361	17.04
31.187	231.1	183.3	38.43	-7.787	26.87
31.220	231.9	182.4	38.18	-7.686	10.31
31.253	232.8	181.4	37.92	-7.242	5.478
31.287	233.6	180.5	37.70	-7.088	23.48
31.320	234.4	179.5	37.45	-6.076	11.50
31.353	234.7	178.7	37.29	-5.709	20.69
31.387	235.4	177.8	37.07	-5.393	18.51
31.420	235.6	177.1	36.93	-3.947	26.33
31.453	236.2	176.7	36.81	-3.818	22.01
31.487	236.4	176.1	36.68	-2.639	3.896
31.520	236.6	175.9	36.63	-3.025	9.957
31.553	237.1	175.3	36.48	-2.817	19.62
31.587	237.2	175.2	36.44	-1.019	25.91
31.620	237.3	175.0	36.41	-1.269	5.816
31.653	237.2	174.6	36.36	-0.842	14.04
31.686	237.2	174.6	36.35	-7.554E-2	15.24
31.720	237.2	174.6	36.35	5.456E-2	6.769
31.753	237.1	174.6	36.36	0.376	14.33
31.786	237.1	174.7	36.38	0.994	8.853
31.820	237.0	174.9	36.42	1.098	23.40
31.853	236.9	175.0	36.45	2.206	12.05
31.886	236.8	175.7	36.57	2.507	-5.841
31.920	236.7	175.9	36.62	1.309	-0.348
31.953	236.6	176.1	36.66	2.443	
31.986	236.5	176.8	36.78		
