	mass A					
t	x	y	θ	ω	α	
0.000	-39.00	315.0	97.06		
0.033	-38.66	315.1	96.99	-3.128	
0.067	-37.84	315.1	96.85	-5.937	-88.37
0.100	-36.46	315.2	96.60	-9.077	-54.24
0.133	-34.50	315.3	96.24	-9.871	-47.09
0.167	-32.82	315.4	95.94	-11.45	-71.23
0.200	-30.28	315.5	95.48	-15.19	-82.08
0.233	-27.26	316.1	94.93	-16.94	-27.77
0.267	-24.07	316.2	94.35	-16.98	-19.62
0.300	-20.99	316.2	93.80	-17.94	-33.56
0.333	-17.45	316.3	93.16	-19.56	-14.76
0.367	-13.78	316.4	92.49	-18.98	2.166
0.400	-10.45	316.3	91.89	-18.96	12.62
0.433	-6.792	316.3	91.23	-18.71	25.53
0.466	-3.566	316.3	90.65	-16.88	52.82
0.500	-0.581	316.3	90.11	-15.31	34.16
0.533	2.063	316.1	89.63	-14.42	37.46
0.566	4.724	316.2	89.14	-13.14	57.00
0.600	6.897	316.1	88.75	-10.44	82.20
0.633	8.562	316.1	88.45	-7.661	99.32
0.666	9.715	316.1	88.24	-3.948	105.6
0.700	10.02	316.1	88.19	-0.347	108.1
0.733	9.838	316.0	88.22	2.999	88.19
0.766	8.915	316.2	88.39	5.824	88.06
0.800	7.701	316.2	88.60	8.517	81.71
0.833	5.780	316.1	88.95	11.55	107.0
0.866	3.455	316.4	89.37	15.31	91.42
0.900	0.149	316.3	89.97	18.21	65.45
0.933	-3.246	316.4	90.59	19.25	41.76
0.966	-6.934	316.3	91.26	21.04	47.93
1.000	-10.99	316.3	91.99	22.54	36.23
1.033	-15.23	316.3	92.76	23.41	30.58
1.066	-19.61	316.2	93.55	24.50	8.571
1.100	-24.27	316.0	94.39	24.27	1.950
1.133	-28.57	315.9	95.17	24.14	-29.40
1.166	-33.16	315.6	96.00	22.98	-37.18
1.199	-37.05	315.4	96.70	20.97	-58.22
1.233	-40.87	314.8	97.40	19.57	-63.06
1.266	-44.21	314.4	98.00	16.60	-86.96
1.299	-46.94	313.9	98.50	13.71	-93.58
1.333	-49.24	313.8	98.92	10.49	-91.58
1.366	-50.84	313.8	99.20	7.418	-104.8
1.399	-51.98	313.6	99.41	3.798	-114.5
1.433	-52.22	313.6	99.46	-0.484	-109.4
1.466	-51.84	313.9	99.38	-3.493	-92.53
1.499	-50.96	313.8	99.22	-6.468	-107.7
1.533	-49.44	314.0	98.95	-10.67	-92.62
1.566	-47.03	314.3	98.51	-13.07	-56.81
1.599	-44.61	314.4	98.08	-13.98	-57.23
1.633	-41.85	314.5	97.58	-16.87	-91.74
1.666	-38.40	314.9	96.95	-20.31	-73.08
1.699	-34.41	315.4	96.23	-21.87	-24.81
1.733	-30.35	315.4	95.50	-21.80	-0.349
1.766	-26.36	315.7	94.77	-21.82	6.756
1.799	-22.34	316.2	94.04	-21.48	14.15
1.833	-18.47	316.3	93.34	-20.75	41.09
1.866	-14.69	316.4	92.66	-18.97	35.80
1.899	-11.48	316.3	92.08	-17.89	45.23
1.933	-8.098	316.3	91.47	-16.56	47.63
1.966	-5.381	316.3	90.97	-14.22	80.95
1.999	-2.866	316.3	90.52	-11.57	81.73
2.032	-1.126	316.3	90.20	-8.399	89.01
2.066	0.224	316.4	89.96	-5.844	82.06
2.099	1.024	316.3	89.81	-2.867	81.53
2.132	1.279	316.4	89.77	-0.349	82.56
2.166	1.153	316.3	89.79	2.464	90.27
2.199	0.372	316.3	89.93	5.803	66.28
2.232	-0.982	316.3	90.18	7.109	37.03
2.266	-2.243	316.3	90.41	7.834	42.08
2.299	-3.865	316.4	90.70	10.05	60.54
2.332	-5.943	316.4	91.08	11.98	32.06
2.366	-8.274	316.3	91.50	12.27	6.519
2.399	-10.46	316.3	91.89	12.16	13.55
2.432	-12.75	316.4	92.31	13.21	9.923
2.466	-15.32	316.2	92.77	13.11	1.244
2.499	-17.58	316.2	93.18	12.86	-20.66
2.532	-20.06	316.2	93.63	12.20	-34.32
2.566	-22.08	316.1	94.00	10.24	-49.16
2.599	-23.84	316.1	94.31	8.973	-48.91
2.632	-25.40	316.1	94.59	7.113	-56.65
2.666	-26.46	316.0	94.79	5.010	-48.41
2.699	-27.25	316.0	94.93	3.900	-36.19
2.732	-27.90	316.0	95.05	2.734	-45.32
2.765	-28.26	316.0	95.11	0.839	-51.65
2.799	-28.21	316.0	95.10	-0.806	-43.13
2.832	-27.96	316.0	95.06	-1.969	-46.01
2.865	-27.49	316.0	94.97	-3.777	-26.14
2.899	-26.57	316.1	94.80	-4.109	-13.19
2.932	-25.97	316.1	94.70	-4.097	-10.35
2.965	-25.05	316.1	94.53	-5.156	-20.30
2.999	-24.07	316.1	94.35	-5.366	-4.929
3.032	-23.07	316.1	94.17	-5.463	5.433
3.065	-22.05	316.1	93.99	-5.079	12.75
3.099	-21.20	316.2	93.84	-4.498	22.42
3.132	-20.39	316.2	93.69	-3.702	41.43
3.165	-19.83	316.2	93.59	-1.753	55.51
3.199	-19.75	316.2	93.57	0.181	34.52
3.232	-19.90	316.2	93.60	0.580	24.27
3.265	-19.96	316.2	93.61	1.475	23.03
3.299	-20.44	316.1	93.70	2.491	45.01
3.332	-20.88	316.2	93.78	4.040	43.67
3.365	-21.93	316.1	93.97	5.872	30.83
3.399	-23.04	316.1	94.17	5.919	10.12
3.432	-24.11	316.0	94.36	6.404	12.65
3.465	-25.40	316.0	94.60	6.958	23.95
3.499	-26.68	316.0	94.83	7.775	6.961
3.532	-28.28	316.0	95.11	7.795	4.555
3.565	-29.56	315.9	95.35	7.618	-15.78
3.598	-31.08	315.8	95.62	7.210	-30.11
3.632	-32.22	315.8	95.83	5.325	-38.48
3.665	-33.06	315.7	95.98	4.563	-27.65
3.698	-33.91	315.7	96.13	3.735	-45.38
3.732	-34.43	315.7	96.23	1.480	-66.77
3.765	-34.46	315.7	96.23	-0.849	-52.36
3.798	-34.13	315.7	96.17	-2.046	-38.79
3.832	-33.70	315.8	96.09	-3.236	-54.13
3.865	-32.95	315.9	95.95	-5.672	-62.64
3.898	-31.63	316.0	95.71	-7.638	-58.49
3.932	-30.12	316.0	95.44	-9.318	-59.59
3.965	-28.16	316.0	95.09	-11.72	-51.11
3.998	-25.79	316.2	94.66	-12.89	-44.99
4.032	-23.41	316.2	94.23	-14.33	-20.17
4.065	-20.50	316.3	93.71	-14.79	-16.69
4.098	-17.95	316.3	93.25	-14.81	-13.31
4.132	-15.04	316.3	92.72	-16.08	-16.44
4.165	-12.03	316.3	92.18	-15.90	13.06
4.198	-9.183	316.5	91.66	-15.10	17.47
4.232	-6.468	316.3	91.17	-14.70	43.06
4.265	-3.770	316.3	90.68	-12.57	60.60
4.298	-1.843	316.3	90.33	-10.12	63.74
4.331	-4.787E-2	316.3	90.01	-8.671	60.55
4.365	1.347	316.3	89.76	-6.041	76.27
4.398	2.174	316.2	89.61	-3.453	62.92
4.431	2.617	316.3	89.53	-1.849	77.52
4.465	2.855	316.3	89.48	1.345	104.3
4.498	2.122	316.3	89.62	5.553	99.17
4.531	0.812	316.3	89.85	7.912	78.27
4.565	-0.788	316.3	90.14	10.51	68.11
4.598	-3.055	316.3	90.55	12.79	58.39
4.631	-5.495	316.4	91.00	14.15	49.14
4.665	-8.263	316.4	91.50	16.10	56.33
4.698	-11.42	316.3	92.07	17.96	58.74
4.731	-14.88	316.3	92.69	19.93	46.42
4.765	-18.77	316.3	93.40	21.25	18.15
4.798	-22.71	316.1	94.11	21.07	-3.584
4.831	-26.53	316.0	94.80	20.87	-27.33
4.865	-30.41	315.8	95.50	19.55	-34.40
4.898	-33.76	315.8	96.10	18.13	-41.64
4.931	-37.09	315.3	96.71	17.15	-43.88
4.965	-40.03	314.9	97.25	15.05	-55.85
4.998	-42.64	314.9	97.71	13.36	-81.82
5.031	-44.96	314.5	98.14	9.967	-103.3
5.065	-46.30	314.4	98.38	5.957	-109.2
5.098	-47.12	314.1	98.53	2.975	-81.79
5.131	-47.35	314.0	98.57	0.321	-93.56
5.164	-47.24	314.1	98.55	-2.941	-89.55
5.198	-46.26	314.1	98.38	-6.071	-83.01
5.231	-45.00	314.3	98.15	-8.175	-76.64
5.264	-43.25	314.4	97.83	-11.20	-88.51
5.298	-40.89	314.7	97.40	-14.19	-69.79
5.331	-38.07	315.2	96.89	-15.91	-53.86
5.364	-35.05	315.3	96.34	-17.55	-35.55
5.398	-31.61	315.7	95.72	-18.59	-43.33
5.431	-28.24	316.1	95.10	-19.99	-26.84
5.464	-24.25	316.2	94.39	-20.93	4.382
5.498	-20.51	316.4	93.71	-19.42	24.51
5.531	-17.09	316.4	93.09	-19.07	5.084
5.564	-13.47	316.3	92.44	-19.39	25.39
5.598	-9.941	316.4	91.80	-17.48	62.76
5.631	-7.035	316.3	91.27	-14.88	60.86
5.664	-4.461	316.3	90.81	-13.48	57.25
5.698	-2.073	316.3	90.38	-11.29	74.64
5.731	-0.307	316.3	90.06	-8.282	91.17
5.764	0.974	316.3	89.82	-5.320	90.66
5.798	1.649	316.3	89.70	-2.172	83.39
5.831	1.773	316.2	89.68	0.291	79.85
5.864	1.542	316.3	89.72	2.966	81.49
5.897	0.682	316.3	89.88	5.898	98.77
5.931	-0.628	316.4	90.11	9.335	79.00
5.964	-2.753	316.4	90.50	11.61	42.86
5.997	-4.901	316.4	90.89	11.87	26.15
6.031	-7.119	316.3	91.29	13.23	41.31
6.064	-9.773	316.4	91.77	14.86	32.96
6.097	-12.59	316.3	92.28	15.38	-4.862
6.131	-15.44	316.2	92.79	14.61	-5.630
6.164	-17.97	316.2	93.25	14.63	-5.851
6.197	-20.83	316.2	93.77	14.70	-16.40
6.231	-23.39	316.0	94.23	13.28	-31.89
6.264	-25.73	316.0	94.65	12.53	-31.91
6.297	-28.01	315.8	95.07	11.36	-46.46
6.331	-29.93	315.9	95.41	9.297	-73.68
6.364	-31.45	315.8	95.69	6.553	-71.80
6.397	-32.34	315.8	95.85	4.247	-54.05
6.431	-33.01	315.7	95.97	3.112	-31.23
6.464	-33.51	315.9	96.06	2.147	-55.97
6.497	-33.83	315.8	96.11	-0.355	-84.36
6.531	-33.37	315.8	96.03	-3.820	-79.85
6.564	-32.41	315.9	95.86	-5.696	-42.61
6.597	-31.26	315.9	95.65	-6.557	-15.86
6.631	-30.00	316.0	95.42	-6.799	-9.856
6.664	-28.75	316.0	95.20	-7.076	-31.35
6.697	-27.37	316.0	94.95	-8.821	-16.39
6.730	-25.51	316.2	94.61	-8.708	-5.295
6.764	-24.16	316.1	94.37	-8.397	3.995
6.797	-22.39	316.1	94.05	-9.054	13.12
6.830	-20.82	316.3	93.77	-7.383	39.07
6.864	-19.68	316.3	93.56	-6.190	42.73
6.897	-18.54	316.3	93.35	-4.880	31.03
6.930	-17.87	316.3	93.23	-3.737	23.45
6.964	-17.16	316.4	93.11	-3.585	43.42
6.997	-16.55	316.3	93.00	-1.057	63.99
7.030	-16.77	316.3	93.03	1.262	44.82
7.064	-17.02	316.3	93.08	1.600	19.65
7.097	-17.36	316.2	93.14	2.533	43.51
7.130	-17.95	316.3	93.25	4.478	50.91
7.164	-19.01	316.3	93.44	6.132	27.71
7.197	-20.21	316.2	93.66	6.291	10.86
7.230	-21.32	316.1	93.86	6.649	23.78
7.264	-22.66	316.1	94.10	7.973	13.92
7.297	-24.27	316.1	94.39	7.825	6.452
7.330	-25.55	316.1	94.62	7.911	-13.73
7.364	-27.19	316.0	94.92	7.508	-28.59
7.397	-28.33	316.1	95.12	5.559	-43.36
7.430	-29.23	315.8	95.29	4.688	-18.36
7.463	-30.05	315.9	95.43	4.345	-24.81
7.497	-30.84	315.9	95.58	3.215	-53.61
7.530	-31.25	315.9	95.65	0.680	-58.50
7.563	-31.09	315.8	95.62	-0.926	-51.59
7.597	-30.90	315.9	95.59	-2.402	-58.18
7.630	-30.22	316.0	95.46	-4.982	-54.85
7.663	-29.06	316.0	95.26	-6.226	-47.91
7.697	-27.91	316.0	95.05	-7.771	-46.66
7.730	-26.20	316.2	94.74	-9.724	-53.02
7.763	-24.32	316.1	94.40	-11.06	-26.47
7.797	-22.11	316.2	94.00	-11.74	-17.84
7.830	-20.00	316.3	93.62	-11.97	-3.616
7.863	-17.70	316.4	93.20	-12.20	-1.396
7.897	-15.50	316.4	92.81	-11.92	-13.36
7.930	-13.31	316.4	92.41	-12.97	6.982
7.963	-10.72	316.4	91.94	-12.04	25.74
7.997	-8.872	316.4	91.61	-10.47	38.29
8.030	-6.866	316.4	91.24	-10.02	28.26
8.063	-5.183	316.4	90.94	-8.386	59.88
8.097	-3.779	316.4	90.68	-6.149	64.52
8.130	-2.920	316.4	90.53	-3.884	62.63
8.163	-2.350	316.4	90.43	-2.104	57.05
8.197	-2.146	316.3	90.39	-6.093E-2	74.27
8.230	-2.327	316.3	90.42	2.752	85.27
8.263	-3.158	316.4	90.57	5.792	77.23
8.296	-4.459	316.4	90.81	7.895	66.87
8.330	-6.064	316.4	91.10	10.10	65.20
8.363	-8.178	316.3	91.48	12.39	72.85
8.396	-10.63	316.5	91.92	14.80	47.96
8.430	-13.63	316.3	92.47	15.94	14.30
8.463	-16.49	316.2	92.99	15.45	0.908
8.496	-19.32	316.2	93.50	15.94	14.18
8.530	-22.37	316.1	94.05	16.58	10.53
8.563	-25.43	316.0	94.60	16.57	-5.555
8.596	-28.49	315.9	95.15	16.23	-13.26
8.630	-31.43	315.8	95.68	15.65	-24.07
8.663	-34.25	315.6	96.19	14.68	-30.67
8.696	-36.84	315.5	96.66	13.52	-55.79
8.730	-39.21	315.0	97.10	11.19	-72.34
8.763	-40.93	314.9	97.41	8.376	-89.32
8.796	-42.30	314.8	97.65	5.501	-91.60
8.830	-42.98	314.9	97.77	2.075	-84.04
8.863	-43.09	314.9	97.79	-0.152	-79.68
8.896	-42.93	314.9	97.76	-2.931	-89.72
8.930	-42.00	314.9	97.60	-6.412	-76.32
8.963	-40.58	315.2	97.34	-8.093	-68.53
8.996	-39.01	315.0	97.06	-10.54	-68.41
9.029	-36.67	315.3	96.63	-13.17	-75.42
9.063	-34.15	315.4	96.18	-15.16	-60.57
9.096	-31.07	315.5	95.62	-17.47	-39.90
9.129	-27.74	316.1	95.02	-17.88	-4.749
9.163	-24.52	316.3	94.43	-17.56	-9.647
9.196	-21.25	316.3	93.84	-18.47	-6.543
9.229	-17.69	316.3	93.20	-18.37	4.606
9.263	-14.48	316.3	92.62	-17.73	26.38
9.296	-11.16	316.5	92.02	-16.98	45.20
9.329	-8.224	316.3	91.49	-14.56	72.37
9.363	-5.794	316.3	91.05	-12.08	70.78
9.396	-3.778	316.4	90.68	-9.878	60.84
9.429	-2.159	316.3	90.39	-7.992	67.13
9.463	-0.837	316.3	90.15	-5.562	74.86
9.496	-0.113	316.3	90.02	-2.814	86.30
9.529	0.198	316.3	89.96	3.056E-2	85.58
9.563	-0.124	316.3	90.02	3.038	80.65
9.596	-0.919	316.3	90.17	5.375	72.33
9.629	-2.102	316.4	90.38	7.783	73.29
9.663	-3.783	316.4	90.69	10.33	58.67
9.696	-5.901	316.3	91.07	11.80	39.19
9.729	-8.125	316.3	91.47	12.75	45.15
9.763	-10.60	316.3	91.92	14.77	42.69
9.796	-13.56	316.3	92.46	15.91	6.213
9.829	-16.46	316.3	92.98	15.03	-10.81
9.862	-19.10	316.2	93.46	14.94	-3.092
9.896	-21.96	316.1	93.97	15.15	-1.158
9.929	-24.69	316.1	94.47	14.68	-28.34
9.962	-27.38	316.0	94.95	13.45	-32.29
9.996	-29.65	315.9	95.36	12.22	-44.63
10.029	-31.89	315.8	95.77	10.80	-49.03
10.062	-33.66	315.9	96.08	8.701	-72.58
10.096	-35.11	315.6	96.35	6.187	-78.96
10.129	-35.94	315.7	96.49	3.226	-83.88
10.162	-36.31	315.6	96.56	0.685	-63.18
10.196	-36.18	315.5	96.54	-1.118	-55.73
10.229	-35.90	315.7	96.49	-2.806	-58.50
10.262	-35.17	315.8	96.35	-5.133	-64.95
10.296	-34.00	315.8	96.15	-7.153	-40.18
10.329	-32.52	315.9	95.88	-7.925	-41.39
10.362	-31.08	316.0	95.62	-9.503	-44.87
10.396	-29.01	316.1	95.24	-11.40	-31.28
10.429	-26.87	316.2	94.86	-11.42	1.889
10.462	-24.79	316.2	94.48	-11.20	4.178
10.496	-22.73	316.2	94.11	-11.15	6.156
10.529	-20.67	316.3	93.74	-10.85	15.51
10.562	-18.73	316.4	93.39	-10.09	16.77
10.595	-16.95	316.4	93.07	-9.641	23.85
10.629	-15.17	316.3	92.75	-8.702	50.16
10.662	-13.74	316.4	92.49	-6.248	58.11
10.695	-12.87	316.4	92.33	-4.556	46.82
10.729	-12.06	316.4	92.18	-3.429	57.23
10.762	-11.61	316.4	92.10	-0.744	64.64
10.795	-11.79	316.4	92.13	1.208	51.08
10.829	-12.05	316.3	92.18	2.342	51.85
10.862	-12.65	316.4	92.29	4.690	53.39
10.895	-13.78	316.4	92.49	6.171	26.25
10.929	-14.93	316.3	92.70	6.247	10.50
10.962	-16.08	316.3	92.91	6.795	22.11
10.995	-17.43	316.2	93.15	7.796	35.35
11.029	-18.95	316.2	93.43	9.096	29.23
11.062	-20.78	316.2	93.76	9.912	6.643
11.095	-22.61	316.2	94.09	9.480	-28.20
11.129	-24.27	316.0	94.39	8.053	-19.12
11.162	-25.58	316.0	94.63	7.866	-22.15
11.195	-27.18	316.0	94.92	7.169	-32.14
11.229	-28.22	315.9	95.10	5.236	-47.67
11.262	-29.12	316.0	95.27	4.179	-38.86
11.295	-29.77	315.9	95.38	2.653	-52.32
11.329	-30.10	316.0	95.44	0.684	-50.54
11.362	-30.03	316.0	95.43	-0.834	-49.97
11.395	-29.79	315.9	95.39	-2.449	-56.68
11.428	-29.12	316.0	95.27	-4.727	-57.45
11.462	-28.04	316.0	95.07	-6.350	-41.98
11.495	-26.79	316.2	94.84	-7.436	-46.97
11.528	-25.30	316.1	94.58	-9.371	-47.96
11.562	-23.32	316.3	94.22	-10.92	-27.87
11.595	-21.27	316.2	93.85	-11.09	-3.654
11.628	-19.23	316.2	93.48	-11.13	-7.589E-2
11.662	-17.17	316.3	93.11	-11.11	8.715
11.695	-15.13	316.3	92.74	-10.59	10.11
11.728	-13.27	316.3	92.40	-10.29	16.83
11.762	-11.34	316.3	92.05	-9.691	37.78
11.795	-9.700	316.4	91.76	-7.703	66.26
11.828	-8.505	316.5	91.54	-5.218	51.67
11.862	-7.776	316.4	91.41	-4.056	36.16
11.895	-7.010	316.4	91.27	-3.164	50.26
11.928	-6.612	316.4	91.20	-0.626	62.11
11.962	-6.780	316.4	91.23	1.228	62.23
11.995	-7.063	316.4	91.28	3.160	51.98
12.028	-7.943	316.4	91.44	5.068	68.59
12.062	-8.929	316.4	91.62	7.304	64.10
12.095	-10.63	316.4	91.92	9.778	69.76
12.128	-12.53	316.4	92.27	11.64	34.95
12.161	-14.92	316.3	92.70	12.48	15.19
12.195	-17.12	316.1	93.10	12.28	7.331
12.228	-19.44	316.2	93.52	13.05	31.45
12.261	-21.93	316.1	93.97	14.36	26.81
12.295	-24.74	316.1	94.48	15.02	-9.099
12.328	-27.48	316.0	94.97	13.75	-17.99
12.361	-29.82	316.0	95.39	13.42	-31.56
12.395	-32.42	315.6	95.86	12.30	-36.94
12.428	-34.36	315.7	96.21	10.31	-45.53
12.461	-36.23	315.5	96.55	9.601	-39.21
12.495	-37.86	315.1	96.85	7.716	-60.57
12.528	-39.05	315.0	97.07	5.436	-81.88
12.561	-39.86	314.9	97.21	2.434	-74.12
12.595	-39.95	315.0	97.23	0.121	-86.11
12.628	-39.91	315.0	97.22	-2.750	-85.80
12.661	-38.93	315.0	97.04	-6.154	-80.34
12.695	-37.66	315.3	96.81	-7.865	-63.41
12.728	-36.03	315.2	96.52	-10.28	-64.05
12.761	-33.86	315.4	96.13	-12.38	-65.98
12.795	-31.47	315.5	95.70	-14.39	-39.17
12.828	-28.58	316.0	95.17	-15.40	-25.07
12.861	-25.83	316.2	94.67	-15.62	-10.61
12.895	-22.82	316.3	94.13	-16.36	-10.93
12.928	-19.79	316.4	93.58	-16.28	1.144
12.961	-16.80	316.3	93.04	-16.23	5.430
12.994	-13.80	316.4	92.50	-16.01	18.62
13.028	-10.90	316.4	91.97	-14.99	34.33
13.061	-8.275	316.4	91.50	-13.65	50.40
13.094	-5.879	316.4	91.06	-11.74	57.45
13.128	-3.953	316.4	90.72	-9.663	63.48
13.161	-2.322	316.3	90.42	-7.639	74.56
13.194	-1.141	316.2	90.21	-4.705	103.4
13.228	-0.591	316.5	90.11	-0.756	91.17
13.261	-0.864	316.4	90.16	1.730	61.09
13.294	-1.227	316.4	90.22	2.930	58.13
13.328	-1.942	316.4	90.35	5.595	77.15
13.361	-3.287	316.4	90.60	8.286	77.63
13.394	-4.991	316.4	90.90	10.61	62.53
13.428	-7.193	316.4	91.30	12.60	51.25
13.461	-9.634	316.4	91.74	13.92	30.72
13.494	-12.32	316.4	92.23	14.73	22.30
13.528	-15.06	316.3	92.73	15.29	22.71
13.561	-17.96	316.3	93.25	16.27	16.26
13.594	-21.05	316.1	93.81	16.52	-8.734
13.628	-24.04	316.1	94.35	15.61	-19.40
13.661	-26.81	316.0	94.85	15.08	-20.02
13.694	-29.62	316.0	95.35	14.48	-41.88
13.727	-32.15	315.7	95.81	12.30	-63.69
13.761	-34.15	315.7	96.17	10.02	-63.10
13.794	-35.88	315.8	96.48	8.228	-65.15
13.827	-37.18	315.4	96.72	5.715	-65.74
13.861	-37.93	315.1	96.86	3.642	-76.88
13.894	-38.48	314.9	96.97	0.947	-79.78
13.927	-38.27	315.0	96.93	-2.073	-71.07
13.961	-37.72	315.0	96.83	-3.644	-57.83
13.994	-36.94	315.2	96.68	-5.782	-56.78
14.027	-35.59	315.2	96.44	-7.685	-64.97
14.061	-34.09	315.3	96.17	-9.792	-51.92
14.094	-31.98	315.5	95.79	-11.55	-45.22
14.127	-29.83	315.5	95.40	-12.47	-34.88
14.161	-27.42	316.0	94.96	-14.00	-16.85
14.194	-24.71	316.2	94.47	-13.80	0.960
14.227	-22.33	316.2	94.04	-13.50	12.28
14.261	-19.73	316.2	93.57	-13.38	6.411
14.294	-17.39	316.2	93.15	-12.77	29.91
14.327	-15.02	316.4	92.72	-11.69	35.09
14.361	-13.08	316.3	92.37	-10.13	45.14
14.394	-11.28	316.3	92.04	-8.869	59.11
14.427	-9.818	316.3	91.78	-6.235	65.66
14.460	-8.989	316.3	91.63	-4.172	55.23
14.494	-8.283	316.4	91.50	-2.853	52.93
14.527	-7.940	316.4	91.44	-0.588	75.52
14.560	-8.071	316.6	91.46	2.185	76.56
14.594	-8.755	316.7	91.58	4.628	57.02
14.627	-9.786	316.9	91.77	5.980	38.59
14.660	-10.97	317.0	91.98	7.085	28.07
14.694	-12.40	316.8	92.24	7.962	33.67
14.727	-13.90	316.8	92.51	9.141	39.86
14.760	-15.77	316.9	92.85	10.78	29.93
14.794	-17.89	316.8	93.23	11.21	4.525
14.827	-19.91	316.7	93.60	10.93	-8.505
14.860	-21.92	316.7	93.96	10.69	-14.33
14.894	-23.85	316.6	94.31	10.00	-14.33
14.927	-25.61	316.5	94.63	9.608	-38.09
14.960	-27.36	316.0	94.95	7.829	-47.29
14.994	-28.47	316.0	95.15	5.914	-36.55
15.027	-29.54	315.9	95.34	5.678	-23.01
15.060	-30.57	316.0	95.53	4.475	-66.62
15.094	-31.21	315.9	95.64	1.289	-67.87
15.127	-31.04	315.9	95.61	-0.571	-64.20
15.160	-30.98	315.8	95.60	-2.295	-56.94
15.194	-30.20	316.0	95.46	-4.911	-57.01
15.227	-29.19	316.0	95.28	-5.906	-30.68
15.260	-28.02	316.1	95.07	-6.911	-26.72
15.293	-26.64	316.1	94.82	-7.756	-39.18
15.327	-25.15	316.2	94.55	-9.325	-43.01
15.360	-23.19	316.2	94.19	-10.92	-25.33
15.393	-21.12	316.2	93.82	-10.94	1.159
15.427	-19.15	316.3	93.47	-10.72	6.233
15.460	-17.17	316.3	93.11	-10.60	8.892
15.493	-15.24	316.3	92.76	-10.12	22.51
15.527	-13.44	316.4	92.43	-9.128	45.68
15.560	-11.88	316.4	92.15	-7.122	53.32
15.593	-10.82	316.4	91.96	-5.355	41.87
15.627	-9.911	316.4	91.79	-4.459	39.82
15.660	-9.172	316.4	91.66	-2.805	56.38
15.693	-8.877	316.4	91.61	-0.572	65.06
15.727	-8.962	316.4	91.62	1.506	48.90
15.760	-9.430	316.4	91.71	2.801	56.94
15.793	-9.993	316.4	91.81	4.952	56.39
15.827	-11.25	316.4	92.04	7.038	64.38
15.860	-12.59	316.5	92.28	8.800	38.15
15.893	-14.50	316.3	92.62	10.05	28.41
15.927	-16.29	316.3	92.95	10.30	21.41
15.960	-18.29	316.2	93.31	11.58	45.70
15.993	-20.56	316.3	93.72	13.32	18.10
16.026	-23.20	316.1	94.20	13.15	-12.82
16.060	-25.40	316.0	94.60	11.98	-12.15
16.093	-27.62	316.0	95.00	12.45	-8.932
16.126	-30.00	315.9	95.43	11.68	-28.89
16.160	-31.94	315.8	95.77	10.15	-44.94
16.193	-33.77	315.9	96.10	8.905	-58.85
16.226	-35.22	315.6	96.37	6.252	-64.26
16.260	-36.05	315.5	96.52	4.302	-60.80
16.293	-36.77	315.2	96.65	2.590	-53.71
16.326	-36.97	315.1	96.69	0.432	-76.94
16.360	-36.92	315.1	96.68	-2.237	-78.61
16.393	-36.14	315.1	96.54	-5.145	-76.57
16.426	-35.04	315.3	96.34	-7.163	-44.47
16.460	-33.52	315.5	96.06	-8.286	-47.42
16.493	-31.97	315.4	95.79	-9.940	-61.81
16.526	-29.85	315.6	95.40	-12.71	-64.43
16.560	-27.33	316.1	94.94	-14.27	-21.47
16.593	-24.61	316.1	94.45	-14.17	-13.56
16.626	-22.10	316.3	94.00	-14.79	-15.62
16.660	-19.15	316.3	93.47	-15.66	-11.74
16.693	-16.32	316.3	92.95	-15.34	30.71
16.726	-13.50	316.4	92.44	-13.85	35.37
16.760	-11.22	316.4	92.03	-12.55	39.13
16.793	-8.880	316.4	91.61	-11.64	33.35
16.826	-6.931	316.4	91.26	-10.07	53.95
16.859	-5.173	316.4	90.94	-8.240	60.37
16.893	-3.899	316.4	90.71	-5.894	77.94
16.926	-3.003	316.4	90.54	-3.181	80.86
16.959	-2.728	316.4	90.49	-0.337	72.12
16.993	-2.879	316.4	90.52	1.604	57.09
17.026	-3.317	316.3	90.60	3.383	65.23
17.059	-4.124	316.4	90.75	5.905	66.51
17.093	-5.491	316.3	90.99	8.025	63.68
17.126	-7.078	316.4	91.28	9.916	59.34
17.159	-9.141	316.4	91.66	12.13	65.49
17.193	-11.55	316.4	92.09	14.19	33.87
17.226	-14.36	316.2	92.60	14.68	15.46
17.259	-16.95	316.3	93.07	14.77	15.10
17.293	-19.81	316.2	93.59	15.93	15.02
17.326	-22.82	316.1	94.13	15.85	-12.02
17.359	-25.66	316.0	94.64	14.98	-37.77
17.393	-28.35	315.9	95.13	13.47	-29.12
17.426	-30.62	315.8	95.54	12.71	-33.18
17.459	-33.04	315.6	95.98	11.72	-48.32
17.493	-34.95	315.5	96.32	9.205	-79.94
17.526	-36.45	315.5	96.59	6.493	-75.59
17.559	-37.36	315.6	96.75	4.012	-69.30
17.592	-37.92	315.4	96.86	1.996	-50.60
17.626	-38.05	315.1	96.89	0.509	-68.61
17.659	-38.07	315.0	96.89	-2.196	-86.11
17.692	-37.23	315.1	96.74	-5.673	-77.33
17.726	-35.98	315.2	96.51	-7.282	-44.80
17.759	-34.55	315.3	96.25	-8.513	-47.16
17.792	-32.84	315.4	95.94	-10.42	-58.63
17.826	-30.72	315.6	95.56	-12.50	-51.58
17.859	-28.27	316.0	95.11	-13.90	-24.76
17.892	-25.63	316.2	94.63	-14.17	-12.34
17.926	-23.04	316.3	94.17	-14.53	-7.095
17.959	-20.27	316.3	93.67	-14.86	13.85
17.992	-17.57	316.5	93.18	-13.61	33.52
18.026	-15.24	316.4	92.76	-12.38	32.54
18.059	-13.00	316.4	92.35	-11.62	30.18
18.092	-10.96	316.4	91.98	-10.34	48.00
18.126	-9.188	316.4	91.66	-8.465	63.61
18.159	-7.846	316.4	91.42	-6.043	67.59
18.192	-6.963	316.4	91.26	-3.898	60.39
18.226	-6.410	316.4	91.16	-2.076	56.22
18.259	-6.198	316.4	91.12	-0.155	70.04
18.292	-6.352	316.4	91.15	2.504	73.23
18.326	-7.120	316.4	91.29	4.949	58.19
18.359	-8.174	316.4	91.48	6.286	46.91
18.392	-9.435	316.4	91.71	7.963	58.19
18.425	-11.11	316.4	92.01	10.24	48.42
18.459	-13.20	316.3	92.39	11.37	22.67
18.492	-15.29	316.3	92.77	11.55	5.806
18.525	-17.46	316.3	93.16	11.81	20.57
18.559	-19.64	316.2	93.55	12.77	6.570
18.592	-22.17	316.1	94.01	12.65	-15.57
18.625	-24.31	316.1	94.40	11.35	-35.63
18.659	-26.35	316.0	94.77	10.44	-29.57
18.692	-28.16	316.0	95.09	9.300	-25.61
18.725	-29.80	316.0	95.39	8.698	-44.25
18.759	-31.37	315.8	95.67	6.666	-66.44
18.792	-32.24	315.7	95.83	3.862	-64.45
18.825	-32.82	315.9	95.93	2.467	-45.97
18.859	-33.18	315.9	96.00	0.924	-61.12
18.892	-33.13	315.6	95.99	-1.611	-59.89
18.925	-32.58	315.9	95.89	-3.322	-56.02
18.959	-31.93	316.0	95.77	-4.979	-58.74
18.992	-30.74	316.0	95.56	-7.474	-63.38
19.025	-29.16	316.0	95.27	-9.196	-48.72
19.059	-27.34	316.1	94.94	-10.66	-28.50
19.092	-25.23	316.2	94.56	-11.25	-11.82
19.125	-23.19	316.2	94.19	-11.25	0.846
19.158	-21.08	316.3	93.81	-11.29	5.469
19.192	-19.02	316.4	93.44	-10.86	7.721
19.225	-17.07	316.3	93.09	-10.70	12.69
19.258	-15.07	316.3	92.73	-10.18	22.61
19.292	-13.32	316.3	92.41	-9.059	46.88
19.325	-11.74	316.4	92.12	-7.210	54.82
19.358	-10.66	316.4	91.93	-5.176	47.60
19.392	-9.830	316.4	91.78	-4.102	46.76
19.425	-9.151	316.4	91.66	-2.245	50.79
19.458	-9.004	316.4	91.63	-0.417	59.50
19.492	-8.997	316.4	91.63	1.415	76.97
19.525	-9.525	316.4	91.72	4.796	73.92
19.558	-10.76	316.4	91.95	6.691	39.15
19.592	-11.99	316.4	92.17	7.062	16.91
19.625	-13.36	316.3	92.42	7.880	45.21
19.658	-14.89	316.3	92.70	9.902	44.19
19.692	-17.01	316.3	93.08	11.26	26.12
19.725	-19.04	316.3	93.45	11.30	0.393
19.758	-21.18	316.2	93.83	11.43	4.677
19.792	-23.25	316.1	94.21	11.49	-4.465
19.825	-25.42	316.0	94.60	11.28	-12.33
19.858	-27.42	316.0	94.96	10.56	-20.16
19.892	-29.31	315.9	95.30	9.959	-24.86
19.925	-31.10	315.9	95.62	8.953	-26.21
19.958	-32.63	315.9	95.90	8.083	-49.55
19.991	-34.08	315.7	96.16	5.979	-71.17
20.025	-34.84	315.7	96.30	2.967	-82.68
20.058	-35.19	315.8	96.36	0.617	-66.11
20.091	-35.05	315.6	96.34	-1.523	-53.90
20.125	-34.64	315.9	96.26	-2.961	-56.09
20.158	-33.98	315.8	96.14	-5.078	-71.30
20.191	-32.76	316.0	95.92	-7.893	-75.02
20.225	-31.05	315.9	95.61	-10.09	-45.44
20.258	-29.02	316.0	95.25	-11.01	-34.20
20.291	-26.99	316.1	94.88	-12.08	-20.13
20.325	-24.57	316.2	94.44	-12.72	-28.21
20.358	-22.30	316.2	94.03	-13.50	-6.864
20.391	-19.58	316.3	93.54	-13.73	-4.262
20.425	-17.23	316.3	93.12	-13.25	16.23
20.458	-14.70	316.4	92.66	-13.04	1.357
20.491	-12.43	316.4	92.25	-12.81	34.38
20.525	-9.977	316.4	91.81	-11.29	52.56
20.558	-8.269	316.4	91.50	-8.733	69.24
20.591	-6.761	316.4	91.22	-6.983	60.89
20.625	-5.699	316.4	91.03	-4.577	62.25
20.658	-5.076	316.4	90.92	-2.758	61.65
20.691	-4.685	316.4	90.85	-0.669	72.59
20.724	-4.830	316.4	90.87	2.206	62.72
20.758	-5.496	316.4	91.00	3.695	58.11
20.791	-6.189	316.3	91.12	5.632	71.69
20.824	-7.572	316.5	91.37	8.805	64.00
20.858	-9.431	316.4	91.71	10.02	37.64
20.891	-11.26	316.3	92.04	10.95	35.02
20.924	-13.46	316.3	92.44	12.58	53.75
20.958	-15.89	316.3	92.88	14.38	37.46
20.991	-18.77	316.2	93.40	15.37	17.02
21.024	-21.56	316.2	93.90	15.26	-17.27
21.058	-24.39	316.1	94.41	14.42	-18.84
21.091	-26.87	316.0	94.86	13.68	-31.15
21.124	-29.44	315.9	95.32	12.72	-17.98
21.158	-31.58	315.9	95.71	12.04	-30.27
21.191	-33.89	315.7	96.13	11.21	-49.90
21.224	-35.70	315.5	96.46	8.458	-79.17
21.258	-37.03	315.7	96.69	5.888	-77.73
21.291	-37.91	315.7	96.85	3.342	-80.02
21.324	-38.26	315.5	96.91	0.533	-83.48
21.358	-38.10	315.6	96.88	-2.240	-70.34
21.391	-37.45	315.7	96.76	-4.240	-53.57
21.424	-36.54	315.7	96.60	-5.692	-69.29
21.458	-35.34	315.8	96.38	-8.678	-73.24
21.491	-33.35	316.1	96.02	-11.06	-56.65
21.524	-31.25	316.0	95.65	-12.08	-22.07
21.557	-28.86	316.1	95.22	-12.76	-17.85
21.591	-26.54	316.2	94.80	-13.04	-24.17
21.624	-24.05	316.2	94.35	-14.38	-30.75
21.657	-21.22	316.3	93.84	-15.29	-12.62
21.691	-18.41	316.4	93.33	-15.12	28.62
21.724	-15.66	316.5	92.83	-13.54	24.91
21.757	-13.43	316.8	92.43	-12.96	35.12
21.791	-10.89	316.9	91.97	-11.91	41.60
21.824	-9.042	316.9	91.63	-9.589	57.52
21.857	-7.352	316.9	91.33	-8.337	53.39
21.891	-5.967	316.9	91.08	-6.065	77.61
21.924	-5.116	316.9	90.92	-3.089	83.17
21.957	-4.828	316.9	90.87	-0.451	61.07
21.991	-4.950	316.9	90.89	1.028	58.56
22.024	-5.208	316.9	90.94	3.148	65.79
22.057	-6.111	316.9	91.10	5.740	68.93
22.091	-7.324	316.9	91.32	7.587	57.87
22.124	-8.908	316.9	91.61	9.617	58.58
22.157	-10.87	316.9	91.96	11.52	38.30
22.191	-13.16	316.9	92.38	12.29	19.12
22.224	-15.40	316.8	92.78	12.58	20.84
22.257	-17.80	316.8	93.22	13.70	10.26
22.290	-20.46	316.7	93.70	13.54	3.479
22.324	-22.80	316.6	94.12	13.46	-17.95
22.357	-25.43	316.5	94.59	12.90	-11.57
22.390	-27.57	316.6	94.98	12.10	-30.47
22.424	-29.89	316.2	95.40	11.40	-30.26
22.457	-31.75	316.0	95.74	9.705	-72.65
22.490	-33.44	315.7	96.05	6.952	-70.80
22.524	-34.29	315.6	96.20	4.416	-67.09
22.557	-35.07	315.6	96.34	2.931	-56.37
22.590	-35.39	315.7	96.40	0.495	-68.43
22.624	-35.27	315.7	96.37	-1.642	-52.16
22.657	-34.77	315.6	96.29	-3.031	-57.99
22.690	-34.15	315.8	96.17	-5.233	-64.68
22.724	-32.86	316.0	95.94	-7.694	-73.63
22.757	-31.31	315.9	95.66	-9.866	-48.00
22.790	-29.21	316.0	95.28	-11.24	-27.91
22.824	-27.16	316.1	94.91	-11.43	-8.113
22.857	-24.99	316.2	94.52	-11.87	-11.44
22.890	-22.78	316.3	94.12	-12.16	-20.21
22.924	-20.50	316.3	93.71	-13.13	1.628
22.957	-17.93	316.3	93.24	-12.47	22.94
22.990	-15.90	316.3	92.88	-11.06	37.85
23.024	-13.85	316.3	92.51	-10.29	22.07
23.057	-12.11	316.3	92.19	-9.358	25.88
23.090	-10.40	316.3	91.88	-8.731	53.72
23.123	-8.891	316.3	91.61	-5.963	72.82
23.157	-8.206	316.3	91.49	-3.365	83.35
23.190	-7.654	316.4	91.39	-0.924	52.39
23.223	-7.867	316.3	91.42	0.732	61.27
23.257	-7.923	316.3	91.43	2.435	59.16
23.290	-8.762	316.3	91.59	5.247	63.61
23.323	-9.855	316.3	91.78	6.484	38.08
23.357	-11.15	316.3	92.02	7.745	51.41
23.390	-12.71	316.4	92.30	9.833	47.66
23.423	-14.77	316.2	92.67	11.22	30.30
23.457	-16.84	316.3	93.05	11.60	5.405
23.490	-19.05	316.2	93.45	11.72	-0.470
23.523	-21.16	316.1	93.83	11.44	-4.393
23.557	-23.26	316.0	94.21	11.46	-11.81
23.590	-25.38	316.0	94.59	10.77	-13.91
23.623	-27.25	316.0	94.93	10.28	-16.35
23.657	-29.18	315.9	95.28	9.935	-24.41
23.690	-30.91	315.9	95.59	8.568	-56.84
23.723	-32.35	315.8	95.85	6.231	-58.71
23.757	-33.20	315.7	96.00	4.367	-63.57
23.790	-33.97	315.8	96.14	2.369	-54.01
23.823	-34.10	315.8	96.16	0.373	-59.31
23.856	-34.11	315.8	96.16	-1.243	-54.90
23.890	-33.64	315.8	96.08	-3.482	-70.44
23.923	-32.84	316.0	95.93	-5.815	-68.79
23.956	-31.49	316.0	95.69	-8.195	-54.92
23.990	-29.80	316.0	95.39	-9.507	-32.91
24.023	-27.98	316.1	95.06	-10.28	-32.04
24.056	-26.00	316.2	94.70	-11.59	-27.39
24.090	-23.70	316.2	94.29	-12.32	-23.55
24.123	-21.46	316.3	93.88	-12.89	-2.002
24.156	-18.94	316.3	93.43	-12.79	13.65
24.190	-16.74	316.4	93.03	-11.68	33.71
24.223	-14.64	316.4	92.65	-10.69	17.65
24.256	-12.80	316.4	92.32	-10.30	18.47
24.290	-10.84	316.4	91.96	-9.769	28.69
24.323	-9.197	316.4	91.67	-8.200	63.16
24.356	-7.820	316.4	91.42	-5.729	69.76
24.390	-7.087	316.4	91.28	-3.256	79.43
24.423	-6.621	316.4	91.20	-0.739	66.18
24.456	-6.815	316.4	91.23	1.502	54.29
24.490	-7.174	316.4	91.30	2.648	57.93
24.523	-7.790	316.4	91.41	5.231	61.94
24.556	-9.098	316.3	91.65	7.200	46.38
24.590	-10.45	316.5	91.89	7.979	40.69
24.623	-12.04	316.3	92.18	9.916	52.87
24.656	-14.09	316.3	92.55	11.69	40.61
24.689	-16.34	316.2	92.96	12.55	29.56
24.723	-18.71	316.2	93.39	13.58	11.33
24.756	-21.34	316.1	93.86	13.55	4.016
24.789	-23.71	316.1	94.29	13.45	-13.31
24.823	-26.31	316.0	94.76	13.09	-5.371
24.856	-28.55	316.0	95.16	12.65	-25.43
24.889	-30.98	315.9	95.60	11.88	-45.92
24.923	-32.95	315.9	95.95	9.313	-76.03
24.956	-34.42	315.7	96.22	6.820	-66.67
24.989	-35.45	315.6	96.41	4.802	-56.34
25.023	-36.21	315.7	96.54	3.147	-39.80
25.056	-36.61	315.5	96.62	2.041	-64.55
25.089	-36.90	315.1	96.68	-0.728	-89.15
25.123	-36.30	315.2	96.57	-4.429	-91.26
25.156	-35.27	315.2	96.38	-6.627	-51.70
25.189	-33.85	315.3	96.13	-7.966	-51.87
25.223	-32.33	315.4	95.85	-9.801	-51.32
25.256	-30.24	315.5	95.47	-11.73	-45.60
25.289	-28.04	316.0	95.07	-12.65	-17.25
25.323	-25.62	316.2	94.63	-13.00	-25.39
25.356	-23.25	316.2	94.20	-14.04	-27.09
25.389	-20.43	316.2	93.70	-15.19	-0.119
25.422	-17.64	316.3	93.19	-14.01	25.89
25.456	-15.26	316.3	92.76	-13.13	28.61
25.489	-12.81	316.4	92.32	-12.46	32.39
25.522	-10.67	316.3	91.93	-10.79	39.68
25.556	-8.827	316.3	91.60	-9.759	39.35
25.589	-7.080	316.4	91.28	-8.363	60.39
25.622	-5.749	316.4	91.04	-5.672	80.34
25.656	-4.992	316.3	90.90	-2.901	79.14
25.689	-4.682	316.4	90.85	-0.450	62.98
25.722	-4.827	316.4	90.87	1.390	58.93
25.756	-5.194	316.4	90.94	3.288	66.31
25.789	-6.037	316.4	91.09	5.904	70.21
25.822	-7.366	316.3	91.33	8.042	64.02
25.856	-8.997	316.4	91.63	10.05	51.18
25.889	-11.07	316.4	92.00	11.62	39.15
25.922	-13.28	316.3	92.40	12.52	35.69
25.956	-15.68	316.3	92.84	13.96	22.75
25.989	-18.42	316.2	93.33	14.31	13.06
26.022	-20.95	316.1	93.79	14.44	-0.552
26.056	-23.74	316.1	94.30	14.62	-13.17
26.089	-26.35	316.0	94.77	13.42	-23.80
26.122	-28.70	316.0	95.19	12.89	-31.90
26.156	-31.10	315.8	95.62	11.64	-37.33
26.189	-32.99	315.7	95.97	10.000	-53.79
26.222	-34.80	315.6	96.29	8.393	-64.99
26.255	-36.10	315.6	96.52	5.520	-73.17
26.289	-36.85	315.7	96.66	3.381	-75.03
26.322	-37.34	315.5	96.75	0.821	-78.49
26.355	-37.15	315.6	96.71	-2.152	-66.63
26.389	-36.56	315.7	96.61	-3.594	-53.35
26.422	-35.83	315.8	96.47	-5.454	-57.46
26.455	-34.57	316.0	96.24	-7.685	-71.03
26.489	-32.98	315.8	95.96	-9.971	-66.51
26.522	-30.87	316.0	95.58	-12.33	-55.47
26.555	-28.43	316.1	95.14	-13.62	-19.89
26.589	-25.83	316.2	94.67	-13.72	-11.66
26.622	-23.36	316.1	94.23	-14.12	2.813
26.655	-20.62	316.3	93.73	-13.93	1.180
26.689	-18.22	316.3	93.30	-13.58	21.64
26.722	-15.61	316.3	92.83	-12.97	9.678
26.755	-13.45	316.4	92.43	-12.42	31.77
26.789	-11.04	316.3	92.00	-11.43	45.03
26.822	-9.230	316.3	91.67	-8.976	71.22
26.855	-7.733	316.4	91.40	-6.869	65.89
26.889	-6.703	316.4	91.21	-4.496	64.56
26.922	-6.076	316.4	91.10	-2.557	60.01
26.955	-5.762	316.4	91.04	-0.575	65.75
26.988	-5.865	316.4	91.06	1.845	60.79
27.022	-6.439	316.3	91.17	3.610	62.15
27.055	-7.193	316.3	91.30	5.710	78.20
27.088	-8.545	316.4	91.55	8.978	51.71
27.122	-10.50	316.3	91.90	9.551	34.03
27.155	-12.06	316.3	92.18	10.42	25.60
27.188	-14.34	316.3	92.60	12.02	33.63
27.222	-16.49	316.3	92.98	12.21	16.05
27.255	-18.83	316.2	93.41	13.23	16.36
27.288	-21.36	316.1	93.87	13.40	3.557
27.322	-23.77	316.0	94.30	13.28	-20.44
27.355	-26.26	316.0	94.75	12.30	-34.77
27.388	-28.30	315.8	95.12	10.67	-42.62
27.422	-30.21	315.9	95.46	9.586	-30.79
27.455	-31.86	315.8	95.76	8.563	-48.50
27.488	-33.36	315.7	96.03	6.558	-65.51
27.522	-34.27	315.6	96.20	3.940	-62.07
27.555	-34.83	315.7	96.30	2.434	-56.87
27.588	-35.19	315.7	96.36	0.376	-73.26
27.622	-34.97	315.7	96.32	-2.619	-80.03
27.655	-34.22	315.8	96.19	-5.007	-57.15
27.688	-33.12	315.9	95.99	-6.430	-48.87
27.722	-31.85	315.9	95.76	-8.089	-50.17
27.755	-30.14	316.0	95.45	-9.952	-46.78
27.788	-28.17	316.1	95.09	-11.15	-23.81
27.821	-26.02	316.1	94.70	-11.61	-18.72
27.855	-23.89	316.2	94.32	-12.20	-9.445
27.888	-21.52	316.4	93.89	-12.49	-7.294
27.921	-19.28	316.3	93.49	-12.43	8.463
27.955	-16.92	316.3	93.06	-12.16	20.45
27.988	-14.79	316.4	92.68	-10.95	31.43
28.021	-12.89	316.3	92.33	-10.02	25.42
28.055	-11.10	316.3	92.01	-9.310	33.03
28.088	-9.462	316.5	91.71	-7.892	54.24
28.121	-8.194	316.4	91.48	-5.643	67.95
28.155	-7.378	316.2	91.34	-3.311	74.42
28.188	-6.976	316.5	91.26	-0.755	80.36
28.221	-7.104	316.4	91.29	2.105	77.30
28.255	-7.749	316.4	91.40	4.452	60.91
28.288	-8.746	316.5	91.58	6.130	40.06
28.321	-10.01	316.5	91.81	7.153	30.49
28.355	-11.38	316.3	92.06	8.054	42.52
28.388	-12.97	316.4	92.35	9.938	48.28
28.421	-15.04	316.4	92.72	11.51	32.47
28.455	-17.21	316.3	93.12	11.98	5.577
28.488	-19.45	316.2	93.52	11.92	13.68
28.521	-21.61	316.2	93.91	12.66	3.729
28.554	-24.12	316.1	94.36	12.62	-17.16
28.588	-26.26	316.0	94.75	11.15	-32.62
28.621	-28.24	316.0	95.11	10.49	-21.66
28.654	-30.14	315.9	95.45	9.792	-33.97
28.688	-31.84	315.7	95.76	8.260	-52.57
28.721	-33.19	315.8	96.00	6.209	-57.99
28.754	-34.16	315.8	96.17	4.370	-60.60
28.788	-34.81	315.7	96.29	2.266	-55.69
28.821	-35.00	315.8	96.32	0.482	-72.64
28.854	-34.99	315.8	96.32	-2.220	-79.28
28.888	-34.18	315.8	96.18	-5.241	-70.80
28.921	-33.06	315.9	95.97	-6.758	-42.11
28.954	-31.68	316.0	95.73	-8.046	-44.78
28.988	-30.09	316.1	95.44	-9.664	-48.00
29.021	-28.11	316.1	95.08	-11.36	-34.10
29.054	-25.89	316.1	94.68	-11.99	-18.39
29.088	-23.68	316.2	94.28	-12.41	-22.54
29.121	-21.31	316.2	93.85	-13.53	-6.173
29.154	-18.69	316.3	93.38	-13.10	-0.382
29.188	-16.48	316.4	92.98	-13.01	25.34
29.221	-13.90	316.4	92.51	-12.12	28.77
29.254	-12.01	316.4	92.17	-10.39	44.05
29.288	-10.07	316.4	91.82	-9.628	29.73
29.321	-8.461	316.4	91.53	-8.199	59.68
29.354	-7.047	316.4	91.28	-5.891	67.71
29.387	-6.292	316.3	91.14	-3.355	81.36
29.421	-5.813	316.4	91.05	-0.774	72.23
29.454	-6.008	316.4	91.09	1.775	57.73
29.487	-6.465	316.4	91.17	2.948	53.60
29.521	-7.093	316.4	91.28	5.130	70.28
29.554	-8.354	316.4	91.51	7.906	68.42
29.587	-10.00	316.4	91.81	9.648	55.04
29.621	-11.91	316.4	92.16	11.46	33.14
29.654	-14.23	316.4	92.57	12.14	17.96
29.687	-16.38	316.4	92.96	12.28	22.29
29.721	-18.75	316.3	93.39	13.74	16.78
29.754	-21.45	316.2	93.88	13.70	2.565
29.787	-23.80	316.1	94.31	13.43	-21.73
29.821	-26.40	316.0	94.78	12.75	-2.122
29.854	-28.51	316.0	95.16	12.65	-24.98
29.887	-31.07	315.9	95.62	11.90	-36.87
29.921	-32.90	315.8	95.95	9.515	-58.79
29.954	-34.59	315.8	96.25	8.266	-58.60
29.987	-35.98	315.8	96.50	5.684	-73.40
30.021	-36.69	315.7	96.63	3.109	-77.34
30.054	-37.13	315.7	96.71	0.764	-78.51
30.087	-36.99	315.7	96.68	-2.231	-78.67
30.120	-36.29	315.7	96.56	-4.558	-74.59
30.154	-35.29	315.7	96.38	-7.009	-51.50
30.187	-33.73	316.0	96.09	-8.359	-49.45
30.220	-32.21	315.9	95.82	-9.769	-43.60
30.254	-30.10	316.1	95.44	-11.73	-44.70
30.287	-27.87	316.1	95.04	-12.53	-34.18
30.320	-25.47	316.2	94.61	-13.97	-18.78
30.354	-22.72	316.3	94.11	-14.09	-11.04
30.387	-20.27	316.3	93.67	-14.20	-3.791
30.420	-17.47	316.3	93.16	-14.78	20.50
30.454	-14.82	316.5	92.68	-12.83	46.52
30.487	-12.75	316.5	92.31	-11.27	37.60
30.520	-10.66	316.4	91.93	-10.66	29.84
30.554	-8.818	316.4	91.60	-9.207	38.33
30.587	-7.270	316.4	91.32	-8.020	55.83
30.620	-5.865	316.4	91.06	-5.760	77.92
30.654	-5.150	316.4	90.93	-2.537	79.34
30.687	-4.931	316.4	90.89	-0.461	76.84
30.720	-4.981	316.4	90.90	2.309	78.99
30.754	-5.781	316.4	91.05	5.164	70.24
30.787	-6.881	316.4	91.25	6.812	45.08
30.820	-8.288	316.4	91.50	8.209	50.22
30.854	-9.904	316.4	91.79	10.02	53.29
30.887	-11.98	316.4	92.17	11.94	40.74
30.920	-14.30	316.3	92.59	12.73	30.00
30.953	-16.67	316.3	93.02	13.75	14.99
30.987	-19.37	316.2	93.50	14.05	6.406
31.020	-21.85	316.1	93.95	13.83	-12.29
31.053	-24.47	316.1	94.43	13.52	-4.969
31.087	-26.84	316.0	94.85	13.20	-22.37
31.120	-29.34	315.9	95.31	12.39	-40.24
31.153	-31.41	315.8	95.68	10.27	-45.81
31.187	-33.13	315.7	95.99	9.242	-39.07
31.220	-34.83	315.7	96.30	7.960	-53.37
31.253	-36.06	315.5	96.52	5.526	-79.16
31.287	-36.83	315.2	96.66	2.731	-72.94
31.320	-37.04	315.2	96.70	0.487	-81.06
31.353	-36.98	315.0	96.70	-2.333	-80.74
31.387	-36.18	315.2	96.55	-5.295	-73.44
31.420	-35.06	315.4	96.34	-7.023	-42.95
31.453	-33.58	315.3	96.08	-8.255	-45.89
31.487	-32.01	315.5	95.79	-9.859	-58.91
31.520	-29.96	315.6	95.42	-12.33	-65.63
31.553	-27.50	316.1	94.97	-14.28	-23.52
31.587	-24.72	316.2	94.47	-14.08	-4.401
31.620	-22.30	316.2	94.03	-14.06	11.19
31.653	-19.54	316.4	93.53	-13.90	7.265
31.686	-17.17	316.3	93.11	-13.09	19.12
31.720	-14.72	316.5	92.66	-12.92	12.54
31.753	-12.43	316.9	92.25	-12.13	25.88
31.786	-10.26	316.9	91.85	-11.24	43.72
31.820	-8.283	316.9	91.50	-9.310	74.52
31.853	-6.824	317.0	91.23	-6.202	79.05
31.886	-5.996	317.0	91.08	-3.842	65.42
31.920	-5.406	316.9	90.98	-2.066	48.97
31.953	-5.234	316.9	90.95	-0.421	74.10
31.986	-5.251	316.9	90.95	2.511	78.31
32.020	-6.160	316.9	91.11	5.354	77.66
32.053	-7.225	316.9	91.31	7.252	65.98
32.086	-8.835	317.0	91.60	9.937	57.61
32.120	-10.89	316.9	91.97	11.22	29.21
32.153	-12.97	316.9	92.34	11.67	18.50
32.186	-15.20	316.8	92.75	12.49	32.09
32.220	-17.58	316.8	93.18	13.76	12.12
32.253	-20.27	316.7	93.66	13.62	0.602
32.286	-22.61	316.7	94.08	13.30	-18.91
32.320	-25.18	316.5	94.55	12.85	-22.30
32.353	-27.32	316.0	94.94	11.44	-33.09
32.386	-29.38	316.0	95.31	10.78	-33.50
32.420	-31.29	315.8	95.66	9.300	-36.90
32.453	-32.80	315.7	95.93	8.077	-50.95
32.486	-34.27	315.7	96.20	6.265	-64.19
32.519	-35.14	315.8	96.35	3.493	-64.55
32.553	-35.58	315.7	96.43	1.956	-60.27
32.586	-35.86	315.8	96.48	-0.246	-83.52
32.619	-35.49	315.8	96.41	-3.791	-91.22
32.653	-34.45	315.8	96.23	-6.460	-58.13
32.686	-33.09	315.8	95.98	-7.619	-28.18
32.719	-31.65	316.0	95.72	-8.243	-33.13
32.753	-30.06	316.1	95.43	-9.723	-48.95
32.786	-28.05	316.1	95.07	-11.67	-42.55
32.819	-25.75	316.2	94.66	-12.61	-27.07
32.853	-23.39	316.2	94.23	-13.31	-7.676
32.886	-20.83	316.3	93.77	-13.34	-1.609
32.919	-18.47	316.3	93.34	-13.14	13.88
32.953	-15.99	316.4	92.89	-12.70	30.87
32.986	-13.79	316.5	92.50	-10.95	38.62
33.019	-11.95	316.4	92.16	-9.958	36.44
33.053	-10.12	316.3	91.83	-8.818	49.83
33.086	-8.709	316.5	91.58	-6.488	63.97
33.119	-7.735	316.5	91.40	-4.486	66.74
33.153	-7.056	316.5	91.28	-2.197	58.99
33.186	-6.926	316.5	91.25	-0.302	52.65
33.219	-6.942	316.3	91.26	1.076	52.70
33.252	-7.320	316.4	91.33	3.257	64.20
33.286	-8.142	316.4	91.47	5.424	63.96
33.319	-9.317	316.4	91.69	7.467	69.61
33.352	-10.89	316.4	91.97	10.03	52.63
33.386	-13.01	316.4	92.35	11.27	29.20
33.419	-15.05	316.4	92.72	11.61	6.931
33.452	-17.29	316.2	93.13	11.96	9.247
33.486	-19.45	316.2	93.52	12.04	18.28
33.519	-21.73	316.1	93.93	13.18	0.742
33.552	-24.31	316.0	94.40	12.50	-23.68
33.586	-26.34	316.0	94.76	11.04	-33.37
33.619	-28.39	316.0	95.13	10.58	-21.42
33.652	-30.24	315.8	95.47	9.538	-36.98
33.686	-31.90	315.7	95.77	8.159	-48.62
33.719	-33.27	315.8	96.01	6.281	-59.35
33.752	-34.22	315.6	96.19	4.183	-63.97
33.786	-34.82	315.8	96.29	2.017	-57.03
33.819	-34.99	315.8	96.32	0.307	-69.10
33.852	-34.92	315.7	96.31	-2.317	-78.90
33.886	-34.13	315.8	96.17	-5.300	-70.61
33.919	-32.98	315.9	95.96	-6.919	-40.35
33.952	-31.58	316.0	95.71	-7.977	-43.66
33.986	-30.03	316.0	95.43	-9.670	-52.83
34.019	-28.00	316.0	95.06	-11.70	-37.06
34.052	-25.71	316.2	94.65	-12.20	-24.58
34.085	-23.50	316.2	94.25	-13.01	-10.09
34.119	-20.90	316.3	93.78	-13.32	10.42
34.152	-18.59	316.4	93.36	-12.03	7.269
34.185	-16.46	316.3	92.98	-12.62	8.979
34.219	-13.93	316.4	92.52	-12.07	25.95
34.252	-12.01	316.3	92.17	-10.27	49.91
34.285	-10.15	316.4	91.84	-9.102	48.84
34.319	-8.663	316.4	91.57	-6.900	68.91
34.352	-7.605	316.4	91.38	-4.506	63.54
34.385	-7.003	316.4	91.27	-2.577	61.00
34.419	-6.656	316.4	91.21	-0.604	56.45
34.452	-6.781	316.4	91.23	1.355	59.09
34.485	-7.156	316.4	91.30	3.180	60.94
34.519	-7.952	316.4	91.44	5.482	66.58
34.552	-9.173	316.4	91.66	7.640	69.59
34.585	-10.77	316.4	91.95	10.04	50.04
34.619	-12.87	316.4	92.33	11.26	29.23
34.652	-14.91	316.4	92.70	11.65	7.095
34.685	-17.17	316.3	93.11	11.96	12.71
34.719	-19.32	316.3	93.50	12.26	22.78
34.752	-21.69	316.2	93.92	13.57	4.154
34.785	-24.33	316.1	94.40	12.87	-21.92
34.818	-26.43	316.0	94.78	11.57	-15.66
34.852	-28.60	316.0	95.17	12.03	-6.791
34.885	-30.87	315.8	95.58	11.33	-41.88
34.918	-32.79	315.8	95.93	9.084	-74.97
34.952	-34.24	315.8	96.19	6.345	-68.81
34.985	-35.12	315.6	96.35	4.320	-59.24
35.018	-35.84	315.7	96.48	2.630	-56.31
35.052	-36.11	315.7	96.53	0.451	-75.24
35.085	-36.01	315.7	96.51	-2.261	-79.81
35.118	-35.27	315.7	96.37	-5.055	-71.55
35.152	-34.15	315.9	96.17	-6.977	-45.48
35.185	-32.70	315.9	95.91	-8.123	-47.85
35.218	-31.13	315.9	95.63	-9.925	-50.86
35.252	-29.03	316.1	95.25	-11.83	-41.97
35.285	-26.78	316.2	94.84	-12.58	-30.18
35.318	-24.38	316.2	94.41	-13.76	-12.78
35.352	-21.69	316.3	93.92	-13.75	-4.881
35.385	-19.31	316.4	93.49	-13.62	9.359
35.418	-16.67	316.4	93.02	-13.56	7.165
35.452	-14.31	316.4	92.59	-12.81	32.23
35.485	-11.95	316.4	92.16	-11.69	36.55
35.518	-10.00	316.4	91.81	-10.11	46.99
35.552	-8.219	316.4	91.49	-8.732	58.26
35.585	-6.787	316.5	91.23	-6.246	67.29
35.618	-5.920	316.4	91.07	-4.034	64.86
35.651	-5.299	316.3	90.96	-2.132	58.49
35.685	-5.135	316.3	90.93	-5.147E-3	73.02
35.718	-5.298	316.4	90.96	2.570	81.46
35.751	-6.081	316.4	91.10	5.588	72.19
35.785	-7.354	316.3	91.33	7.446	70.15
35.818	-8.823	316.4	91.60	9.942	57.22
35.851	-11.02	316.4	91.99	11.77	35.22
35.885	-13.15	316.2	92.38	11.92	9.640
35.918	-15.41	316.3	92.79	12.48	34.33
35.951	-17.76	316.3	93.21	14.05	35.42
35.985	-20.59	316.2	93.73	15.20	1.973
36.018	-23.36	316.1	94.23	14.08	-20.49
36.051	-25.78	316.0	94.66	13.53	-30.14
36.085	-28.34	315.9	95.13	12.53	-36.31
36.118	-30.41	315.9	95.50	10.71	-40.24
36.151	-32.31	315.8	95.84	9.975	-28.91
36.185	-34.09	315.7	96.16	8.864	-35.75
36.218	-35.59	315.7	96.43	7.499	-65.27
36.251	-36.88	315.7	96.66	4.769	-98.34
36.285	-37.35	315.6	96.75	0.690	-95.69
36.318	-37.11	315.5	96.71	-1.774	-54.52
36.351	-36.66	315.3	96.63	-2.757	-58.53
36.384	-36.05	315.2	96.53	-5.409	-70.49
36.418	-34.65	315.3	96.27	-7.969	-72.30
36.451	-33.12	315.4	95.99	-9.803	-51.24
36.484	-31.05	315.6	95.62	-11.70	-50.70
36.518	-28.84	316.0	95.21	-12.97	-37.50
36.551	-26.29	316.2	94.75	-14.31	-13.83
36.584	-23.57	316.3	94.26	-14.02	-6.458
36.618	-21.12	316.2	93.82	-14.30	-3.699
36.651	-18.28	316.3	93.31	-14.77	8.545
36.684	-15.67	316.4	92.84	-13.50	24.25
36.718	-13.31	316.4	92.41	-13.02	31.92
36.751	-10.88	316.4	91.97	-11.73	38.94
36.784	-8.987	316.4	91.63	-10.01	55.32
36.818	-7.190	316.4	91.30	-8.378	64.90
36.851	-5.902	316.4	91.07	-5.537	73.62
36.884	-5.152	316.4	90.93	-3.355	76.23
36.918	-4.668	316.4	90.85	-0.733	82.52
36.951	-4.882	316.4	90.88	2.408	74.45
36.984	-5.554	316.4	91.01	4.227	53.51
37.018	-6.438	316.4	91.17	5.819	68.58
37.051	-7.696	316.4	91.39	8.731	74.64
37.084	-9.653	316.4	91.75	11.12	51.21
37.118	-11.79	316.4	92.13	11.96	18.01
37.151	-14.06	316.3	92.54	12.35	14.18
37.184	-16.33	316.2	92.96	12.81	22.71
37.217	-18.78	316.3	93.40	13.88	11.04
37.251	-21.46	316.3	93.88	13.78	5.015
37.284	-23.85	316.1	94.32	13.80	2.746
37.317	-26.54	316.0	94.80	14.33	-16.69
37.351	-29.15	315.9	95.27	12.70	-48.17
37.384	-31.23	315.7	95.65	10.83	-55.89
37.417	-33.13	315.6	95.99	9.196	-40.39
37.451	-34.64	315.8	96.26	7.902	-52.57
37.484	-36.08	315.8	96.52	6.056	-69.46
37.517	-36.87	315.5	96.66	3.002	-83.20
37.551	-37.18	315.6	96.72	0.527	-80.24
37.584	-37.08	315.6	96.70	-2.237	-81.88
37.617	-36.36	315.7	96.57	-5.069	-67.53
37.651	-35.20	315.7	96.36	-6.768	-53.92
37.684	-33.87	316.0	96.12	-8.469	-49.47
37.717	-32.09	316.0	95.80	-10.25	-51.44
37.751	-30.07	316.0	95.44	-11.76	-33.28
37.784	-27.74	316.2	95.01	-12.65	-35.57
37.817	-25.41	316.3	94.59	-13.82	-14.17
37.851	-22.63	316.3	94.09	-14.08	-10.93
37.884	-20.20	316.3	93.65	-13.99	4.562E-2
37.917	-17.47	316.4	93.16	-14.50	14.60
37.950	-14.85	316.3	92.69	-12.97	46.84
37.984	-12.69	316.4	92.30	-11.17	47.35
38.017	-10.74	316.5	91.94	-9.910	30.17
38.050	-9.036	316.4	91.64	-9.078	26.17
38.084	-7.396	316.4	91.34	-8.298	61.58
38.117	-5.980	316.4	91.08	-5.182	87.76
38.150	-5.487	316.4	90.99	-1.930	71.07
38.184	-5.269	316.3	90.95	-0.665	64.89
38.217	-5.242	316.3	90.95	2.112	83.15
38.250	-6.047	316.3	91.09	5.313	79.86
38.284	-7.198	316.4	91.30	7.239	64.06
38.317	-8.712	316.4	91.58	9.540	58.04
38.350	-10.71	316.4	91.94	11.28	38.62
38.384	-12.87	316.4	92.33	12.01	10.08
38.417	-15.13	316.2	92.74	12.02	7.993
38.450	-17.29	316.2	93.13	12.33	25.74
38.484	-19.68	316.3	93.56	13.82	14.15
38.517	-22.38	316.1	94.05	13.60	-3.638
38.550	-24.70	316.2	94.47	13.05	-22.76
38.584	-27.20	316.0	94.92	12.55	-27.71
38.617	-29.32	315.8	95.30	10.90	-47.98
38.650	-31.23	315.8	95.65	9.460	-35.23
38.684	-32.82	315.8	95.93	8.425	-48.85
38.717	-34.34	315.7	96.21	6.520	-64.02
38.750	-35.22	315.5	96.37	3.830	-69.65
38.783	-35.77	315.7	96.46	1.975	-60.79
38.817	-35.97	315.7	96.50	-0.159	-71.12
38.850	-35.72	315.8	96.45	-2.795	-71.06
38.883	-34.94	315.8	96.31	-4.997	-66.22
38.917	-33.87	315.9	96.12	-7.061	-65.74
38.950	-32.32	315.9	95.84	-9.457	-62.65
38.983	-30.37	316.0	95.49	-11.29	-31.56
39.017	-28.16	316.0	95.09	-11.64	-9.386
39.050	-26.07	316.1	94.71	-11.67	-9.044
39.083	-23.85	316.2	94.31	-12.35	-8.038
39.117	-21.52	316.3	93.89	-12.30	-14.03
39.150	-19.31	316.3	93.49	-12.98	6.010
39.183	-16.73	316.4	93.03	-12.47	25.34
39.217	-14.71	316.3	92.66	-10.72	41.57
39.250	-12.78	316.5	92.31	-9.955	21.53
39.283	-11.05	316.4	92.00	-9.177	33.76
39.317	-9.392	316.3	91.70	-7.884	52.32
39.350	-8.141	316.3	91.47	-5.582	71.28
39.383	-7.337	316.3	91.33	-3.123	73.40
39.417	-6.992	316.4	91.27	-0.678	73.83
39.450	-7.087	316.4	91.28	1.781	82.98
39.483	-7.653	316.6	91.38	4.792	68.14
39.516	-8.867	316.9	91.60	6.629	46.18
39.550	-10.11	317.0	91.83	7.528	42.31
39.583	-11.65	317.1	92.10	9.500	61.29
39.616	-13.62	317.0	92.46	11.68	27.26
39.650	-15.96	316.8	92.88	11.60	8.972
39.683	-17.90	316.9	93.23	11.65	8.269
39.716	-20.27	316.9	93.66	12.66	31.51
39.750	-22.58	316.9	94.08	13.42	-4.347
39.783	-25.23	316.8	94.55	12.86	-37.36
39.816	-27.35	316.8	94.93	10.51	-42.90
39.850	-29.14	316.8	95.25	9.915	-35.26
39.883	-31.04	316.9	95.59	8.602	-42.52
39.916	-32.34	316.9	95.83	6.630	-49.93
39.950	-33.50	316.8	96.04	5.511	-33.22
39.983	-34.37	316.7	96.19	4.313	-49.97
40.016	-35.11	316.9	96.32	2.378	-50.87
40.050	-35.27	316.8	96.35	0.598	-71.80
40.083	-35.33	316.8	96.36	-1.950	-58.68
40.116	-34.58	317.1	96.22	-3.956	-57.01
40.150	-33.90	317.2	96.10	-5.144	-53.41
40.183	-32.66	317.1	95.88	-7.795	-72.05
40.216	-31.00	317.3	95.58	-9.947	-52.91
40.250	-28.99	317.5	95.22	-11.35	-32.68
40.283	-26.79	317.4	94.82	-12.08	-12.29
40.316	-24.51	317.6	94.41	-12.21	-23.74
40.349	-22.30	318.1	94.01	-13.39	-2.173
40.383	-19.57	318.2	93.52	-13.00	5.698
40.416	-17.47	318.1	93.14	-12.20	22.30
40.449	-15.04	318.2	92.71	-12.16	25.50
40.483	-12.97	318.2	92.33	-10.23	53.16
40.516	-11.25	318.2	92.03	-8.576	
40.549	-9.791	318.3	91.76		
