	mass A					
t	x	y	θ	ω	α	
0.000	-104.0	299.5	109.1		
0.033	-120.0	293.5	112.2	89.21	
0.067	-134.5	287.1	115.1	81.07	-248.2
0.100	-147.1	280.9	117.6	72.39	-278.8
0.133	-158.0	274.6	119.9	62.80	-318.4
0.167	-167.1	269.2	121.8	51.04	-352.2
0.200	-174.1	264.8	123.3	39.18	-366.5
0.233	-179.1	261.2	124.4	26.83	-390.9
0.267	-182.2	259.2	125.1	13.05	-405.3
0.300	-183.1	258.6	125.3	-0.354	-389.7
0.333	-182.1	259.3	125.1	-12.83	-374.1
0.367	-179.3	261.4	124.5	-25.25	-359.6
0.400	-174.5	264.6	123.4	-36.92	-327.8
0.433	-167.9	268.8	122.0	-47.07	-310.3
0.467	-159.6	273.6	120.3	-57.38	-315.5
0.500	-149.6	279.5	118.2	-68.24	-314.5
0.533	-137.6	285.7	115.7	-78.36	-291.5
0.567	-123.6	292.0	112.9	-87.67	-264.8
0.600	-107.9	298.5	109.9	-96.05	-237.1
0.633	-90.34	304.1	106.5	-103.4	-189.3
0.667	-71.26	309.1	103.0	-108.8	-126.0
0.700	-51.17	312.8	99.29	-111.7	-68.48
0.733	-30.52	314.9	95.54	-113.3	-42.09
0.767	-9.594	315.7	91.74	-114.5	-37.08
0.800	11.52	315.2	87.91	-115.8	15.49
0.833	32.81	313.5	84.03	-113.9	92.56
0.867	52.97	310.4	80.31	-109.1	146.8
0.900	72.02	306.0	76.76	-104.2	168.5
0.933	89.76	300.5	73.37	-97.97	216.9
0.967	105.9	294.7	70.23	-89.74	267.6
1.000	120.2	288.6	67.39	-80.11	321.7
1.033	132.5	282.6	64.89	-68.45	351.1
1.067	142.3	277.2	62.83	-56.35	363.5
1.100	150.3	272.7	61.13	-44.48	365.1
1.133	156.1	268.9	59.86	-31.90	403.7
1.167	160.0	266.3	59.01	-17.82	416.8
1.200	161.6	265.5	58.67	-3.689	431.5
1.233	161.3	265.9	58.76	10.49	436.3
1.267	158.3	267.5	59.37	25.69	425.5
1.300	153.3	270.6	60.47	38.96	388.0
1.333	146.3	274.8	61.97	51.28	364.2
1.367	137.1	279.7	63.89	63.37	352.0
1.400	125.9	285.4	66.19	74.67	326.7
1.433	112.7	291.5	68.87	85.22	320.6
1.467	97.46	297.7	71.87	95.84	282.5
1.500	79.85	303.3	75.25	104.5	238.4
1.533	60.86	308.4	78.84	111.3	189.8
1.567	40.20	312.4	82.67	117.5	160.7
1.600	18.37	314.9	86.66	121.8	84.11
1.633	-4.339	315.7	90.79	123.3	42.38
1.667	-26.89	314.9	94.88	124.1	3.105
1.700	-49.77	312.3	99.06	124.1	-45.05
1.733	-72.06	308.4	103.2	120.8	-111.8
1.767	-93.25	302.9	107.1	116.6	-164.9
1.800	-113.1	295.9	110.9	110.1	-214.0
1.833	-131.1	288.3	114.4	102.0	-257.1
1.867	-147.4	280.5	117.7	93.17	-261.4
1.900	-161.5	272.5	120.7	84.30	-307.7
1.933	-174.1	264.7	123.3	73.24	-361.0
1.967	-184.1	257.7	125.5	59.72	-414.7
2.000	-191.8	251.7	127.3	45.82	-442.9
2.033	-197.4	247.3	128.6	30.17	-471.2
2.067	-200.5	244.7	129.3	14.25	-457.0
2.100	-201.3	243.8	129.5	-0.326	-431.5
2.133	-200.1	244.5	129.3	-14.34	-424.3
2.167	-197.1	247.1	128.6	-28.64	-414.4
2.200	-192.2	251.5	127.4	-42.08	-388.8
2.233	-185.0	256.7	125.8	-54.46	-368.8
2.267	-175.9	263.2	123.8	-66.63	-360.8
2.300	-164.9	270.7	121.3	-78.54	-356.9
2.333	-151.4	278.5	118.5	-90.34	-320.3
2.367	-135.5	286.4	115.3	-100.2	-281.0
2.400	-118.0	294.3	111.9	-108.7	-241.5
2.433	-98.41	301.4	108.1	-116.6	-196.9
2.467	-77.14	307.5	104.1	-121.8	-127.2
2.500	-54.76	311.8	99.96	-125.0	-85.47
2.533	-31.72	314.6	95.76	-127.4	-71.92
2.567	-8.105	315.6	91.47	-129.8	-33.13
2.600	15.90	314.9	87.11	-129.9	49.32
2.633	39.37	312.2	82.81	-126.4	103.9
2.667	61.67	308.2	78.69	-122.6	154.2
2.700	83.12	302.7	74.65	-116.8	217.3
2.733	102.5	296.0	70.91	-107.6	253.5
2.767	119.8	288.9	67.47	-99.70	295.2
2.800	135.5	281.0	64.26	-88.76	347.9
2.833	148.4	274.1	61.56	-75.61	380.0
2.867	159.3	267.5	59.22	-63.80	371.5
2.900	167.9	261.5	57.31	-50.84	422.8
2.933	174.4	256.9	55.84	-35.80	461.4
2.967	178.1	253.6	54.92	-19.77	480.2
3.000	179.8	252.3	54.52	-3.944	480.3
3.033	179.4	252.9	54.66	12.30	476.0
3.067	176.3	254.9	55.34	27.87	454.1
3.100	171.0	258.5	56.51	42.50	428.6
3.133	163.7	263.7	58.17	56.45	429.3
3.167	154.2	270.0	60.28	70.91	406.5
3.200	142.1	277.6	62.90	84.00	359.1
3.233	127.6	285.0	65.87	94.55	336.4
3.267	111.1	292.4	69.20	106.2	317.9
3.300	91.91	299.7	72.95	116.3	266.3
3.333	70.92	305.9	76.95	123.6	215.6
3.367	48.20	310.7	81.18	130.7	164.6
3.400	23.85	313.9	85.66	134.9	98.01
3.433	-0.955	315.4	90.17	136.7	47.92
3.467	-26.26	314.9	94.77	138.3	11.86
3.500	-51.60	312.1	99.39	137.6	-64.45
3.533	-76.34	307.6	103.9	134.0	-121.0
3.567	-99.60	300.9	108.3	129.3	-165.5
3.600	-121.6	292.7	112.6	123.3	-226.9
3.633	-141.6	283.6	116.5	114.1	-304.5
3.667	-159.4	274.2	120.2	102.9	-339.6
3.700	-174.5	264.7	123.4	91.34	-359.8
3.733	-187.2	255.4	126.2	79.12	-383.9
3.767	-197.8	247.2	128.7	65.64	-428.0
3.800	-206.2	240.4	130.6	50.74	-456.0
3.833	-212.0	235.1	132.0	35.01	-457.4
3.867	-215.8	231.7	133.0	20.24	-485.1
3.900	-217.5	230.1	133.4	3.171	-465.3
3.933	-216.6	230.9	133.2	-11.87	-465.8
3.967	-214.3	233.0	132.6	-26.53	-445.2
4.000	-209.4	237.6	131.4	-42.61	-432.0
4.033	-202.5	243.4	129.8	-54.97	-391.4
4.067	-194.0	250.7	127.7	-68.35	-407.5
4.100	-182.7	259.0	125.2	-82.49	-410.3
4.133	-169.0	268.0	122.2	-95.59	-370.2
4.167	-153.0	277.9	118.8	-107.3	-329.8
4.200	-134.5	287.3	115.1	-117.4	-256.2
4.233	-113.7	296.0	111.0	-124.7	-226.2
4.267	-91.47	303.4	106.8	-131.8	-180.1
4.300	-67.06	309.5	102.2	-137.6	-130.0
4.333	-41.89	313.6	97.61	-139.9	-62.53
4.367	-16.00	315.6	92.90	-141.9	-24.81
4.400	10.17	315.5	88.15	-141.7	34.05
4.433	35.88	313.0	83.46	-139.5	91.48
4.467	60.81	308.8	78.86	-135.7	150.3
4.500	84.34	302.5	74.42	-129.5	204.8
4.533	105.9	294.8	70.23	-121.9	247.5
4.567	125.5	285.9	66.30	-113.1	311.1
4.600	143.0	277.0	62.69	-101.3	385.4
4.633	157.6	268.0	59.55	-87.15	418.7
4.667	169.8	260.4	56.89	-73.29	432.9
4.700	179.7	253.4	54.67	-58.58	461.5
4.733	186.8	247.8	52.98	-42.35	484.6
4.767	191.5	243.8	51.84	-26.23	519.9
4.800	194.0	241.6	51.24	-8.067	530.4
4.833	193.7	241.8	51.31	9.801	536.2
4.867	191.3	243.8	51.89	27.02	503.8
4.900	186.0	247.8	53.11	43.95	488.1
4.933	178.7	253.5	54.82	59.16	464.3
4.967	169.0	260.8	57.05	74.95	461.0
5.000	156.5	269.0	59.81	90.03	416.7
5.033	141.2	277.8	63.05	102.8	352.7
5.067	123.6	286.5	66.66	113.4	317.7
5.100	103.9	295.1	70.61	123.8	283.9
5.133	81.71	303.1	74.91	132.7	231.7
5.167	57.64	309.5	79.45	139.0	175.2
5.200	31.98	313.7	84.18	144.4	131.1
5.233	5.129	315.6	89.07	147.9	62.99
5.267	-22.24	315.4	94.03	148.6	-10.77
5.300	-49.35	312.6	98.97	147.0	-60.61
5.333	-75.71	307.5	103.8	144.5	-113.9
5.367	-101.1	300.5	108.6	139.7	-178.5
5.400	-124.6	291.5	113.1	132.4	-245.0
5.433	-146.0	281.5	117.4	123.5	-286.8
5.467	-165.1	270.8	121.4	113.2	-324.8
5.500	-181.5	259.6	125.0	101.9	-385.3
5.533	-195.7	249.1	128.2	87.69	-438.7
5.567	-207.1	239.9	130.8	72.21	-458.6
5.600	-215.7	231.6	133.0	57.29	-489.0
5.633	-222.3	225.3	134.6	39.88	-517.5
5.667	-226.1	221.2	135.6	22.23	-514.3
5.700	-228.0	219.3	136.1	5.957	-485.0
5.733	-227.7	219.7	136.0	-10.25	-491.3
5.767	-225.5	222.2	135.4	-26.59	-502.8
5.800	-221.2	227.0	134.3	-43.84	-484.2
5.833	-214.2	233.7	132.5	-59.18	-451.5
5.867	-205.0	241.6	130.3	-73.48	-439.9
5.900	-193.4	251.1	127.6	-88.67	-420.1
5.933	-179.2	261.7	124.4	-101.7	-373.5
5.967	-162.5	272.2	120.8	-113.2	-316.3
6.000	-143.3	282.9	116.9	-123.1	-284.6
6.033	-121.9	292.6	112.6	-131.8	-245.8
6.067	-98.33	301.3	108.1	-139.8	-204.1
6.100	-72.90	308.3	103.3	-145.4	-132.6
6.133	-46.18	313.3	98.39	-148.6	-69.76
6.167	-18.75	315.8	93.40	-150.0	-26.81
6.200	8.858	315.5	88.39	-150.4	29.89
6.233	36.32	312.9	83.38	-148.3	80.45
6.267	62.58	307.9	78.51	-144.6	144.6
6.300	87.71	300.8	73.75	-139.1	220.5
6.333	110.8	292.4	69.24	-129.7	308.3
6.367	131.4	283.2	65.10	-118.4	344.4
6.400	149.4	273.5	61.35	-106.7	359.3
6.433	164.8	263.7	57.99	-94.56	396.2
6.467	177.8	254.3	55.05	-80.40	458.3
6.500	188.2	246.4	52.63	-63.94	493.8
6.533	195.7	239.9	50.79	-47.30	530.6
6.567	201.0	235.1	49.48	-29.00	542.2
6.600	203.5	233.0	48.86	-10.53	543.7
6.633	203.8	232.6	48.78	6.785	542.2
6.667	201.7	234.6	49.31	25.66	574.3
6.700	197.1	239.0	50.49	45.13	535.4
6.733	189.7	245.5	52.32	61.75	497.1
6.767	180.0	253.3	54.60	77.55	471.5
6.800	167.4	262.5	57.48	93.71	446.1
6.833	151.9	272.3	60.85	107.2	390.4
6.867	134.0	282.4	64.63	119.6	355.9
6.900	113.2	292.1	68.82	131.0	293.3
6.933	89.97	300.9	73.36	139.3	241.3
6.967	64.84	307.7	78.10	146.6	191.0
7.000	37.70	312.8	83.13	152.6	132.3
7.033	9.547	315.5	88.27	155.2	72.24
7.067	-19.11	315.5	93.47	157.2	15.93
7.100	-48.12	312.9	98.74	156.7	-51.46
7.133	-76.14	307.5	103.9	153.4	-135.0
7.167	-103.0	299.7	109.0	148.0	-194.7
7.200	-127.8	290.1	113.8	140.2	-266.2
7.233	-150.4	279.3	118.3	130.4	-299.7
7.267	-170.2	267.6	122.5	119.9	-337.5
7.300	-187.5	255.3	126.3	108.3	-388.9
7.333	-202.4	243.9	129.7	93.88	-454.5
7.367	-213.9	233.1	132.5	77.88	-485.2
7.400	-223.2	224.2	134.9	61.47	-506.5
7.433	-229.9	217.1	136.6	44.26	-530.1
7.467	-234.4	212.4	137.8	26.06	-537.4
7.500	-236.2	209.9	138.4	8.327	-527.3
7.533	-236.0	209.7	138.4	-8.959	-534.7
7.567	-233.9	212.2	137.8	-27.22	-545.0
7.600	-229.5	217.3	136.6	-45.50	-507.9
7.633	-222.5	224.5	134.8	-61.21	-464.3
7.667	-213.9	233.6	132.5	-76.04	-451.1
7.700	-202.3	243.8	129.7	-91.44	-437.2
7.733	-187.9	255.0	126.4	-105.3	-404.3
7.767	-171.0	266.6	122.7	-118.2	-373.6
7.800	-151.3	278.6	118.5	-130.4	-320.5
7.833	-128.8	289.6	114.0	-139.7	-260.4
7.867	-104.2	299.3	109.2	-147.4	-182.8
7.900	-77.51	307.3	104.2	-152.4	-136.2
7.933	-49.82	312.8	99.05	-155.8	-95.26
7.967	-20.81	315.5	93.77	-159.1	-56.70
8.000	8.578	315.5	88.44	-159.6	27.85
8.033	37.62	312.8	83.14	-157.3	103.6
8.067	65.55	307.3	77.96	-152.6	185.7
8.100	91.88	300.0	72.97	-145.0	241.9
8.133	115.8	291.0	68.30	-136.2	272.6
8.167	137.5	280.7	63.90	-127.0	325.3
8.200	156.6	269.4	59.83	-114.7	400.3
8.233	172.8	258.7	56.25	-100.0	462.4
8.267	186.1	248.5	53.17	-84.09	500.1
8.300	196.4	239.6	50.65	-66.57	523.7
8.333	203.8	232.3	48.73	-49.07	554.2
8.367	209.2	227.4	47.38	-29.97	567.1
8.400	211.6	224.8	46.73	-10.73	586.7
8.433	211.9	224.6	46.66	8.582	607.5
8.467	209.5	227.1	47.30	30.00	601.5
8.500	204.2	232.1	48.66	49.05	538.2
8.533	196.7	239.2	50.57	65.52	505.2
8.567	186.7	248.0	53.03	82.62	491.2
8.600	173.8	258.4	56.08	98.61	465.9
8.633	157.9	269.1	59.60	113.3	413.6
8.667	139.0	280.3	63.63	126.5	370.4
8.700	117.3	290.8	68.03	137.7	303.7
8.733	92.78	299.8	72.81	147.0	265.3
8.767	66.31	307.5	77.83	155.0	196.8
8.800	37.65	312.9	83.14	160.6	132.8
8.833	8.064	315.4	88.54	163.5	51.95
8.867	-22.22	315.3	94.03	164.4	-13.50
8.900	-52.21	312.2	99.49	162.4	-71.85
8.933	-81.30	306.6	104.9	159.5	-118.5
8.967	-109.1	297.7	110.1	154.8	-186.6
9.000	-134.8	287.0	115.2	147.0	-272.5
9.033	-158.0	274.7	119.9	136.6	-338.1
9.067	-178.4	261.8	124.3	124.3	-382.2
9.100	-195.7	248.7	128.2	111.1	-433.4
9.133	-210.4	236.3	131.7	95.70	-466.0
9.167	-221.9	225.2	134.6	79.61	-487.2
9.200	-231.1	215.7	137.0	63.56	-493.8
9.233	-237.7	208.0	138.8	46.52	-554.3
9.267	-242.1	202.6	140.1	27.03	-602.4
9.300	-243.9	200.2	140.6	5.859	-601.8
9.333	-243.7	201.1	140.5	-13.12	-561.4
9.367	-241.4	204.4	139.7	-31.31	-544.1
9.400	-236.4	210.0	138.4	-49.51	-528.5
9.433	-229.3	218.1	136.4	-66.56	-466.8
9.467	-219.8	228.0	134.0	-80.81	-438.3
9.500	-208.0	238.8	131.1	-95.16	-447.7
9.533	-193.3	250.9	127.6	-111.1	-449.9
9.567	-175.5	263.6	123.7	-125.2	-377.1
9.600	-154.8	276.3	119.3	-136.3	-300.0
9.633	-131.8	288.3	114.6	-145.0	-245.5
9.667	-106.5	298.9	109.6	-152.7	-208.6
9.700	-78.77	306.8	104.4	-158.9	-150.7
9.733	-49.57	312.4	99.02	-162.8	-87.60
9.767	-19.58	315.5	93.55	-164.6	-36.40
9.800	10.77	315.4	88.04	-165.3	24.21
9.833	40.90	312.4	82.54	-163.2	100.9
9.867	69.81	306.5	77.17	-158.3	182.2
9.900	96.98	298.3	71.99	-151.1	249.7
9.933	121.8	288.2	67.10	-141.6	320.5
9.967	143.9	277.0	62.55	-129.9	358.1
10.000	163.1	265.5	58.44	-117.4	405.6
10.033	179.5	253.7	54.72	-103.3	450.8
10.067	192.6	242.6	51.56	-87.02	512.7
10.100	203.2	233.2	48.93	-69.42	548.2
10.133	210.9	225.7	46.93	-50.24	589.7
10.167	216.0	220.4	45.58	-30.26	605.3
10.200	218.4	217.7	44.92	-9.726	609.0
10.233	218.1	217.6	44.93	10.30	593.8
10.267	215.6	220.2	45.60	29.86	580.8
10.300	211.0	225.6	46.92	48.99	563.4
10.333	203.5	233.0	48.87	67.47	540.7
10.367	193.0	241.9	51.42	85.02	513.3
10.400	179.9	252.5	54.53	101.7	485.9
10.433	163.9	264.2	58.19	117.4	434.4
10.467	144.7	276.2	62.36	130.8	364.5
10.500	122.7	287.8	66.91	141.5	326.7
10.533	97.98	297.8	71.79	152.3	296.2
10.567	70.37	306.3	77.06	161.8	209.3
10.600	40.74	312.4	82.57	166.3	116.3
10.633	10.24	315.6	88.14	169.0	51.50
10.667	-21.13	315.5	93.83	170.2	-14.05
10.700	-52.17	312.3	99.48	167.9	-84.95
10.733	-82.18	306.2	105.0	164.4	-137.3
10.767	-110.8	297.4	110.4	159.0	-202.8
10.800	-137.2	286.2	115.6	150.8	-262.8
10.833	-161.0	273.5	120.5	141.3	-317.7
10.867	-182.1	259.7	125.0	129.8	-376.7
10.900	-199.9	245.6	129.1	116.0	-443.8
10.933	-214.9	232.3	132.8	100.4	-487.3
10.967	-226.9	220.5	135.8	83.37	-526.6
11.000	-236.1	210.2	138.3	65.43	-540.0
11.033	-242.7	202.3	140.2	47.20	-553.8
11.067	-247.2	196.9	141.5	28.71	-569.9
11.100	-249.1	193.9	142.1	9.139	-577.8
11.133	-248.8	193.9	142.1	-9.941	-571.5
11.167	-246.7	196.7	141.4	-28.77	-566.5
11.200	-242.5	202.4	140.2	-47.80	-555.8
11.233	-236.0	210.6	138.3	-65.86	-525.6
11.267	-226.7	220.7	135.8	-82.78	-501.7
11.300	-214.8	232.5	132.7	-99.25	-474.3
11.333	-200.1	245.8	129.2	-114.6	-437.6
11.367	-182.3	259.3	125.1	-128.3	-388.3
11.400	-161.5	273.0	120.6	-140.5	-317.2
11.433	-137.6	285.5	115.7	-149.6	-250.9
11.467	-111.7	296.6	110.6	-156.9	-213.1
11.500	-83.51	305.6	105.3	-163.9	-192.6
11.533	-53.46	312.1	99.72	-169.7	-99.22
11.567	-21.93	315.5	93.98	-171.0	-7.730
11.600	9.243	315.7	88.32	-169.5	56.06
11.633	40.12	312.4	82.68	-167.6	92.30
11.667	69.89	306.4	77.15	-163.3	172.4
11.700	97.90	297.8	71.80	-156.3	258.3
11.733	123.5	287.3	66.74	-146.1	309.5
11.767	146.1	275.5	62.07	-135.3	344.3
11.800	166.1	262.9	57.72	-123.5	411.6
11.833	182.9	250.3	53.84	-107.9	471.1
11.867	196.7	238.9	50.54	-91.64	519.0
11.900	207.7	228.5	47.73	-73.88	571.2
11.933	215.8	220.5	45.61	-53.14	613.0
11.967	221.1	214.9	44.19	-32.94	622.8
12.000	223.7	211.7	43.42	-11.92	631.2
12.033	223.8	211.7	43.40	9.465	657.3
12.067	221.5	214.3	44.05	31.50	621.4
12.100	216.2	219.9	45.49	51.62	592.6
12.133	208.5	227.4	47.49	70.19	539.1
12.167	198.0	237.4	50.17	88.21	515.8
12.200	184.9	248.7	53.37	104.1	475.5
12.233	168.7	260.9	57.11	120.0	463.0
12.267	149.2	273.3	61.37	135.0	403.5
12.300	126.5	285.6	66.10	147.2	336.5
12.333	101.1	296.5	71.17	157.1	270.6
12.367	72.94	305.5	76.57	165.4	207.8
12.400	42.77	312.0	82.20	170.9	137.3
12.433	11.25	315.6	87.96	174.5	55.31
12.467	-21.08	315.6	93.82	174.8	-9.262
12.500	-52.85	312.1	99.61	173.4	-87.29
12.533	-84.10	305.8	105.4	169.6	-150.2
12.567	-113.1	296.1	110.9	162.9	-233.2
12.600	-140.2	284.6	116.2	154.3	-291.0
12.633	-164.2	271.2	121.2	143.3	-342.5
12.667	-185.3	257.1	125.8	131.5	-381.1
12.700	-203.5	242.8	130.0	118.1	-428.7
12.733	-218.3	228.9	133.6	102.8	-486.3
12.767	-230.2	216.1	136.8	85.77	-523.9
12.800	-239.5	205.6	139.4	67.67	-571.5
12.833	-246.4	197.3	141.3	47.99	-590.7
12.867	-250.5	191.8	142.6	27.84	-593.7
12.900	-252.1	188.8	143.2	8.666	-581.6
12.933	-251.9	188.9	143.1	-10.96	-600.0
12.967	-249.8	192.0	142.4	-31.24	-598.0
13.000	-245.4	198.4	141.1	-51.04	-560.4
13.033	-238.4	206.9	139.0	-68.60	-513.3
13.067	-228.9	217.4	136.5	-85.08	-496.9
13.100	-217.1	229.8	133.4	-101.7	-483.8
13.133	-202.1	243.4	129.7	-117.5	-438.4
13.167	-184.1	257.7	125.5	-131.0	-380.3
13.200	-163.1	271.7	121.0	-142.7	-340.5
13.233	-139.1	284.8	116.0	-153.6	-287.7
13.267	-112.2	296.4	110.7	-162.1	-228.6
13.300	-83.26	305.8	105.2	-168.5	-146.9
13.333	-52.30	312.2	99.51	-172.3	-73.62
13.367	-20.69	315.6	93.75	-173.1	-11.42
13.400	11.15	315.5	87.97	-173.1	27.84
13.433	42.67	312.1	82.22	-171.3	108.2
13.467	73.12	305.9	76.56	-166.0	199.9
13.500	101.2	296.5	71.15	-157.8	260.2
13.533	126.9	285.5	66.04	-148.7	314.5
13.567	149.9	273.1	61.24	-137.1	367.2
13.600	169.8	260.5	56.90	-123.8	423.4
13.633	186.7	247.7	52.99	-109.2	492.0
13.667	200.5	235.8	49.63	-91.04	552.6
13.700	210.7	225.4	46.93	-71.99	575.3
13.733	218.7	217.4	44.83	-52.95	604.6
13.767	223.9	211.7	43.40	-31.76	643.2
13.800	226.3	208.9	42.71	-9.841	656.5
13.833	226.0	208.9	42.74	11.87	634.2
13.867	223.2	211.8	43.50	32.65	619.8
13.900	218.0	217.3	44.92	52.89	584.6
13.933	210.3	225.8	47.03	71.98	554.1
13.967	199.7	235.6	49.71	89.49	534.3
14.000	186.5	247.4	52.99	107.6	504.2
14.033	169.6	260.0	56.88	123.5	446.7
14.067	150.1	273.3	61.22	137.0	378.3
14.100	127.1	285.7	66.01	149.0	331.7
14.133	101.3	296.7	71.15	158.9	265.2
14.167	72.78	305.6	76.60	166.8	213.1
14.200	42.40	312.1	82.26	172.9	138.3
14.233	10.34	315.6	88.12	176.4	50.22
14.267	-22.16	315.6	94.02	176.0	-41.35
14.300	-54.22	312.1	99.86	173.5	-84.39
14.333	-85.19	305.5	105.6	170.3	-131.0
14.367	-114.7	295.7	111.2	165.1	-214.8
14.400	-141.9	283.5	116.6	156.0	-305.2
14.433	-166.2	270.1	121.6	144.5	-362.5
14.467	-187.4	255.9	126.2	131.9	-407.5
14.500	-205.1	241.1	130.4	117.4	-439.5
14.533	-219.9	227.4	134.0	102.4	-476.4
14.567	-232.0	214.7	137.2	85.98	-519.8
14.600	-241.2	204.0	139.8	67.53	-565.9
14.633	-247.6	195.4	141.7	48.35	-593.6
14.667	-252.0	189.9	143.0	27.97	-622.2
14.700	-253.8	187.3	143.6	6.822	-633.3
14.733	-253.6	188.0	143.4	-14.29	-601.2
14.767	-251.2	191.9	142.6	-33.45	-560.1
14.800	-246.3	197.9	141.2	-51.30	-553.8
14.833	-239.1	206.3	139.2	-70.30	-551.5
14.867	-229.5	217.5	136.5	-88.41	-503.4
14.900	-216.9	230.0	133.3	-103.8	-433.3
14.933	-202.0	244.0	129.6	-117.2	-406.0
14.967	-184.0	257.9	125.5	-130.6	-404.1
15.000	-162.7	271.6	120.9	-144.3	-367.2
15.033	-138.4	285.2	115.9	-155.4	-279.4
15.067	-111.4	296.9	110.6	-162.8	-208.5
15.100	-82.16	305.8	105.0	-169.0	-145.9
15.133	-51.13	312.2	99.30	-172.9	-89.42
15.167	-19.40	315.6	93.52	-174.6	-10.40
15.200	12.86	315.4	87.66	-174.0	65.64
15.233	44.26	311.9	81.92	-169.9	140.3
15.267	74.18	305.2	76.34	-164.6	190.6
15.300	102.3	296.3	70.95	-157.4	234.6
15.333	127.9	285.3	65.85	-148.8	301.9
15.367	151.0	272.9	61.04	-137.6	377.8
15.400	170.7	259.6	56.68	-123.3	464.0
15.433	187.4	247.0	52.82	-106.9	499.4
15.467	200.7	235.5	49.56	-89.69	539.5
15.500	211.3	225.4	46.84	-71.31	577.4
15.533	218.8	217.3	44.81	-50.90	602.9
15.567	223.8	212.0	43.45	-31.08	626.0
15.600	226.2	209.0	42.74	-9.578	660.7
15.633	225.7	209.1	42.81	13.37	655.9
15.667	223.1	212.7	43.63	34.21	602.5
15.700	217.7	218.4	45.09	53.38	574.5
15.733	210.0	226.7	47.18	72.43	563.0
15.767	199.3	236.8	49.92	91.02	553.0
15.800	185.4	248.3	53.25	109.1	510.2
15.833	168.4	261.2	57.19	125.4	436.4
15.867	148.2	274.2	61.60	138.1	363.8
15.900	125.2	286.6	66.39	149.4	314.2
15.933	99.19	297.5	71.56	159.2	256.2
15.967	70.68	306.3	77.01	166.5	191.4
16.000	40.30	312.6	82.65	171.9	139.2
16.033	8.484	315.7	88.46	175.8	67.27
16.067	-24.08	315.3	94.37	176.6	-24.32
16.100	-56.23	311.7	100.2	174.0	-103.9
16.133	-87.18	304.8	106.0	169.6	-164.9
16.167	-116.3	294.9	111.5	163.1	-225.5
16.200	-143.0	282.7	116.8	154.5	-297.5
16.233	-167.0	269.1	121.8	143.4	-355.4
16.267	-188.0	255.1	126.4	130.6	-394.1
16.300	-205.8	240.8	130.5	117.2	-433.6
16.333	-220.5	226.8	134.2	101.8	-509.1
16.367	-232.4	214.4	137.3	83.28	-567.5
16.400	-241.0	204.0	139.7	63.69	-588.1
16.433	-247.3	196.4	141.6	44.25	-579.1
16.467	-251.0	191.2	142.7	24.95	-569.2
16.500	-252.7	189.0	143.2	6.387	-600.6
16.533	-252.4	189.4	143.1	-14.68	-616.5
16.567	-249.4	193.2	142.2	-35.49	-580.6
16.600	-244.4	199.7	140.8	-53.00	-527.4
16.633	-237.1	208.3	138.7	-70.52	-505.5
16.667	-227.5	219.3	136.1	-86.98	-481.9
16.700	-215.6	231.9	132.9	-102.4	-476.3
16.733	-200.4	245.4	129.2	-118.7	-451.1
16.767	-181.7	259.6	125.0	-132.9	-393.7
16.800	-160.4	273.6	120.4	-144.5	-322.4
16.833	-135.8	286.5	115.4	-154.6	-261.6
16.867	-108.8	297.7	110.1	-161.9	-201.2
16.900	-79.75	306.6	104.6	-167.9	-154.4
16.933	-48.90	312.7	98.89	-172.4	-95.29
16.967	-17.06	315.5	93.10	-174.2	-16.06
17.000	14.97	315.1	87.28	-173.4	69.22
17.033	46.36	311.6	81.54	-169.6	139.7
17.067	76.13	304.8	75.98	-164.0	201.0
17.100	103.9	295.3	70.61	-156.4	263.0
17.133	129.3	284.4	65.55	-146.3	321.3
17.167	151.6	272.0	60.86	-134.9	385.2
17.200	171.4	259.5	56.56	-120.9	442.9
17.233	187.5	247.0	52.80	-105.0	507.1
17.267	200.4	235.1	49.56	-87.48	541.6
17.300	210.4	225.5	46.97	-68.57	559.9
17.333	217.7	217.6	44.99	-50.27	590.1
17.367	222.8	212.3	43.62	-29.57	648.1
17.400	225.0	210.0	43.02	-6.702	636.5
17.433	224.6	210.7	43.18	13.21	601.2
17.467	222.1	213.8	43.90	32.64	595.8
17.500	216.7	219.4	45.35	53.38	596.3
17.533	208.9	227.7	47.46	72.36	569.2
17.567	198.3	237.7	50.17	91.11	551.3
17.600	184.2	249.2	53.53	109.3	508.6
17.633	167.2	262.0	57.46	125.1	431.0
17.667	147.1	275.0	61.86	138.1	357.3
17.700	124.0	287.3	66.66	148.8	301.9
17.733	98.10	298.0	71.78	158.1	252.4
17.767	69.75	306.9	77.19	165.7	208.4
17.800	39.38	312.7	82.82	171.9	145.2
17.833	7.456	315.6	88.65	175.6	57.31
17.867	-24.96	315.3	94.53	175.6	-37.87
17.900	-56.90	311.6	100.3	173.0	-98.61
17.933	-87.67	304.6	106.1	169.0	-162.2
17.967	-116.8	294.8	111.6	162.4	-241.8
18.000	-143.4	283.0	116.9	152.7	-307.3
18.033	-166.8	269.2	121.8	141.8	-359.6
18.067	-187.7	255.2	126.3	129.0	-407.8
18.100	-205.3	241.4	130.4	114.4	-435.9
18.133	-219.7	227.8	134.0	99.91	-491.3
18.167	-231.4	215.4	137.0	82.18	-543.3
18.200	-239.9	205.4	139.4	62.95	-572.6
18.233	-246.2	197.7	141.2	44.46	-575.1
18.267	-249.8	192.5	142.4	24.49	-595.0
18.300	-251.5	190.4	142.9	4.706	-609.6
18.333	-251.3	191.4	142.7	-15.89	-594.3
18.367	-248.2	195.2	141.8	-35.41	-562.9
18.400	-243.2	201.6	140.3	-53.00	-529.7
18.433	-235.8	210.3	138.3	-70.81	-519.9
18.467	-226.1	221.2	135.6	-87.72	-485.5
18.500	-213.6	233.7	132.4	-103.2	-470.6
18.533	-198.4	247.2	128.8	-118.8	-433.8
18.567	-179.7	261.3	124.5	-132.6	-372.8
18.600	-158.3	275.1	119.9	-143.3	-311.5
18.633	-134.0	287.8	115.0	-153.4	-270.7
18.667	-106.8	298.5	109.7	-161.5	-207.2
18.700	-77.75	307.2	104.2	-167.1	-135.6
18.733	-47.14	313.2	98.56	-170.6	-76.32
18.767	-15.65	315.9	92.84	-172.1	-8.390
18.800	16.02	315.1	87.09	-171.2	50.70
18.833	46.96	311.4	81.42	-168.5	126.3
18.867	76.78	304.7	75.86	-163.2	209.7
18.900	104.3	295.4	70.55	-154.4	282.2
18.933	129.2	284.4	65.57	-144.3	325.1
18.967	151.4	272.3	60.94	-132.8	365.2
19.000	170.5	259.8	56.72	-119.9	434.6
19.033	186.7	247.4	52.95	-104.1	505.8
19.067	199.8	236.3	49.78	-85.81	557.1
19.100	209.9	226.9	47.23	-67.01	582.3
19.133	216.9	219.3	45.32	-47.07	616.2
19.167	221.4	214.5	44.10	-25.91	637.4
19.200	223.0	212.3	43.59	-4.493	631.8
19.233	222.4	213.2	43.80	16.24	595.7
19.267	219.2	216.7	44.67	35.31	558.9
19.300	213.7	222.4	46.15	53.30	557.0
19.333	205.9	230.6	48.23	72.30	554.1
19.367	195.0	240.5	50.97	90.58	529.4
19.400	181.2	251.9	54.26	107.3	480.1
19.433	164.1	263.9	58.12	122.8	446.1
19.467	144.1	276.2	62.45	136.8	369.0
19.500	120.9	288.2	67.24	147.8	323.5
19.533	95.38	298.8	72.30	157.7	242.5
19.567	66.68	307.1	77.75	164.9	173.1
19.600	36.84	313.1	83.29	168.5	102.6
19.633	5.661	315.9	88.97	172.0	66.49
19.667	-26.20	315.2	94.75	173.0	-12.00
19.700	-57.74	311.5	100.5	171.1	-93.69
19.733	-88.21	304.6	106.2	166.8	-161.8
19.767	-116.8	294.9	111.6	160.3	-229.3
19.800	-143.1	282.9	116.8	151.6	-297.1
19.833	-166.5	269.4	121.7	140.5	-371.9
19.867	-187.1	255.8	126.2	126.8	-419.8
19.900	-204.2	241.9	130.2	112.2	-453.6
19.933	-218.3	228.6	133.7	96.82	-477.9
19.967	-229.5	216.9	136.6	80.22	-546.8
20.000	-238.4	207.1	139.0	60.78	-586.9
20.033	-244.2	200.0	140.7	40.43	-574.6
20.067	-247.7	195.5	141.7	22.66	-563.3
20.100	-249.4	193.6	142.2	3.323	-586.1
20.133	-248.3	194.5	141.9	-16.91	-587.9
20.167	-245.3	198.3	141.1	-35.67	-536.3
20.200	-240.2	204.7	139.6	-52.84	-525.8
20.233	-232.9	213.1	137.5	-70.26	-521.5
20.267	-223.1	224.1	134.9	-88.05	-502.4
20.300	-210.5	236.5	131.7	-103.7	-441.8
20.333	-194.8	249.6	128.0	-117.5	-412.4
20.367	-176.5	263.3	123.8	-130.9	-355.0
20.400	-154.9	276.6	119.2	-141.7	-310.4
20.433	-131.0	288.8	114.4	-150.9	-257.4
20.467	-104.1	299.2	109.2	-159.4	-220.4
20.500	-75.42	307.7	103.8	-165.3	-129.9
20.533	-44.96	313.2	98.17	-168.4	-65.60
20.567	-14.06	315.8	92.55	-169.2	14.19
20.600	17.10	314.8	86.89	-167.8	68.59
20.633	47.24	311.0	81.36	-164.3	128.6
20.667	76.30	304.8	75.94	-159.6	177.5
20.700	103.3	295.6	70.73	-152.4	255.8
20.733	128.0	284.8	65.79	-142.6	317.3
20.767	149.9	272.9	61.23	-131.0	382.5
20.800	168.8	260.5	57.06	-117.4	448.8
20.833	184.7	248.8	53.41	-101.0	523.1
20.867	197.5	238.1	50.33	-82.54	554.0
20.900	207.0	229.1	47.91	-63.77	568.0
20.933	214.0	222.3	46.08	-44.95	583.6
20.967	218.4	217.7	44.91	-24.80	614.0
21.000	219.9	215.5	44.43	-4.004	615.3
21.033	219.2	216.5	44.64	16.33	593.7
21.067	216.0	219.9	45.52	35.53	575.3
21.100	210.3	225.6	47.01	54.57	558.9
21.133	202.0	233.6	49.15	72.94	547.6
21.167	191.1	243.5	51.87	90.84	501.5
21.200	177.0	254.8	55.21	106.8	464.6
21.233	160.2	266.5	58.99	121.3	417.9
21.267	140.1	278.5	63.29	135.0	374.7
21.300	117.2	289.9	67.99	146.1	310.7
21.333	91.47	299.7	73.03	155.7	254.9
21.367	63.34	307.7	78.37	163.2	176.1
21.400	33.43	313.1	83.91	167.5	84.77
21.433	2.589	315.8	89.53	168.8	24.87
21.467	-28.41	315.0	95.16	169.0	-23.64
21.500	-59.23	310.7	100.8	167.5	-87.74
21.533	-88.93	303.8	106.3	163.1	-176.5
21.567	-116.9	294.4	111.7	155.8	-249.2
21.600	-142.5	283.2	116.7	146.3	-299.3
21.633	-165.2	270.7	121.4	135.8	-342.7
21.667	-185.0	257.0	125.8	123.6	-393.9
21.700	-202.1	243.9	129.6	109.5	-452.7
21.733	-215.9	231.1	133.0	93.55	-500.4
21.767	-227.0	220.1	135.9	76.00	-546.2
21.800	-235.4	211.1	138.1	57.19	-558.2
21.833	-241.0	204.4	139.7	38.54	-573.2
21.867	-244.4	200.2	140.7	19.35	-566.0
21.900	-245.3	198.8	141.0	0.365	-559.1
21.933	-244.1	199.8	140.7	-17.56	-540.5
21.967	-241.0	203.6	139.8	-35.80	-535.4
22.000	-235.7	209.9	138.3	-53.24	-541.8
22.033	-228.3	218.5	136.3	-71.65	-520.8
22.067	-217.7	229.1	133.5	-88.55	-484.1
22.100	-205.1	241.3	130.4	-103.4	-440.0
22.133	-189.2	254.2	126.7	-118.1	-404.0
22.167	-170.4	267.6	122.5	-130.4	-327.0
22.200	-148.7	280.0	118.0	-139.9	-280.4
22.233	-124.9	291.8	113.2	-148.8	-245.0
22.267	-98.28	301.6	108.0	-156.6	-191.6
22.300	-69.83	309.0	102.7	-161.5	-125.9
22.333	-40.14	313.8	97.29	-164.9	-68.53
22.367	-9.629	315.6	91.75	-166.2	1.490
22.400	20.80	314.6	86.22	-164.7	76.92
22.433	50.45	310.5	80.77	-161.1	126.5
22.467	78.67	303.9	75.48	-156.2	206.9
22.500	105.2	294.9	70.37	-147.7	276.9
22.533	128.7	284.4	65.64	-137.0	344.8
22.567	149.9	273.0	61.23	-125.2	382.4
22.600	168.1	261.8	57.30	-111.2	449.9
22.633	183.1	250.3	53.82	-95.52	489.4
22.667	195.2	240.5	50.93	-78.31	535.4
22.700	204.4	231.9	48.60	-60.09	561.8
22.733	210.7	225.3	46.93	-40.67	591.5
22.767	214.7	221.5	45.89	-20.78	611.3
22.800	216.1	220.2	45.54	9.522E-2	603.5
22.833	214.8	221.6	45.90	19.72	591.2
22.867	211.3	225.4	46.86	39.06	561.1
22.900	204.8	231.5	48.50	57.61	545.8
22.933	196.1	239.6	50.69	74.99	515.1
22.967	184.5	249.3	53.50	92.24	495.8
23.000	170.1	260.3	56.84	107.9	439.4
23.033	152.6	271.9	60.69	121.7	409.4
23.067	132.3	283.0	64.95	134.8	350.9
23.100	108.7	293.4	69.68	145.7	296.2
23.133	83.05	302.7	74.66	154.0	228.5
23.167	54.92	309.6	79.94	161.3	175.6
23.200	25.24	314.2	85.41	165.6	73.38
23.233	-5.390	315.9	90.98	166.4	12.46
23.267	-35.76	314.2	96.49	165.9	-52.39
23.300	-66.06	309.9	102.0	163.5	-111.4
23.333	-94.71	302.4	107.4	158.0	-191.3
23.367	-121.7	292.8	112.6	151.0	-242.0
23.400	-146.2	281.5	117.5	141.8	-303.7
23.433	-168.0	268.8	122.0	130.8	-366.3
23.467	-186.9	255.7	126.2	117.4	-426.9
23.500	-202.8	243.1	129.8	102.2	-459.8
23.533	-215.9	231.7	133.0	86.72	-489.7
23.567	-226.1	221.3	135.6	69.77	-522.0
23.600	-233.6	213.1	137.6	51.69	-548.8
23.633	-239.0	207.4	139.1	33.31	-574.4
23.667	-241.8	204.0	139.8	13.47	-581.5
23.700	-242.3	203.7	140.0	-5.782	-562.5
23.733	-240.3	205.5	139.5	-23.77	-525.1
23.767	-236.3	210.0	138.4	-40.96	-517.7
23.800	-230.1	216.6	136.7	-58.00	-499.2
23.833	-221.6	225.5	134.5	-74.55	-492.0
23.867	-210.8	236.0	131.8	-90.47	-459.7
23.900	-197.2	248.1	128.5	-105.5	-426.1
23.933	-180.7	260.7	124.7	-118.7	-386.3
23.967	-161.4	273.2	120.6	-131.3	-327.2
24.000	-139.0	285.2	116.0	-140.8	-252.4
24.033	-114.7	295.9	111.2	-147.7	-216.4
24.067	-88.14	304.5	106.1	-155.2	-174.1
24.100	-59.56	311.0	100.8	-159.9	-111.1
24.133	-30.31	315.1	95.49	-162.0	-37.10
24.167	-0.260	316.1	90.05	-162.7	30.70
24.200	29.45	314.3	84.65	-159.8	110.7
24.233	57.95	309.5	79.40	-155.2	155.5
24.267	84.96	302.4	74.31	-149.6	210.4
24.300	110.1	293.3	69.43	-141.3	267.7
24.333	132.6	283.0	64.89	-131.4	331.3
24.367	152.6	271.6	60.67	-119.6	395.2
24.400	169.7	260.5	56.92	-104.9	476.7
24.433	183.8	250.0	53.68	-87.93	511.8
24.467	194.8	241.1	51.06	-70.40	530.3
24.500	203.3	233.8	48.99	-52.88	529.9
24.533	208.7	228.0	47.54	-34.89	576.1
24.567	211.9	224.6	46.67	-14.92	625.9
24.600	212.4	224.1	46.54	7.227	610.5
24.633	210.1	226.4	47.15	26.14	543.0
24.667	205.7	230.8	48.28	42.89	534.1
24.700	198.9	237.1	50.01	61.65	548.2
24.733	189.3	245.7	52.39	79.85	501.9
24.767	176.6	255.4	55.33	95.03	452.5
24.800	161.7	266.1	58.72	109.7	417.2
24.833	143.6	277.4	62.64	123.2	381.8
24.867	122.6	288.0	66.94	134.9	327.9
24.900	98.98	298.0	71.63	145.3	269.5
24.933	72.77	305.9	76.62	152.8	200.7
24.967	44.84	311.6	81.81	158.5	132.2
25.000	15.52	315.0	87.18	161.8	69.02
25.033	-14.33	315.8	92.60	162.9	-3.132
25.067	-44.24	313.3	98.04	161.9	-66.88
25.100	-73.34	308.3	103.4	158.3	-133.7
25.133	-101.1	300.6	108.6	153.0	-196.2
25.167	-126.8	290.6	113.6	145.3	-274.2
25.200	-150.2	279.3	118.3	134.7	-334.3
25.233	-170.6	267.2	122.6	122.8	-387.4
25.267	-188.4	255.1	126.4	109.2	-415.7
25.300	-203.0	243.3	129.8	94.69	-453.5
25.333	-215.0	232.6	132.8	79.33	-489.0
25.367	-224.2	223.3	135.1	61.91	-526.3
25.400	-230.9	216.2	136.9	44.20	-546.2
25.433	-235.3	211.4	138.1	25.63	-559.7
25.467	-237.1	209.1	138.6	6.697	-547.1
25.500	-236.9	209.5	138.5	-10.87	-521.4
25.533	-234.6	212.2	137.9	-27.88	-518.1
25.567	-230.3	217.5	136.6	-45.40	-512.3
25.600	-223.3	224.5	134.8	-62.19	-486.6
25.633	-213.9	233.4	132.5	-77.75	-455.5
25.667	-202.3	244.0	129.7	-92.55	-432.4
25.700	-187.7	255.1	126.3	-106.5	-395.9
25.733	-170.7	267.3	122.6	-119.1	-365.0
25.767	-151.0	279.2	118.4	-130.7	-311.8
25.800	-128.4	290.4	113.9	-140.2	-240.7
25.833	-103.6	299.9	109.1	-146.5	-185.8
25.867	-77.13	307.3	104.1	-152.4	-148.3
25.900	-49.02	312.8	98.91	-156.7	-78.48
25.933	-20.09	315.5	93.64	-157.6	-13.70
25.967	8.780	315.5	88.41	-157.3	40.34
26.000	37.53	312.8	83.16	-155.3	129.9
26.033	65.04	307.5	78.06	-148.7	205.8
26.067	90.36	300.2	73.25	-141.1	235.8
26.100	113.9	291.5	68.66	-133.3	278.8
26.133	135.1	281.5	64.37	-122.6	364.6
26.167	153.5	271.1	60.49	-109.0	402.3
26.200	168.8	261.0	57.11	-95.41	426.7
26.233	182.0	251.7	54.13	-81.00	470.1
26.267	192.0	243.2	51.71	-63.87	514.3
26.300	199.5	236.7	49.88	-46.57	554.4
26.333	204.6	232.1	48.60	-27.34	585.1
26.367	207.0	230.3	48.05	-7.046	583.3
26.400	206.6	230.6	48.13	11.42	575.1
26.433	204.0	233.1	48.81	30.98	554.2
26.467	198.5	238.3	50.20	49.03	530.7
26.500	190.9	245.1	52.08	65.65	507.6
26.533	180.4	253.6	54.57	83.19	489.7
26.567	166.8	263.1	57.63	98.41	423.1
26.600	150.7	273.4	61.13	111.3	381.6
26.633	132.0	283.7	65.04	123.7	365.9
26.667	110.4	293.3	69.37	135.8	318.6
26.700	86.10	302.0	74.09	145.2	215.2
26.733	59.85	309.2	79.05	150.1	155.7
26.767	32.47	313.9	84.09	154.9	113.2
26.800	3.480	315.9	89.37	158.4	47.84
26.833	-25.64	315.1	94.65	157.8	-56.02
26.867	-54.37	312.1	99.88	154.8	-102.8
26.900	-81.92	306.5	105.0	150.6	-156.7
26.933	-108.1	298.3	109.9	144.7	-205.7
26.967	-132.1	288.5	114.6	136.6	-259.2
27.000	-153.9	277.3	119.0	127.6	-310.5
27.033	-173.2	265.6	123.1	116.0	-372.0
27.067	-189.6	253.8	126.8	102.6	-431.6
27.100	-203.4	242.8	129.9	87.42	-469.0
27.133	-214.0	232.9	132.6	71.10	-506.1
27.167	-222.2	224.7	134.7	53.94	-515.2
27.200	-227.8	218.7	136.2	36.45	-539.2
27.233	-231.5	215.0	137.1	18.37	-551.8
27.267	-232.1	213.5	137.4	-0.630	-537.1
27.300	-231.0	214.9	137.1	-17.54	-511.7
27.333	-227.8	218.3	136.2	-34.33	-493.3
27.367	-222.6	224.3	134.8	-50.84	-493.3
27.400	-215.2	232.0	132.8	-66.82	-458.2
27.433	-205.1	241.5	130.3	-81.83	-432.8
27.467	-192.5	251.8	127.4	-95.28	-405.9
27.500	-177.1	262.7	124.0	-109.0	-381.3
27.533	-159.1	274.1	120.1	-120.9	-316.9
27.567	-138.6	285.1	115.9	-130.1	-269.7
27.600	-116.1	295.3	111.5	-138.6	-232.5
27.633	-91.08	303.8	106.7	-145.9	-186.7
27.667	-64.45	310.2	101.7	-150.9	-93.82
27.700	-36.58	314.4	96.64	-152.5	-33.71
27.733	-8.701	315.9	91.58	-152.5	17.90
27.767	19.39	314.7	86.47	-151.8	47.47
27.800	46.69	311.1	81.46	-149.0	114.0
27.833	73.14	305.6	76.54	-144.4	177.8
27.867	97.69	297.8	71.84	-137.1	266.5
27.900	120.1	288.7	67.41	-126.9	316.7
27.933	139.7	278.8	63.39	-115.6	364.6
27.967	156.9	268.7	59.71	-103.0	424.2
28.000	171.3	259.0	56.52	-87.14	459.3
28.033	182.7	250.6	53.90	-71.94	479.2
28.067	191.9	243.2	51.73	-55.85	510.1
28.100	198.3	237.8	50.18	-37.52	560.5
28.133	201.9	234.1	49.23	-18.68	574.3
28.167	203.2	233.2	48.94	0.910	561.6
28.200	201.8	234.6	49.29	18.92	526.5
28.233	198.2	237.9	50.20	35.76	517.4
28.267	192.0	242.9	51.67	53.36	522.6
28.300	183.3	250.0	53.75	70.76	497.6
28.333	171.7	258.3	56.39	86.55	454.3
28.367	157.8	268.1	59.52	101.0	423.2
28.400	141.1	278.4	63.12	114.7	383.6
28.433	121.5	288.4	67.16	126.7	326.1
28.467	99.14	297.3	71.56	136.3	247.4
28.500	74.71	305.3	76.25	143.3	193.8
28.533	48.68	311.3	81.11	149.0	152.7
28.567	21.06	315.1	86.18	153.7	86.64
28.600	-7.494	316.3	91.36	154.9	25.52
28.633	-35.84	314.7	96.50	154.9	-35.33
28.667	-64.17	310.4	101.7	153.2	-99.01
28.700	-91.12	303.7	106.7	148.0	-190.2
28.733	-116.4	295.0	111.5	140.7	-241.3
28.767	-139.3	284.6	116.1	131.7	-289.0
28.800	-159.9	273.5	120.3	121.5	-340.0
28.833	-177.9	262.0	124.2	109.0	-395.2
28.867	-193.3	251.2	127.6	95.01	-422.3
28.900	-205.7	240.8	130.5	80.89	-452.4
28.933	-215.7	231.6	133.0	65.11	-511.1
28.967	-223.1	224.3	134.8	46.72	-539.3
29.000	-227.8	219.4	136.1	28.82	-547.2
29.033	-230.5	216.7	136.8	10.71	-544.4
29.067	-230.3	216.3	136.8	-7.864	-524.2
29.100	-228.3	218.6	136.2	-24.20	-476.7
29.133	-224.1	222.7	135.2	-39.48	-459.2
29.167	-217.9	228.8	133.6	-54.80	-452.9
29.200	-209.6	236.6	131.5	-69.74	-468.3
29.233	-199.0	246.1	129.0	-85.73	-447.8
29.267	-185.5	257.0	125.8	-100.2	-394.2
29.300	-169.2	267.8	122.3	-111.6	-330.4
29.333	-150.5	278.6	118.4	-122.3	-299.8
29.367	-129.5	289.1	114.1	-131.6	-276.1
29.400	-106.4	298.7	109.6	-140.5	-198.4
29.433	-80.78	306.3	104.8	-145.5	-119.9
29.467	-54.51	311.8	99.92	-147.7	-80.42
29.500	-27.19	314.9	94.93	-151.1	-71.43
29.533	0.847	315.5	89.85	-152.6	17.13
29.567	28.75	313.7	84.76	-150.1	114.9
29.600	55.43	309.5	79.85	-144.7	163.8
29.633	80.57	303.2	75.12	-139.1	209.7
29.667	104.2	295.5	70.58	-131.1	276.9
29.700	125.2	286.4	66.38	-120.3	322.8
29.733	143.7	276.7	62.56	-109.5	359.3
29.767	159.8	267.0	59.09	-96.74	422.4
29.800	173.0	257.6	56.12	-81.12	472.5
29.833	183.6	249.7	53.68	-65.14	498.4
29.867	191.6	243.3	51.77	-48.12	520.8
29.900	197.1	238.9	50.48	-30.21	559.0
29.933	199.8	236.2	49.76	-11.13	574.6
29.967	200.1	236.3	49.73	8.443	547.8
30.000	197.8	238.4	50.32	25.45	521.9
30.033	193.3	242.4	51.43	42.74	502.5
30.067	186.0	248.4	53.17	59.53	490.9
30.100	176.5	255.8	55.40	74.97	455.4
30.133	164.0	264.1	58.17	90.21	433.1
30.167	149.2	273.8	61.41	103.7	373.2
30.200	131.5	283.1	65.08	115.2	338.0
30.233	111.8	292.6	69.09	125.9	307.2
30.267	89.30	301.0	73.47	136.0	247.4
30.300	64.53	307.5	78.15	142.5	182.2
30.333	38.54	312.5	82.97	147.7	135.6
30.367	11.05	315.4	87.99	151.9	79.75
30.400	-17.07	315.7	93.10	153.0	-7.863
30.433	-45.06	313.2	98.19	151.4	-85.51
30.467	-72.28	308.6	103.2	147.3	-142.1
30.500	-97.96	301.5	108.0	141.7	-184.2
30.533	-122.0	292.6	112.6	135.1	-237.7
30.567	-144.0	282.5	117.0	126.0	-308.6
30.600	-163.5	271.8	121.0	114.5	-361.6
30.633	-180.0	260.6	124.6	101.8	-403.3
30.667	-194.1	250.2	127.8	87.73	-423.4
30.700	-205.6	240.9	130.5	73.32	-461.9
30.733	-214.6	232.6	132.7	57.41	-510.1
30.767	-221.1	226.5	134.3	39.00	-540.8
30.800	-224.9	222.6	135.3	21.24	-519.4
30.833	-226.6	221.0	135.7	4.462	-520.3
30.867	-226.1	221.5	135.6	-13.24	-523.1
30.900	-223.1	224.4	134.8	-30.75	-499.2
30.933	-218.1	229.5	133.5	-46.39	-456.6
30.967	-210.8	236.2	131.7	-61.15	-444.9
31.000	-201.5	244.7	129.5	-75.94	-434.0
31.033	-189.2	254.0	126.7	-90.24	-384.1
31.067	-174.8	264.5	123.5	-101.7	-340.2
31.100	-158.2	274.9	119.9	-112.5	-316.2
31.133	-138.7	284.8	116.0	-123.2	-293.4
31.167	-117.2	294.4	111.7	-131.9	-224.6
31.200	-93.54	302.7	107.2	-138.3	-184.1
31.233	-68.47	309.1	102.5	-143.8	-117.2
31.267	-41.81	313.7	97.59	-146.7	-57.82
31.300	-14.95	315.6	92.71	-147.0	11.38
31.333	12.14	315.2	87.79	-146.3	40.10
31.367	38.60	312.6	82.96	-144.1	110.1
31.400	64.32	307.8	78.20	-139.4	173.3
31.433	88.15	300.9	73.67	-132.1	240.3
31.467	110.0	292.6	69.39	-123.6	276.8
31.500	129.7	283.8	65.44	-113.5	333.3
31.533	147.0	274.5	61.82	-101.6	384.4
31.567	161.6	265.5	58.67	-87.70	440.9
31.600	173.7	257.4	55.98	-72.34	479.6
31.633	183.0	250.5	53.85	-55.58	505.0
31.667	189.6	245.1	52.28	-38.68	512.8
31.700	193.9	241.8	51.27	-21.46	527.8
31.733	195.5	240.1	50.85	-3.525	548.3
31.767	195.0	241.1	51.03	15.09	541.7
31.800	191.7	244.1	51.85	32.79	504.3
31.833	186.1	249.0	53.22	48.62	470.8
31.867	177.8	254.8	55.09	64.03	476.5
31.900	167.2	262.3	57.49	80.30	456.9
31.933	153.7	271.1	60.44	94.91	406.2
31.967	137.9	280.4	63.81	107.1	364.1
32.000	119.4	289.4	67.58	119.1	323.5
32.033	98.21	297.8	71.75	128.9	262.0
32.067	75.07	305.0	76.17	136.3	204.0
32.100	50.10	310.5	80.83	142.6	147.1
32.133	23.76	314.3	85.68	146.2	77.26
32.167	-3.187	315.9	90.58	147.6	18.26
32.200	-30.35	314.6	95.51	147.6	-27.74
32.233	-57.18	311.2	100.4	145.7	-93.06
32.267	-83.18	305.7	105.2	141.4	-147.1
32.300	-107.5	298.1	109.8	135.7	-226.2
32.333	-130.4	289.3	114.3	126.8	-274.8
32.367	-150.3	279.4	118.3	116.7	-318.0
32.400	-168.1	268.7	122.0	106.2	-353.3
32.433	-183.3	258.3	125.4	92.91	-405.7
32.467	-195.9	248.6	128.2	79.04	-443.9
32.500	-206.0	240.1	130.6	63.60	-472.9
32.533	-213.6	233.4	132.5	47.19	-499.1
32.567	-219.0	228.5	133.8	30.58	-504.8
32.600	-221.8	225.7	134.5	13.38	-529.6
32.633	-222.5	225.1	134.7	-4.518	-495.7
32.667	-220.6	226.9	134.2	-20.26	-475.9
32.700	-217.2	230.3	133.3	-35.41	-454.6
32.733	-211.3	236.0	131.8	-51.20	-454.5
32.767	-203.0	242.8	129.9	-65.36	-421.8
32.800	-192.6	251.1	127.5	-79.41	-411.0
32.833	-180.1	260.9	124.6	-92.73	-379.1
32.867	-164.6	270.7	121.3	-104.8	-349.5
32.900	-147.0	280.8	117.6	-115.9	-312.9
32.933	-126.8	290.4	113.6	-125.8	-270.8
32.967	-104.5	299.3	109.2	-133.8	-198.9
33.000	-80.23	306.6	104.7	-139.3	-127.0
33.033	-54.78	311.7	99.97	-142.1	-70.63
33.067	-28.61	314.8	95.19	-143.9	-38.29
33.100	-2.062	315.6	90.37	-144.7	19.60
33.133	24.44	314.1	85.55	-142.8	77.46
33.167	50.03	310.8	80.86	-139.2	143.5
33.200	74.49	305.0	76.27	-133.6	194.4
33.233	96.96	297.6	71.95	-125.9	245.6
33.267	117.7	289.5	67.88	-117.4	298.9
33.300	136.2	280.7	64.13	-106.1	359.0
33.333	151.8	271.7	60.81	-93.19	421.8
33.367	165.1	263.3	57.92	-78.34	465.8
33.400	175.4	256.1	55.59	-61.80	489.2
33.433	183.1	250.2	53.80	-45.79	478.9
33.467	188.5	246.0	52.54	-29.91	486.4
33.500	191.8	243.8	51.80	-13.46	543.9
33.533	192.4	243.1	51.64	6.058	544.3
33.567	190.1	245.1	52.21	23.78	496.0
33.600	185.9	248.7	53.22	38.34	463.4
33.633	179.2	253.8	54.76	54.72	481.1
33.667	169.8	260.2	56.87	70.66	460.9
33.700	158.3	268.4	59.47	85.30	408.5
33.733	143.8	277.0	62.55	98.09	383.7
33.767	127.1	285.5	66.01	110.4	344.6
33.800	107.5	294.1	69.91	121.6	299.9
33.833	86.02	302.2	74.11	130.1	239.7
33.867	62.32	308.7	78.58	137.7	183.2
33.900	36.89	313.2	83.28	142.4	111.1
33.933	10.60	315.9	88.08	144.8	48.53
33.967	-16.19	315.7	92.94	145.7	-5.957E-2
34.000	-42.88	313.4	97.79	144.8	-57.60
34.033	-69.02	309.1	102.6	142.0	-117.7
34.067	-94.05	302.9	107.3	137.0	-197.9
34.100	-117.3	294.6	111.7	128.9	-248.6
34.133	-138.2	285.3	115.8	120.0	-280.8
34.167	-157.1	275.4	119.7	110.6	-307.7
34.200	-173.6	265.1	123.2	99.27	-376.4
34.233	-187.9	255.5	126.3	85.70	-427.6
34.267	-199.1	246.6	128.9	70.50	-457.0
34.300	-207.8	238.9	131.0	55.31	-479.6
34.333	-214.2	232.9	132.6	38.68	-492.8
34.367	-218.0	228.9	133.6	22.10	-503.8
34.400	-219.8	227.0	134.1	5.485	-525.6
34.433	-219.3	227.4	134.0	-13.03	-517.5
34.467	-216.4	230.3	133.2	-29.46	-438.9
34.500	-211.5	234.9	132.0	-42.06	-416.8
34.533	-205.1	240.9	130.4	-56.62	-445.0
34.567	-195.7	248.5	128.2	-72.42	-453.5
34.600	-184.3	257.5	125.6	-86.53	-394.0
34.633	-170.0	267.3	122.5	-98.96	-345.7
34.667	-153.6	277.2	119.0	-109.3	-300.7
34.700	-135.0	287.2	115.2	-119.1	-260.3
34.733	-114.0	296.1	111.1	-126.8	-221.3
34.767	-91.33	303.9	106.7	-133.5	-160.8
34.800	-66.73	309.7	102.2	-138.0	-128.4
34.833	-41.47	313.7	97.53	-141.5	-67.83
34.867	-15.05	315.6	92.73	-143.2	-4.023
34.900	11.09	315.3	87.99	-141.3	59.59
34.933	36.68	313.0	83.32	-139.2	99.83
34.967	61.52	308.2	78.71	-135.0	170.9
35.000	84.83	302.2	74.32	-127.6	238.4
35.033	106.2	295.0	70.21	-119.0	280.2
35.067	125.1	286.3	66.39	-109.0	326.9
35.100	141.9	277.8	62.94	-97.20	376.2
35.133	156.1	269.4	59.91	-83.94	406.7
35.167	167.7	261.7	57.35	-70.00	449.4
35.200	176.9	255.0	55.25	-54.23	479.4
35.233	183.7	250.3	53.73	-37.67	510.0
35.267	187.9	247.0	52.74	-20.61	502.5
35.300	189.6	245.8	52.36	-3.736	517.5
35.333	189.0	246.2	52.49	13.37	509.1
35.367	185.9	248.9	53.25	30.70	522.0
35.400	180.2	253.0	54.54	47.72	490.5
35.433	172.1	259.3	56.43	63.88	468.0
35.467	161.4	266.5	58.79	78.49	403.6
35.500	148.1	274.6	61.66	91.24	362.7
35.533	132.7	282.9	64.87	102.2	347.7
35.567	114.8	291.0	68.47	114.4	340.5
35.600	94.38	299.3	72.50	125.2	267.3
35.633	71.69	306.1	76.82	132.2	184.2
35.667	47.63	311.6	81.31	137.3	144.6
35.700	22.20	314.8	85.97	141.9	97.54
35.733	-4.221	315.7	90.77	144.0	40.61
35.767	-30.65	314.6	95.56	144.3	-40.20
35.800	-57.03	311.4	100.4	141.8	-100.9
35.833	-82.09	306.1	105.0	137.0	-158.0
35.867	-105.9	299.0	109.5	131.5	-199.1
35.900	-127.9	290.2	113.8	123.7	-257.0
35.933	-147.7	280.7	117.8	114.3	-316.2
35.967	-165.2	270.6	121.4	102.8	-368.6
36.000	-180.0	260.8	124.6	89.55	-409.8
36.033	-192.2	251.7	127.4	75.59	-439.8
36.067	-201.9	243.6	129.6	60.28	-472.1
36.100	-209.1	237.4	131.4	44.04	-479.2
36.133	-214.0	232.9	132.6	28.24	-499.4
36.167	-216.7	230.2	133.3	11.12	-518.2
36.200	-217.2	230.3	133.3	-6.733	-502.3
36.233	-215.2	232.3	132.8	-22.33	-448.8
36.267	-211.2	235.9	131.8	-36.53	-438.7
36.300	-205.0	241.1	130.4	-51.38	-432.8
36.333	-196.8	248.3	128.4	-65.73	-424.8
36.367	-186.4	256.6	126.0	-79.37	-387.4
36.400	-173.2	265.5	123.1	-91.91	-354.5
36.433	-158.0	274.9	119.9	-102.7	-322.1
36.467	-140.3	284.2	116.3	-113.4	-294.4
36.500	-120.4	293.4	112.3	-122.5	-218.9
36.533	-98.53	301.3	108.1	-128.1	-152.5
36.567	-75.53	307.9	103.8	-132.3	-137.5
36.600	-51.14	312.5	99.30	-137.3	-100.00
36.633	-25.55	315.3	94.63	-139.4	-39.57
36.667	-2.636E-2	315.9	90.00	-139.4	13.10
36.700	25.58	314.2	85.35	-138.9	71.77
36.733	50.60	310.7	80.75	-134.7	158.8
36.767	74.05	305.4	76.37	-128.0	210.1
36.800	95.77	298.6	72.22	-120.7	240.4
36.833	115.6	290.8	68.32	-112.1	312.4
36.867	133.2	282.5	64.75	-100.1	371.1
36.900	148.0	274.3	61.65	-86.88	403.3
36.933	160.4	266.6	58.96	-73.54	413.3
36.967	170.3	259.7	56.75	-59.14	454.1
37.000	177.7	254.0	55.02	-43.50	477.4
37.033	183.0	250.5	53.85	-27.06	497.6
37.067	185.7	248.3	53.22	-10.51	514.0
37.100	186.1	248.4	53.15	7.211	511.8
37.133	183.8	250.2	53.70	23.90	495.9
37.167	179.4	253.8	54.75	39.91	470.8
37.200	172.2	258.7	56.36	55.57	458.9
37.233	162.7	265.0	58.45	70.27	427.8
37.267	151.0	272.8	61.04	84.25	394.2
37.300	136.5	280.7	64.06	96.51	360.4
37.333	119.8	288.9	67.47	108.1	330.9
37.367	100.5	296.5	71.27	118.7	303.7
37.400	79.22	303.8	75.38	128.2	230.2
37.433	55.61	309.5	79.81	134.6	166.5
37.467	31.03	313.6	84.35	138.7	104.6
37.500	5.202	315.5	89.06	141.9	41.83
37.533	-20.98	315.4	93.81	141.5	-28.85
37.567	-46.71	313.2	98.48	139.7	-78.66
37.600	-71.94	308.8	103.1	136.6	-130.2
37.633	-95.76	302.2	107.6	130.9	-194.5
37.667	-118.0	294.6	111.8	123.6	-239.1
37.700	-138.2	285.6	115.8	114.9	-290.8
37.733	-156.1	276.0	119.5	104.3	-345.1
37.767	-171.5	266.4	122.8	91.81	-386.5
37.800	-184.3	257.4	125.6	78.48	-402.4
37.833	-194.9	249.4	128.0	64.99	-429.1
37.867	-203.2	242.6	129.9	50.09	-466.8
37.900	-208.9	237.5	131.3	33.70	-508.3
37.933	-212.4	234.4	132.2	16.33	-511.0
37.967	-213.4	233.4	132.4	-0.656	-484.5
38.000	-212.2	234.5	132.1	-15.85	-448.2
38.033	-209.0	237.3	131.4	-30.46	-433.3
38.067	-204.0	242.1	130.1	-44.75	-417.1
38.100	-196.8	248.4	128.4	-58.30	-418.9
38.133	-187.4	255.8	126.2	-72.44	-410.0
38.167	-175.2	264.1	123.6	-86.01	-373.0
38.200	-161.0	273.3	120.5	-97.16	-328.3
38.233	-144.5	282.5	117.1	-107.8	-280.5
38.267	-125.6	291.3	113.3	-116.2	-248.4
38.300	-105.1	299.4	109.3	-123.8	-210.1
38.333	-82.48	306.3	105.1	-130.7	-168.7
38.367	-58.47	311.5	100.6	-134.8	-72.11
38.400	-33.54	314.7	96.08	-135.8	-21.04
38.433	-8.747	315.9	91.59	-135.7	7.998
38.467	16.27	314.9	87.04	-135.6	28.46
38.500	40.80	311.9	82.55	-133.7	97.44
38.533	64.57	307.4	78.14	-129.3	175.7
38.567	86.81	301.4	73.93	-121.8	249.5
38.600	107.0	294.3	70.02	-112.6	290.8
38.633	125.0	286.6	66.43	-102.4	325.7
38.667	140.7	278.5	63.19	-90.98	366.7
38.700	154.0	270.8	60.36	-77.97	407.7
38.733	164.8	263.6	57.99	-63.80	446.4
38.767	173.2	257.9	56.11	-48.25	472.9
38.800	178.9	253.3	54.78	-32.13	500.6
38.833	182.4	250.8	53.97	-15.10	500.0
38.867	183.1	249.9	53.77	1.573	487.4
38.900	181.6	250.7	54.08	17.11	485.8
38.933	178.1	253.6	54.91	33.88	495.5
38.967	172.0	258.3	56.33	50.41	482.4
39.000	163.5	264.4	58.27	65.86	432.4
39.033	152.2	271.6	60.72	79.49	385.7
39.067	138.8	279.2	63.57	91.30	361.3
39.100	123.1	287.4	66.81	103.5	322.3
39.133	104.7	295.2	70.47	113.2	272.9
39.167	84.73	302.5	74.35	121.2	229.7
39.200	62.54	308.5	78.54	128.9	197.3
39.233	38.74	312.8	82.94	134.3	139.0
39.267	13.84	315.2	87.49	138.0	74.00
39.300	-11.80	315.9	92.14	139.4	7.942
39.333	-37.32	314.1	96.77	138.4	-61.18
39.367	-62.41	310.6	101.4	135.5	-112.2
39.400	-86.31	305.0	105.8	130.7	-159.8
39.433	-108.7	297.5	110.1	124.9	-206.7
39.467	-129.5	289.2	114.1	117.0	-281.6
39.500	-148.3	280.5	117.9	106.2	-339.0
39.533	-164.2	271.2	121.2	94.10	-358.2
39.567	-177.9	262.4	124.1	82.40	-392.4
39.600	-189.4	254.2	126.7	68.26	-425.2
39.633	-198.1	247.3	128.7	53.50	-438.7
39.667	-204.7	241.8	130.3	39.43	-448.1
39.700	-209.0	237.8	131.3	23.60	-484.1
39.733	-211.1	235.8	131.8	7.057	-476.4
39.767	-210.8	235.8	131.8	-8.309	-466.2
39.800	-208.7	237.7	131.3	-23.68	-464.2
39.833	-204.4	241.7	130.2	-39.50	-451.0
39.867	-197.6	247.2	128.6	-53.75	-423.8
39.900	-189.0	254.3	126.6	-67.57	-396.9
39.933	-178.0	262.4	124.1	-80.47	-363.1
39.967	-164.6	271.1	121.3	-91.63	-339.3
40.000	-149.2	280.2	118.0	-102.9	-312.3
40.033	-131.2	289.1	114.4	-112.8	-259.9
40.067	-111.3	297.4	110.5	-120.1	-178.9
40.100	-89.63	304.4	106.4	-124.9	-145.2
40.133	-66.97	309.9	102.2	-129.3	-121.6
40.167	-42.92	313.6	97.79	-133.4	-89.54
40.200	-18.22	315.6	93.30	-135.1	-19.11
40.233	6.681	315.6	88.79	-134.7	56.82
40.267	31.17	313.6	84.32	-131.4	131.1
40.300	54.46	309.8	80.03	-125.9	163.1
40.333	76.25	304.4	75.94	-120.4	179.4
40.367	96.73	297.9	72.01	-114.2	242.9
40.400	115.5	290.6	68.33	-104.3	301.4
40.433	131.5	282.8	65.06	-93.57	348.8
40.467	145.8	275.3	62.10	-81.65	404.2
40.500	157.5	268.6	59.62	-66.38	443.8
40.533	166.2	262.6	57.67	-51.74	435.8
40.567	172.8	257.8	56.17	-37.67	458.6
40.600	177.2	254.6	55.16	-21.27	500.8
40.633	178.9	253.1	54.75	-4.012	501.3
40.667	178.5	253.9	54.89	12.13	485.3
40.700	175.3	255.7	55.56	28.18	457.8
40.733	170.0	259.5	56.77	42.95	433.0
40.767	162.7	264.7	58.42	56.70	417.0
40.800	153.0	271.0	60.55	70.89	410.0
40.833	140.7	277.9	63.14	84.08	396.1
40.867	126.2	285.4	66.15	97.10	356.7
40.900	109.0	293.2	69.61	108.3	296.1
40.933	89.80	300.6	73.37	116.5	231.9
40.967	68.66	306.7	77.38	123.7	197.4
41.000	45.91	311.4	81.61	129.7	148.7
41.033	21.88	314.7	86.02	133.7	94.04
41.067	-2.886	315.8	90.52	135.8	34.43
41.100	-27.96	314.8	95.08	136.1	-29.85
41.133	-52.72	311.8	99.59	133.9	-95.72
41.167	-76.54	307.1	104.0	129.7	-156.2
41.200	-99.24	301.2	108.2	123.5	-205.3
41.233	-120.0	293.7	112.2	115.8	-242.3
41.267	-138.8	285.1	116.0	107.4	-272.3
41.300	-155.7	276.4	119.4	97.77	-335.2
41.333	-170.3	267.7	122.5	85.25	-389.5
41.367	-182.0	259.3	125.1	71.40	-409.3
41.400	-191.7	252.2	127.2	58.11	-426.7
41.433	-199.2	246.5	128.9	43.16	-468.7
41.467	-204.0	242.3	130.1	26.67	-483.2
41.500	-206.7	240.1	130.7	10.85	-456.9
41.533	-207.2	239.8	130.8	-3.748	-422.4
41.567	-205.6	241.0	130.5	-17.30	-437.1
41.600	-202.2	243.8	129.7	-32.49	-453.0
41.633	-196.2	248.5	128.3	-48.05	-438.8
41.667	-188.2	254.6	126.5	-61.52	-378.9
41.700	-178.1	262.0	124.2	-73.44	-358.2
41.733	-165.8	269.7	121.6	-85.06	-344.2
41.767	-151.3	278.3	118.5	-96.65	-307.2
41.800	-134.6	286.9	115.1	-105.6	-260.3
41.833	-116.1	294.7	111.5	-113.7	-213.6
41.867	-95.55	301.9	107.6	-120.3	-194.3
41.900	-73.80	307.8	103.5	-126.1	-146.9
41.933	-50.35	312.2	99.16	-130.6	-94.73
41.967	-26.32	315.0	94.78	-132.1	-8.589
42.000	-1.976	315.5	90.36	-131.4	41.68
42.033	21.87	314.4	86.02	-129.0	94.29
42.067	45.12	311.5	81.76	-125.3	129.3
42.100	67.08	306.8	77.67	-120.2	165.1
42.133	87.74	301.0	73.75	-114.4	227.0
42.167	106.8	294.1	70.04	-105.4	289.2
42.200	123.5	287.2	66.73	-94.66	354.0
42.233	138.2	280.1	63.73	-82.29	374.7
42.267	150.1	273.5	61.24	-69.07	395.0
42.300	159.8	267.3	59.13	-56.39	422.6
42.333	167.3	262.4	57.48	-40.94	447.0
42.367	172.0	258.9	56.40	-26.09	457.3
42.400	174.8	256.7	55.75	-11.10	481.0
42.433	175.1	256.4	55.66	6.271	490.2
42.467	172.9	258.0	56.16	21.86	447.5
42.500	168.6	260.9	57.12	35.79	453.0
42.533	162.2	265.2	58.55	51.83	459.6
42.567	153.0	271.3	60.57	67.06	411.8
42.600	141.6	278.0	63.02	78.97	355.3
42.633	128.0	285.4	65.84	90.60	335.0
42.667	112.0	292.6	69.05	101.5	306.9
42.700	93.82	299.4	72.60	111.0	252.6
42.733	73.65	305.6	76.45	118.5	212.1
42.767	51.98	310.5	80.50	124.8	159.9
42.800	28.77	314.1	84.77	129.5	108.3
42.833	4.829	316.0	89.12	131.8	54.75
42.867	-19.57	315.5	93.55	133.2	2.308
42.900	-44.04	313.4	98.00	132.1	-66.25
42.933	-67.78	309.5	102.4	128.6	-141.8
42.967	-90.41	303.9	106.6	122.8	-188.8
43.000	-111.1	296.7	110.5	115.7	-224.9
43.033	-130.3	288.9	114.3	108.0	-267.3
43.067	-147.4	280.3	117.7	97.97	-320.1
43.100	-162.2	272.1	120.8	86.52	-348.7
43.133	-174.9	264.2	123.5	74.72	-386.4
43.167	-185.4	257.1	125.8	60.99	-421.0
43.200	-193.2	251.2	127.6	46.30	-434.5
43.233	-198.9	246.7	128.9	32.19	-447.2
43.267	-202.3	243.6	129.7	16.63	-475.9
43.300	-203.3	242.5	130.0	0.249	-468.8
43.333	-202.2	243.3	129.7	-14.70	-423.8
43.367	-199.2	246.0	129.0	-27.94	-406.1
43.400	-194.1	249.7	127.9	-41.52	-413.5
43.433	-187.0	255.1	126.2	-55.70	-401.2
43.467	-177.8	262.1	124.2	-68.36	-353.6
43.500	-166.5	269.8	121.7	-79.20	-339.5
43.533	-153.1	277.6	118.9	-90.68	-329.1
43.567	-137.2	285.8	115.6	-101.6	-300.1
43.600	-119.3	293.7	112.1	-110.4	-237.9
43.633	-99.33	300.7	108.3	-117.6	-186.8
43.667	-77.98	306.7	104.3	-122.8	-138.4
43.700	-55.47	311.4	100.1	-126.8	-87.86
43.733	-32.03	314.6	95.81	-128.8	-36.83
43.767	-8.356	315.7	91.52	-129.1	27.15
43.800	15.33	314.9	87.21	-127.3	78.46
43.833	38.15	312.3	83.04	-123.5	122.0
43.867	60.07	308.5	78.98	-119.2	154.8
43.900	80.73	303.2	75.09	-113.3	205.7
43.933	99.82	297.2	71.43	-105.5	267.7
43.967	117.0	290.4	68.06	-95.51	318.6
44.000	131.8	283.4	65.07	-84.08	362.9
44.033	144.3	276.7	62.46	-71.48	394.1
44.067	154.3	270.5	60.30	-57.67	407.6
44.100	161.9	265.4	58.61	-44.22	411.3
44.133	167.6	261.7	57.36	-30.44	457.7
44.167	171.1	259.3	56.59	-13.90	479.2
44.200	171.8	258.9	56.43	2.127	483.2
44.233	170.4	259.7	56.73	17.65	472.2
44.267	166.4	262.3	57.61	34.04	450.9
44.300	160.1	266.5	59.00	47.76	404.5
44.333	151.9	271.7	60.79	60.68	395.5
44.367	141.3	277.9	63.04	74.22	387.2
44.400	128.2	284.4	65.74	86.61	340.6
44.433	113.0	291.5	68.81	96.93	292.5
44.467	95.82	298.4	72.20	106.0	252.7
44.500	76.64	304.5	75.88	113.9	217.0
44.533	55.80	309.6	79.78	120.4	176.1
44.567	33.52	313.5	83.90	125.7	133.2
44.600	10.14	315.5	88.16	129.3	81.82
44.633	-13.84	315.7	92.51	131.1	0.927
44.667	-37.96	313.9	96.90	129.6	-75.11
44.700	-61.16	310.5	101.1	125.7	-131.1
44.733	-83.45	305.6	105.3	121.0	-166.1
44.767	-104.2	299.1	109.2	114.6	-212.5
44.800	-123.4	292.1	112.9	106.9	-227.7
44.833	-140.6	284.2	116.3	99.23	-281.4
44.867	-156.4	276.1	119.5	88.71	-340.9
44.900	-169.3	268.4	122.2	75.81	-374.4
44.933	-179.9	261.0	124.6	63.95	-367.6
44.967	-188.7	254.9	126.5	51.37	-419.0
45.000	-195.1	249.8	128.0	36.24	-469.4
45.033	-198.9	246.4	128.9	19.72	-488.6
45.067	-200.7	245.1	129.3	3.775	-462.0
45.100	-200.3	245.8	129.2	-11.21	-421.1
45.133	-197.5	247.8	128.6	-24.27	-417.4
45.167	-193.2	251.3	127.6	-38.59	-420.3
45.200	-186.3	256.5	126.0	-52.90	-400.5
45.233	-177.4	262.7	124.0	-64.96	-358.7
45.267	-166.4	269.8	121.7	-76.82	-341.6
45.300	-153.1	277.2	118.9	-87.82	-305.5
45.333	-138.0	285.4	115.8	-97.19	-269.8
45.367	-121.0	293.1	112.4	-105.7	-231.6
45.400	-102.1	300.3	108.8	-112.8	-192.0
45.433	-81.61	306.4	104.9	-118.3	-144.1
45.467	-59.83	311.2	100.9	-122.5	-116.2
45.500	-37.23	314.5	96.75	-125.9	-60.76
45.533	-13.76	315.8	92.49	-127.0	0.163
45.567	9.415	315.4	88.29	-125.5	61.50
45.600	32.22	313.4	84.13	-123.0	96.39
45.633	54.12	309.9	80.09	-119.0	132.4
45.667	74.87	304.9	76.20	-114.2	199.4
45.700	94.27	298.7	72.48	-106.1	273.0
45.733	111.3	292.0	69.13	-95.49	318.7
45.767	126.5	285.6	66.12	-84.97	319.1
45.800	139.3	278.9	63.47	-74.15	351.2
45.833	149.9	272.5	61.18	-61.84	383.7
45.867	158.5	267.5	59.35	-48.28	426.9
45.900	164.9	263.5	57.96	-33.65	452.7
45.933	168.8	261.0	57.11	-17.86	485.0
45.967	170.1	259.7	56.77	-1.504	483.9
46.000	169.1	260.4	57.01	14.66	454.2
46.033	165.8	262.7	57.75	28.75	427.5
46.067	160.5	266.3	58.92	42.86	427.5
46.100	152.9	271.4	60.60	57.48	420.6
46.133	142.9	277.4	62.75	70.92	391.1
46.167	130.4	284.0	65.33	83.47	344.7
46.200	115.5	290.5	68.32	94.08	304.4
46.233	98.97	297.5	71.60	103.5	284.9
46.267	80.15	303.5	75.21	113.2	240.1
46.300	59.24	308.8	79.14	119.9	180.6
46.333	37.30	312.7	83.20	124.6	112.9
46.367	14.06	315.1	87.45	127.9	48.30
46.400	-9.475	315.9	91.72	127.6	6.335
46.433	-32.79	314.6	95.95	127.9	-33.20
46.467	-56.29	311.5	100.2	126.1	-72.97
46.500	-78.51	306.7	104.4	122.3	-153.5
46.533	-99.99	300.7	108.4	116.7	-204.0
46.567	-119.4	293.6	112.1	108.1	-258.0
46.600	-136.9	285.7	115.6	99.64	-281.2
46.633	-152.5	277.7	118.8	89.47	-319.3
46.667	-165.7	269.8	121.6	78.23	-365.9
46.700	-176.9	262.5	124.0	65.31	-402.6
46.733	-185.7	256.4	125.9	51.10	-440.2
46.767	-192.3	251.6	127.4	36.19	-457.4
46.800	-196.3	248.3	128.3	20.44	-453.5
46.833	-198.1	246.8	128.8	5.867	-426.4
46.867	-197.9	246.8	128.7	-7.836	-412.4
46.900	-195.8	248.5	128.2	-21.62	-406.5
46.933	-191.7	251.9	127.3	-34.99	-404.3
46.967	-185.7	256.5	125.9	-48.43	-407.5
47.000	-177.4	262.5	124.1	-62.23	-375.8
47.033	-166.7	269.3	121.8	-73.76	-337.5
47.067	-154.4	276.9	119.1	-84.27	-295.9
47.100	-139.5	284.4	116.1	-93.91	-288.1
47.133	-123.3	292.1	112.9	-103.0	-236.2
47.167	-104.7	299.3	109.3	-110.3	-197.1
47.200	-84.90	305.6	105.5	-115.5	-136.3
47.233	-63.56	310.4	101.6	-119.8	-104.9
47.267	-41.56	313.8	97.54	-122.2	-71.41
47.300	-18.91	315.5	93.43	-124.6	-23.49
47.333	4.182	315.7	89.24	-124.2	25.40
47.367	26.61	314.0	85.16	-122.3	88.11
47.400	48.70	310.6	81.09	-118.9	153.4
47.433	69.40	306.3	77.23	-111.8	220.6
47.467	88.32	300.8	73.64	-104.1	243.6
47.500	105.4	294.4	70.30	-95.69	277.3
47.533	120.7	288.1	67.26	-85.61	317.1
47.567	134.0	282.0	64.59	-74.44	360.6
47.600	145.0	276.3	62.30	-61.76	389.5
47.633	153.6	271.3	60.48	-48.24	421.4
47.667	160.1	267.4	59.09	-33.92	431.1
47.700	164.0	264.7	58.22	-19.19	450.0
47.733	165.8	263.3	57.81	-4.222	453.6
47.767	165.3	263.8	57.94	11.28	461.0
47.800	162.3	265.4	58.56	26.38	433.9
47.833	157.1	268.7	59.69	40.40	413.0
47.867	149.8	273.1	61.25	53.65	398.8
47.900	140.4	278.7	63.27	67.10	389.5
47.933	128.4	284.6	65.72	79.63	350.0
47.967	114.2	291.1	68.58	90.49	306.4
48.000	98.15	297.7	71.75	99.95	262.9
48.033	79.99	303.5	75.24	108.1	231.5
48.067	60.23	308.7	78.96	115.2	182.1
48.100	38.84	312.5	82.92	120.5	125.6
48.133	16.57	315.0	86.99	123.4	67.87
48.167	-6.286	315.7	91.14	125.1	33.19
48.200	-29.32	314.8	95.32	125.6	-21.32
48.233	-52.26	312.0	99.51	123.9	-83.91
48.267	-74.26	307.5	103.6	119.8	-136.5
48.300	-95.16	302.0	107.5	114.8	-178.5
48.333	-114.6	295.1	111.2	108.0	-240.3
48.367	-132.4	288.1	114.7	98.73	-267.2
48.400	-147.9	280.4	117.8	89.82	-293.2
48.433	-161.8	272.8	120.7	79.80	-347.1
48.467	-173.2	265.4	123.1	66.41	-411.7
48.500	-182.2	259.2	125.1	52.25	-411.6
48.533	-188.9	254.3	126.6	38.86	-404.3
48.567	-193.8	250.8	127.7	25.54	-443.4
48.600	-196.4	248.6	128.3	9.489	-471.3
48.633	-196.3	248.4	128.3	-6.451	-443.3
48.667	-194.4	249.9	127.9	-19.82	-394.8
48.700	-190.4	252.6	127.0	-32.70	-371.4
48.733	-184.5	256.9	125.7	-44.70	-382.8
48.767	-177.1	262.3	124.0	-57.80	-386.7
48.800	-167.1	269.0	121.8	-71.01	-352.2
48.833	-155.1	276.6	119.3	-81.18	-300.3
48.867	-141.2	283.9	116.4	-90.78	-285.7
48.900	-125.0	291.2	113.2	-100.4	-255.3
48.933	-107.1	298.4	109.7	-107.9	-196.7
48.967	-87.65	304.7	106.0	-113.4	-161.4
49.000	-66.89	309.6	102.2	-118.5	-133.9
49.033	-44.85	313.2	98.15	-122.5	-90.31
49.067	-22.20	315.5	94.03	-124.4	-35.18
49.100	0.783	315.9	89.86	-124.9	19.69
49.133	23.62	314.3	85.70	-123.2	89.19
49.167	45.74	311.5	81.65	-118.9	135.7
49.200	66.58	307.3	77.78	-113.9	193.2
49.233	86.25	301.9	74.06	-106.5	223.8
49.267	103.6	295.6	70.68	-98.31	264.8
49.300	119.7	288.9	67.50	-89.55	323.8
49.333	133.3	282.2	64.71	-76.61	393.9
49.367	144.5	276.3	62.40	-62.94	399.9
49.400	153.3	271.1	60.52	-50.09	384.4
49.433	160.0	266.9	59.06	-37.30	399.0
49.467	164.5	263.6	58.03	-23.66	447.1
49.500	167.1	262.1	57.49	-7.575	480.4
49.533	167.0	262.4	57.52	8.738	465.4
49.567	164.6	264.1	58.07	23.33	441.6
49.600	160.2	267.5	59.08	38.01	422.7
49.633	153.1	271.7	60.60	51.79	401.5
49.667	143.9	276.8	62.53	64.51	394.8
49.700	132.5	282.8	64.90	78.09	384.1
49.733	118.4	289.3	67.73	90.41	335.1
49.767	102.3	296.0	70.92	100.3	269.5
49.800	84.20	301.9	74.42	108.4	232.7
49.833	64.46	307.2	78.15	115.6	190.6
49.867	43.13	311.7	82.12	121.3	129.3
49.900	20.69	314.4	86.23	124.2	69.64
49.933	-2.202	315.7	90.40	125.8	31.65
49.967	-25.45	315.1	94.62	126.5	9.025
50.000	-48.57	312.8	98.83	126.2	-62.60
50.033	-71.41	308.6	103.0	122.8	-126.5
50.067	-92.68	303.0	107.0	117.2	-178.3
50.100	-112.7	296.0	110.8	111.3	-220.5
50.133	-131.2	288.9	114.4	102.5	-276.5
50.167	-147.2	280.7	117.7	92.61	-316.7
50.200	-161.2	272.7	120.6	81.63	-339.9
50.233	-172.9	265.2	123.1	69.68	-369.4
50.267	-182.8	258.7	125.2	57.22	-416.4
50.300	-190.3	253.3	126.9	42.04	-442.0
50.333	-195.2	249.5	128.0	27.22	-437.1
50.367	-198.1	247.0	128.7	13.37	-440.6
50.400	-198.8	246.1	128.9	-2.222	-442.9
50.433	-197.5	247.6	128.6	-16.50	-437.1
50.467	-194.4	250.3	127.8	-30.81	-409.9
50.500	-188.6	254.6	126.5	-44.47	-398.6
50.533	-181.2	260.1	124.9	-56.82	-352.2
50.567	-171.5	266.7	122.7	-68.40	-351.6
50.600	-160.1	273.9	120.3	-79.70	-339.9
50.633	-146.0	281.3	117.4	-91.50	-313.3
50.667	-130.1	289.2	114.2	-100.6	-266.1
50.700	-112.3	296.6	110.7	-108.9	-223.7
50.733	-92.43	303.3	107.0	-115.9	-175.5
50.767	-71.36	308.9	103.0	-120.4	-112.4
50.800	-49.11	312.6	98.93	-123.5	-68.19
50.833	-26.36	315.1	94.78	-124.9	-21.20
50.867	-3.341	316.0	90.61	-124.9	40.67
50.900	19.48	314.7	86.46	-122.3	86.47
50.933	41.32	311.9	82.45	-118.8	123.6
50.967	62.37	307.7	78.54	-114.4	150.9
51.000	82.02	302.5	74.83	-108.5	223.5
51.033	100.3	296.4	71.31	-99.92	274.3
51.067	116.2	290.1	68.17	-89.70	312.9
51.100	130.3	283.7	65.34	-79.35	329.1
51.133	142.0	277.3	62.88	-67.64	362.2
51.167	151.7	271.8	60.83	-55.24	416.5
51.200	159.2	267.1	59.20	-40.16	455.4
51.233	164.1	264.2	58.15	-24.35	442.8
51.267	166.7	262.5	57.58	-10.76	446.7
51.300	167.4	262.1	57.44	4.920	461.1
51.333	165.3	263.6	57.91	20.75	454.6
51.367	161.1	266.2	58.82	34.72	397.4
51.400	154.7	270.4	60.22	47.61	386.5
51.433	146.5	275.4	61.99	60.01	392.3
51.467	135.9	281.4	64.22	73.94	378.8
51.500	122.7	287.9	66.92	85.60	333.9
51.533	107.5	294.2	69.92	95.72	310.6
51.567	90.25	300.7	73.30	106.5	270.1
51.600	70.61	306.3	77.02	114.1	205.9
51.633	49.80	310.9	80.90	119.7	146.9
51.667	27.50	313.9	84.99	124.2	101.8
51.700	4.509	315.4	89.18	126.3	59.73
51.733	-18.79	315.4	93.41	128.1	2.123
51.767	-42.47	313.5	97.71	127.0	-55.41
51.800	-65.12	309.7	101.9	123.7	-127.3
51.833	-87.12	304.6	106.0	119.0	-166.8
51.867	-107.4	298.2	109.8	112.2	-207.7
51.900	-126.1	290.8	113.4	105.3	-236.5
51.933	-143.0	282.8	116.8	96.57	-293.0
51.967	-157.7	274.6	119.9	85.69	-361.2
52.000	-170.4	267.1	122.5	72.62	-391.8
52.033	-180.4	260.5	124.7	59.21	-399.6
52.067	-188.2	254.6	126.5	46.24	-411.7
52.100	-193.9	250.0	127.8	31.79	-428.1
52.133	-197.6	247.5	128.6	17.47	-456.3
52.167	-199.2	246.4	129.0	1.832	-464.7
52.200	-198.2	247.2	128.7	-14.10	-447.9
52.233	-195.2	249.6	128.0	-27.77	-393.9
52.267	-190.1	253.5	126.9	-40.41	-383.3
52.300	-183.3	258.6	125.3	-53.10	-369.9
52.333	-174.1	264.7	123.3	-65.34	-358.8
52.367	-163.1	271.7	121.0	-76.76	-341.3
52.400	-149.8	279.1	118.2	-88.22	-326.1
52.433	-134.5	287.2	115.1	-98.56	-267.1
52.467	-117.0	294.9	111.6	-106.2	-224.7
52.500	-98.03	301.4	108.0	-113.1	-191.1
52.533	-77.27	307.3	104.1	-119.4	-158.4
52.567	-55.32	311.8	100.1	-123.4	-99.73
52.600	-32.45	314.6	95.89	-126.1	-50.80
52.633	-9.149	315.8	91.66	-126.8	16.86
52.667	14.10	315.0	87.44	-125.1	56.34
52.700	36.62	313.0	83.33	-122.7	92.81
52.733	58.57	308.9	79.26	-119.3	156.3
52.767	79.21	303.6	75.38	-112.2	218.1
52.800	97.92	297.5	71.78	-104.4	258.9
52.833	115.0	290.9	68.42	-95.39	295.3
52.867	129.7	283.7	65.43	-84.42	363.7
52.900	142.5	277.2	62.80	-71.44	371.1
52.933	152.5	271.5	60.67	-59.01	385.6
52.967	160.9	266.3	58.86	-46.51	407.8
53.000	166.8	262.5	57.57	-31.44	479.6
53.033	170.4	260.1	56.77	-14.80	485.7
53.067	171.3	259.6	56.58	1.462	466.3
53.100	169.9	260.3	56.87	15.94	449.3
53.133	166.5	262.8	57.64	31.35	448.5
53.167	160.4	266.5	58.95	46.10	427.5
53.200	152.2	271.5	60.71	59.63	388.7
53.233	141.9	277.6	62.93	72.18	383.7
53.267	129.4	284.2	65.52	84.88	359.4
53.300	114.3	291.3	68.58	96.61	320.2
53.333	97.09	298.1	71.96	105.9	257.8
53.367	77.93	304.5	75.64	113.9	217.5
53.400	57.08	309.6	79.55	120.3	179.5
53.433	34.79	313.3	83.66	125.9	138.3
53.467	11.34	315.6	87.94	129.7	77.56
53.500	-12.71	315.9	92.30	131.0	4.444
53.533	-36.75	314.1	96.67	130.0	-63.96
53.567	-60.28	311.1	101.0	126.7	-102.8
53.600	-82.74	306.3	105.1	122.9	-140.3
53.633	-104.1	299.7	109.2	117.7	-197.0
53.667	-123.7	292.0	113.0	109.7	-261.5
53.700	-141.5	284.2	116.5	100.2	-289.0
53.733	-157.0	275.8	119.6	90.36	-321.3
53.767	-170.3	267.4	122.5	79.01	-366.0
53.800	-181.4	259.9	124.9	65.81	-405.7
53.833	-189.9	253.2	126.9	51.96	-418.9
53.867	-196.6	248.3	128.4	37.86	-442.6
53.900	-201.2	244.9	129.4	22.62	-459.5
53.933	-203.0	243.0	129.9	6.980	-455.8
53.967	-202.8	242.9	129.9	-7.687	-450.7
54.000	-200.7	244.7	129.4	-22.90	-464.8
54.033	-196.4	248.3	128.3	-38.79	-424.2
54.067	-189.6	253.6	126.8	-51.58	-394.9
54.100	-181.3	259.9	124.9	-64.28	-383.1
54.133	-170.2	267.1	122.5	-77.81	-368.5
54.167	-157.2	275.4	119.7	-88.64	-297.6
54.200	-141.9	283.4	116.6	-97.71	-266.0
54.233	-125.0	291.5	113.2	-106.1	-249.8
54.267	-105.9	298.9	109.5	-114.5	-224.0
54.300	-85.04	305.1	105.6	-121.2	-167.1
54.333	-62.85	310.5	101.4	-125.6	-102.8
54.367	-39.67	314.0	97.20	-128.0	-62.07
54.400	-16.07	315.9	92.91	-129.6	-23.25
54.433	7.897	315.4	88.57	-129.8	20.57
54.467	31.52	313.7	84.26	-128.1	111.2
54.500	54.45	309.8	80.03	-122.8	170.6
54.533	75.49	304.6	76.08	-116.0	202.1
54.567	95.22	298.4	72.30	-109.7	227.2
54.600	113.2	291.5	68.77	-100.9	292.5
54.633	129.0	284.2	65.58	-90.11	326.2
54.667	142.7	277.3	62.77	-79.01	365.4
54.700	154.3	270.6	60.31	-66.11	408.1
54.733	163.1	264.8	58.36	-51.46	446.1
54.767	169.6	260.1	56.88	-36.53	468.6
54.800	174.1	257.4	55.93	-20.25	486.9
54.833	175.8	256.1	55.54	-3.894	490.2
54.867	175.4	256.8	55.67	12.27	476.1
54.900	172.1	258.6	56.35	28.01	460.6
54.933	166.9	262.3	57.53	42.85	447.5
54.967	159.4	267.5	59.21	57.80	431.6
55.000	149.3	273.7	61.39	71.79	387.5
55.033	136.8	280.5	63.99	83.62	360.6
55.067	122.4	287.8	66.96	95.52	340.2
55.100	105.2	294.9	70.36	106.7	298.8
55.133	86.06	301.5	74.07	115.3	241.7
55.167	65.12	307.4	78.04	122.8	203.4
55.200	42.48	312.1	82.25	128.9	131.6
55.233	18.57	315.3	86.63	131.7	88.15
55.267	-5.659	316.3	91.03	134.2	30.06
55.300	-30.73	315.1	95.57	134.6	-26.42
55.333	-55.02	312.2	99.99	131.7	-93.31
55.367	-78.63	307.4	104.3	128.6	-127.3
55.400	-101.1	300.9	108.6	123.3	-188.9
55.433	-121.7	292.8	112.6	116.0	-253.3
55.467	-140.5	284.3	116.3	106.5	-292.0
55.500	-156.9	275.5	119.7	96.20	-327.4
55.533	-171.2	266.7	122.7	84.96	-358.6
55.567	-183.1	258.4	125.3	72.12	-405.1
55.600	-192.8	251.1	127.5	58.11	-443.2
55.633	-200.2	245.5	129.2	42.52	-460.7
55.667	-205.0	241.4	130.3	27.22	-457.1
55.700	-207.7	238.9	131.0	12.25	-479.1
55.733	-208.3	238.3	131.2	-4.581	-470.2
55.767	-206.4	239.9	130.7	-19.72	-421.2
55.800	-202.6	242.8	129.8	-32.16	-411.2
55.833	-197.2	247.4	128.6	-46.90	-439.4
55.867	-189.3	253.7	126.7	-61.95	-413.2
55.900	-179.0	261.1	124.4	-74.34	-362.1
55.933	-166.8	269.5	121.8	-85.90	-346.0
55.967	-152.3	278.2	118.7	-97.46	-311.7
56.000	-135.5	287.0	115.3	-106.9	-246.9
56.033	-116.6	294.7	111.6	-113.8	-225.3
56.067	-96.29	301.9	107.7	-121.6	-203.7
56.100	-73.78	307.8	103.5	-128.0	-162.9
56.133	-50.35	312.3	99.16	-131.9	-71.87
56.167	-25.84	315.1	94.69	-133.3	-9.401
56.200	-1.503	315.9	90.27	-132.0	25.83
56.233	22.60	314.4	85.89	-131.6	45.41
56.267	46.51	311.3	81.50	-129.4	132.3
56.300	69.30	306.7	77.27	-122.8	210.7
56.333	90.04	300.5	73.32	-114.9	242.2
56.367	109.1	293.5	69.61	-106.9	271.4
56.400	126.1	285.9	66.20	-96.82	324.3
56.433	140.7	278.1	63.16	-85.23	372.5
56.467	153.4	271.2	60.52	-72.11	403.8
56.500	163.2	264.8	58.35	-58.13	425.1
56.533	170.7	259.4	56.64	-43.90	454.8
56.567	176.2	255.6	55.43	-27.92	479.8
56.600	178.9	253.5	54.78	-11.62	513.2
56.633	179.5	253.1	54.65	5.856	494.5
56.667	177.3	254.8	55.17	22.10	469.2
56.700	173.0	257.6	56.13	36.46	446.8
56.733	166.5	262.3	57.60	52.09	464.3
56.767	157.4	268.3	59.60	67.40	407.8
56.800	145.9	275.4	62.09	79.66	374.9
56.833	132.4	282.8	64.90	91.63	346.9
56.867	116.1	290.3	68.20	103.5	323.7
56.900	97.87	297.7	71.80	112.8	284.3
56.933	77.47	304.3	75.72	122.4	230.9
56.967	54.85	309.8	79.96	128.8	175.0
57.000	31.32	313.6	84.30	133.3	116.1
57.033	6.363	315.5	88.84	137.1	65.69
57.067	-18.93	315.5	93.43	137.4	-14.48
57.100	-44.08	313.5	98.00	136.1	-54.84
57.133	-68.59	309.3	102.5	133.7	-111.0
57.167	-92.27	303.4	106.9	129.0	-173.5
57.200	-114.2	295.9	111.1	121.9	-233.5
57.233	-134.2	287.2	115.0	113.5	-266.7
57.267	-152.1	278.2	118.7	104.0	-305.1
57.300	-167.9	269.0	122.0	93.34	-348.1
57.333	-181.4	260.2	124.9	80.79	-385.7
57.367	-192.3	252.0	127.4	67.51	-416.3
57.400	-200.8	244.6	129.4	53.22	-456.3
57.433	-207.2	239.3	130.9	37.05	-489.8
57.467	-211.2	235.7	131.9	20.42	-490.9
57.500	-212.7	234.0	132.3	4.345	-490.6
57.533	-212.5	234.8	132.1	-12.14	-481.1
57.567	-209.4	237.1	131.5	-27.99	-434.5
57.600	-204.6	241.5	130.3	-41.11	-418.4
57.633	-198.1	247.2	128.7	-55.31	-415.0
57.667	-188.9	254.5	126.6	-69.50	-396.7
57.700	-177.7	262.6	124.1	-81.35	-373.6
57.733	-164.2	271.4	121.2	-94.28	-348.5
57.767	-147.9	280.6	117.8	-105.1	-302.1
57.800	-129.8	289.4	114.2	-113.9	-241.3
57.833	-109.5	297.6	110.2	-121.6	-223.5
57.867	-87.72	304.7	106.1	-128.4	-190.6
57.900	-63.99	310.2	101.7	-134.6	-132.7
57.933	-39.07	314.2	97.09	-137.3	-38.33
57.967	-13.83	316.0	92.51	-137.0	19.92
58.000	11.25	315.7	87.96	-135.9	60.13
58.033	35.96	313.3	83.45	-133.2	94.57
58.067	59.61	309.1	79.08	-129.3	163.2
58.100	82.22	303.4	74.83	-122.8	212.1
58.133	102.6	296.3	70.90	-114.6	268.5
58.167	121.3	288.6	67.20	-105.4	322.0
58.200	137.5	280.3	63.88	-92.97	364.3
58.233	151.0	272.5	61.00	-80.79	369.5
58.267	162.5	265.2	58.49	-68.68	414.2
58.300	172.0	259.1	56.43	-53.31	457.0
58.333	178.5	254.4	54.94	-37.67	492.9
58.367	183.0	251.2	53.92	-21.11	496.6
58.400	184.7	249.9	53.54	-3.892	518.9
58.433	184.1	250.2	53.66	12.93	497.8
58.467	180.9	252.7	54.40	29.75	506.3
58.500	175.5	256.6	55.64	46.24	474.1
58.533	167.2	262.2	57.48	61.84	438.6
58.567	156.9	269.1	59.76	75.16	394.2
58.600	144.3	277.0	62.49	88.14	372.3
58.633	128.9	284.6	65.64	100.1	357.3
58.667	111.4	292.6	69.15	111.7	320.5
58.700	91.24	300.0	73.08	121.8	258.8
58.733	69.19	306.3	77.27	128.8	182.9
58.767	45.63	311.5	81.66	134.0	142.5
58.800	20.90	314.7	86.20	138.2	106.5
58.833	-4.811	315.8	90.87	141.2	52.47
58.867	-30.93	314.7	95.61	141.8	-21.78
58.900	-56.68	311.3	100.3	139.7	-94.98
58.933	-81.60	306.2	104.9	135.4	-162.3
58.967	-105.1	299.3	109.3	128.9	-202.4
59.000	-126.6	291.0	113.5	121.7	-247.3
59.033	-146.4	281.7	117.5	112.8	-293.4
59.067	-163.5	271.8	121.0	101.8	-340.1
59.100	-178.2	261.9	124.2	90.27	-364.6
59.133	-190.6	252.5	127.0	77.48	-407.3
59.167	-200.9	244.6	129.4	63.21	-439.6
59.200	-208.7	237.9	131.3	48.03	-483.0
59.233	-214.1	232.8	132.6	31.27	-508.3
59.267	-216.9	229.9	133.3	13.79	-522.4
59.300	-217.6	229.1	133.5	-3.325	-524.1
59.333	-216.3	231.0	133.1	-21.19	-492.0
59.367	-212.3	234.9	132.1	-36.52	-441.5
59.400	-206.2	239.9	130.7	-50.09	-411.2
59.433	-198.1	246.6	128.8	-64.13	-413.8
59.467	-187.8	254.7	126.4	-77.62	-404.5
59.500	-175.2	263.7	123.6	-91.06	-386.6
59.533	-160.0	273.3	120.3	-103.5	-344.6
59.567	-142.4	283.1	116.7	-114.0	-274.3
59.600	-122.6	292.4	112.7	-121.9	-230.4
59.633	-101.0	300.7	108.6	-129.0	-202.0
59.667	-77.45	307.3	104.1	-135.7	-162.2
59.700	-52.49	312.4	99.54	-139.8	-75.91
59.733	-26.63	315.3	94.83	-140.8	-13.28
59.767	-0.834	316.1	90.15	-140.4	15.06
59.800	24.91	314.7	85.47	-139.9	66.70
59.833	50.20	310.8	80.83	-136.3	133.0
59.867	73.90	305.3	76.39	-130.6	200.5
59.900	96.25	298.4	72.13	-123.3	250.6
59.933	116.3	290.5	68.17	-113.6	296.0
59.967	134.1	281.9	64.56	-103.6	321.8
60.000	149.6	273.0	61.27	-92.34	385.7
60.033	163.1	265.1	58.40	-77.93	442.5
60.067	173.5	258.0	56.08	-62.47	473.7
60.100	181.2	251.6	54.24	-46.64	480.9
60.133	186.5	247.2	52.97	-30.20	494.6
60.167	189.8	245.0	52.23	-13.82	505.0
60.200	190.5	244.3	52.05	3.453	517.4
60.233	189.0	246.0	52.46	20.78	520.5
60.267	184.7	249.1	53.43	38.03	508.0
60.300	178.3	254.5	54.99	54.80	486.2
60.333	169.0	261.0	57.08	70.38	451.0
60.367	157.4	269.1	59.68	84.89	402.3
60.400	143.0	277.6	62.74	97.29	377.8
60.433	126.4	286.1	66.17	109.7	329.3
60.467	107.0	294.7	70.05	119.9	282.6
60.500	85.69	302.0	74.16	127.8	239.2
60.533	62.32	308.2	78.57	136.2	208.0
60.567	37.14	312.9	83.23	141.8	128.7
60.600	10.90	315.3	88.02	144.6	62.84
60.633	-15.80	315.7	92.87	145.9	7.705
60.667	-42.62	313.4	97.75	145.3	-56.38
60.700	-68.81	309.2	102.5	142.1	-127.8
60.733	-93.87	303.0	107.2	136.8	-189.4
60.767	-117.2	295.0	111.7	129.4	-237.3
60.800	-138.4	285.8	115.8	120.9	-276.0
60.833	-157.2	275.4	119.7	111.1	-317.6
60.867	-173.7	265.0	123.2	99.68	-367.3
60.900	-188.0	255.3	126.4	86.67	-404.1
60.933	-199.5	246.2	129.0	72.68	-448.9
60.967	-208.9	238.5	131.2	56.96	-495.2
61.000	-215.4	232.5	132.8	39.49	-521.7
61.033	-219.2	228.3	133.8	22.12	-515.7
61.067	-221.1	226.6	134.3	5.156	-486.6
61.100	-220.5	226.9	134.2	-10.47	-494.9
61.133	-218.2	229.2	133.6	-27.30	-488.6
61.167	-213.4	234.0	132.4	-43.78	-467.3
61.200	-206.2	239.9	130.7	-57.97	-431.9
61.233	-196.9	247.5	128.5	-72.63	-433.0
61.267	-185.4	256.7	125.8	-86.86	-400.0
61.300	-171.1	266.4	122.7	-99.40	-347.3
61.333	-154.6	276.5	119.2	-109.9	-299.9
61.367	-135.9	286.4	115.4	-119.4	-281.3
61.400	-115.0	295.5	111.3	-128.6	-229.9
61.433	-91.68	303.3	106.8	-135.1	-178.4
61.467	-67.24	309.6	102.3	-139.9	-133.2
61.500	-41.26	313.7	97.49	-144.4	-75.95
61.533	-14.52	315.7	92.63	-145.1	5.197
61.567	11.97	315.2	87.83	-143.7	53.25
61.600	38.08	312.8	83.06	-141.7	98.56
61.633	63.25	307.7	78.39	-137.2	160.3
61.667	86.85	301.2	73.91	-130.8	215.8
61.700	108.8	293.6	69.67	-122.9	286.2
61.733	128.5	284.8	65.72	-111.9	340.2
61.767	145.2	275.6	62.21	-99.82	363.5
61.800	159.8	266.6	59.07	-87.96	403.4
61.833	172.0	258.4	56.35	-73.09	477.2
61.867	181.4	251.5	54.20	-55.89	501.4
61.900	188.0	246.1	52.63	-39.50	485.1
61.933	192.5	242.6	51.57	-23.78	493.2
61.967	194.8	240.9	51.04	-6.708	550.6
62.000	194.4	241.0	51.12	12.84	552.8
62.033	191.3	243.9	51.90	30.79	511.1
62.067	185.8	248.1	53.17	46.36	473.9
62.100	178.2	254.4	54.99	62.49	452.5
62.133	167.9	261.8	57.34	76.73	436.6
62.167	155.2	270.0	60.10	91.08	409.2
62.200	139.6	278.8	63.40	104.7	386.1
62.233	121.7	287.7	67.07	116.3	343.0
62.267	101.2	296.5	71.16	127.8	300.1
62.300	78.14	304.0	75.59	136.4	226.7
62.333	53.33	310.3	80.25	142.7	148.9
62.367	26.98	314.4	85.10	146.5	88.71
62.400	-6.240E-2	316.1	90.01	148.4	47.02
62.433	-27.50	315.4	94.98	149.7	-14.18
62.467	-54.95	312.1	99.99	147.8	-91.02
62.500	-81.23	306.8	104.8	143.2	-152.7
62.533	-106.0	298.9	109.5	137.7	-200.9
62.567	-129.0	289.5	114.0	129.9	-256.2
62.600	-149.7	279.4	118.2	120.5	-305.8
62.633	-168.2	268.8	122.0	109.7	-355.3
62.667	-183.9	257.9	125.5	96.72	-410.3
62.700	-197.0	247.8	128.5	82.31	-455.0
62.733	-207.5	238.8	131.0	66.44	-482.5
62.767	-215.1	231.4	132.9	50.01	-506.3
62.800	-220.7	226.1	134.3	32.87	-520.2
62.833	-224.0	223.2	135.1	15.14	-524.7
62.867	-224.9	222.5	135.3	-2.065	-491.5
62.900	-223.6	223.9	135.0	-17.78	-492.0
62.933	-220.4	227.2	134.1	-34.34	-472.1
62.967	-214.6	232.8	132.7	-50.00	-458.3
63.000	-207.0	239.8	130.8	-64.22	-440.3
63.033	-196.7	248.2	128.4	-79.65	-441.3
63.067	-184.1	258.2	125.5	-93.69	-390.5
63.100	-168.9	268.6	122.2	-105.7	-340.2
63.133	-151.2	279.0	118.5	-116.3	-301.6
63.167	-131.0	288.7	114.4	-125.8	-267.9
63.200	-108.7	297.6	110.1	-134.1	-217.0
63.233	-84.51	305.3	105.5	-140.4	-155.3
63.267	-58.89	311.3	100.7	-144.4	-107.5
63.300	-32.26	314.9	95.85	-147.4	-56.47
63.333	-4.894	315.7	90.89	-148.4	17.31
63.367	22.21	314.4	85.96	-146.2	86.46
63.400	48.45	311.1	81.15	-142.5	119.0
63.433	73.57	305.6	76.46	-138.3	188.5
63.467	97.27	298.2	71.93	-130.3	261.4
63.500	118.4	289.8	67.78	-120.2	311.3
63.533	137.2	280.2	63.92	-109.9	323.6
63.567	153.6	270.9	60.45	-98.47	379.0
63.600	167.6	261.7	57.36	-84.99	452.2
63.633	179.0	253.6	54.79	-68.20	506.9
63.667	187.4	247.0	52.81	-50.93	516.8
63.700	193.0	241.7	51.39	-33.94	530.4
63.733	196.4	238.7	50.55	-15.65	543.1
63.767	197.0	237.7	50.35	2.507	533.3
63.800	195.6	239.1	50.72	19.74	508.9
63.833	192.0	242.8	51.67	36.51	497.9
63.867	185.7	247.8	53.15	52.84	497.0
63.900	177.1	254.7	55.19	69.60	475.1
63.933	165.5	262.8	57.79	84.81	438.5
63.967	151.6	271.7	60.84	98.50	409.8
64.000	135.0	281.2	64.35	112.2	376.8
64.033	115.6	290.7	68.31	123.8	314.2
64.067	93.71	299.1	72.60	133.0	250.6
64.100	69.78	306.6	77.18	140.6	200.0
64.133	43.99	311.8	81.97	146.3	140.7
64.167	16.91	314.9	86.93	150.0	89.46
64.200	-10.82	315.5	91.96	152.1	11.25
64.233	-38.90	313.9	97.06	151.1	-72.33
64.267	-65.99	309.6	102.0	146.9	-136.7
64.300	-91.86	303.2	106.9	142.0	-183.2
64.333	-116.2	295.1	111.5	134.9	-231.8
64.367	-138.3	285.6	115.8	126.3	-272.4
64.400	-158.1	274.8	119.9	116.9	-323.8
64.433	-175.5	263.8	123.6	104.8	-387.5
64.467	-190.0	253.1	126.9	90.87	-416.4
64.500	-202.2	243.6	129.7	77.03	-427.7
64.533	-211.8	234.9	132.0	62.53	-478.2
64.567	-219.0	227.9	133.9	45.30	-532.6
64.600	-223.6	223.2	135.0	26.69	-561.5
64.633	-226.1	221.2	135.6	8.037	-536.2
64.667	-226.0	221.4	135.6	-9.377	-487.2
64.700	-223.9	223.8	135.0	-24.28	-461.7
64.733	-219.7	227.8	134.0	-39.84	-480.7
64.767	-213.3	234.0	132.4	-56.54	-483.2
64.800	-204.3	241.7	130.2	-72.13	-446.3
64.833	-192.9	250.9	127.6	-86.24	-407.2
64.867	-179.1	261.1	124.5	-99.24	-372.7
64.900	-163.0	271.9	120.9	-111.1	-339.5
64.933	-144.1	282.2	117.0	-121.8	-282.6
64.967	-123.0	292.3	112.8	-130.2	-231.5
65.000	-99.99	301.0	108.4	-136.9	-189.8
65.033	-75.00	307.8	103.7	-143.0	-140.9
65.067	-48.65	312.6	98.85	-146.4	-84.91
65.100	-21.72	315.4	93.94	-148.4	-37.90
65.133	5.750	315.7	88.96	-149.2	30.94
65.167	32.95	313.4	84.00	-146.4	101.9
65.200	58.94	309.0	79.20	-142.1	153.5
65.233	83.64	302.3	74.53	-136.4	200.4
65.267	106.6	294.6	70.11	-128.6	288.9
65.300	127.3	285.5	65.97	-117.4	344.9
65.333	145.1	276.1	62.28	-105.1	360.7
65.367	160.5	266.8	58.97	-93.63	385.3
65.400	173.6	257.7	56.04	-79.67	452.9
65.433	183.9	250.0	53.66	-63.16	525.5
65.467	191.4	243.6	51.83	-44.84	537.6
65.500	196.0	239.2	50.67	-26.84	538.3
65.533	198.7	237.1	50.04	-9.412	530.9
65.567	198.9	237.4	50.04	8.800	532.1
65.600	196.6	239.6	50.63	26.04	517.1
65.633	191.9	243.7	51.78	43.15	513.0
65.667	184.6	249.6	53.51	60.30	508.5
65.700	174.8	257.1	55.80	77.02	483.9
65.733	162.2	266.2	58.64	92.66	429.9
65.767	146.7	275.6	61.97	105.8	377.3
65.800	128.8	285.0	65.69	117.5	348.9
65.833	108.3	294.4	69.80	129.1	303.1
65.867	85.10	302.5	74.29	138.0	231.9
65.900	60.08	309.0	79.00	144.3	177.9
65.933	33.46	313.3	83.90	149.9	102.0
65.967	5.604	315.8	88.98	151.5	32.01
66.000	-22.06	315.4	94.00	151.3	-23.46
66.033	-49.87	312.6	99.06	150.5	-50.07
66.067	-76.79	307.3	104.0	147.6	-133.3
66.100	-102.7	300.0	108.9	142.0	-215.4
66.133	-126.4	290.8	113.5	132.9	-269.7
66.167	-147.6	280.4	117.8	123.9	-302.1
66.200	-166.8	269.5	121.7	113.2	-351.8
66.233	-183.3	258.8	125.3	100.1	-407.4
66.267	-196.7	248.1	128.4	86.12	-440.6
66.300	-208.0	238.9	131.0	70.79	-474.6
66.333	-216.4	231.0	133.1	54.46	-505.0
66.367	-222.1	224.6	134.7	37.17	-517.1
66.400	-225.7	221.0	135.6	19.83	-543.7
66.433	-227.2	219.5	136.0	1.279	-530.6
66.467	-226.0	220.6	135.7	-16.19	-506.5
66.500	-223.1	223.7	134.9	-31.91	-471.2
66.533	-217.8	228.9	133.6	-47.87	-478.5
66.567	-210.5	236.0	131.7	-63.59	-465.7
66.600	-200.3	244.4	129.3	-79.10	-440.8
66.633	-188.0	254.5	126.5	-92.96	-399.2
66.667	-173.2	265.2	123.1	-105.6	-339.2
66.700	-155.7	276.1	119.4	-115.8	-299.3
66.733	-136.2	286.6	115.4	-125.1	-265.6
66.767	-114.1	295.9	111.1	-133.9	-229.3
66.800	-89.97	303.8	106.5	-140.3	-179.9
66.833	-64.35	309.9	101.7	-145.8	-129.7
66.867	-37.33	314.0	96.78	-149.2	-59.08
66.900	-9.843	315.5	91.79	-149.6	8.265
66.933	17.53	314.8	86.81	-148.6	67.32
66.967	44.42	311.5	81.88	-145.3	132.4
67.000	69.97	306.3	77.13	-139.6	183.8
67.033	93.87	299.2	72.58	-133.0	222.8
67.067	115.9	290.8	68.27	-124.8	281.8
67.100	135.6	281.3	64.26	-114.2	346.5
67.133	152.8	271.8	60.65	-101.7	409.3
67.167	167.2	262.3	57.49	-87.05	441.8
67.200	178.8	254.0	54.85	-71.93	475.8
67.233	187.9	246.6	52.69	-55.76	518.9
67.267	194.3	241.1	51.14	-37.13	542.6
67.300	198.1	237.9	50.22	-19.36	545.4
67.333	199.5	236.4	49.85	-1.207	549.0
67.367	198.1	237.3	50.14	17.61	525.9
67.400	194.7	240.6	51.02	33.91	505.0
67.433	189.1	245.6	52.40	50.76	494.1
67.467	180.6	252.3	54.40	67.44	484.8
67.500	169.9	260.5	56.89	82.64	460.7
67.533	156.3	269.7	59.91	98.29	420.2
67.567	139.5	279.1	63.44	111.0	359.2
67.600	120.8	288.8	67.31	121.7	337.2
67.633	99.22	297.5	71.55	133.5	298.0
67.667	74.95	305.2	76.20	142.1	211.1
67.700	49.15	311.2	81.03	147.1	131.2
67.733	21.97	314.8	86.01	151.0	81.52
67.767	-5.995	315.9	91.09	152.6	12.26
67.800	-34.02	314.3	96.18	151.8	-39.24
67.833	-61.51	310.6	101.2	149.8	-108.6
67.867	-88.23	304.5	106.2	144.9	-171.8
67.900	-112.9	296.4	110.9	137.8	-223.3
67.933	-135.8	286.6	115.3	130.3	-271.4
67.967	-156.4	276.0	119.5	119.9	-338.8
68.000	-174.0	264.6	123.3	107.5	-376.1
68.033	-189.3	253.9	126.7	94.82	-412.1
68.067	-201.8	243.5	129.7	80.24	-452.3
68.100	-212.0	234.9	132.1	64.39	-497.6
68.133	-219.4	227.6	133.9	47.37	-523.7
68.167	-224.1	222.5	135.2	29.20	-531.1
68.200	-226.7	219.8	135.9	11.96	-538.3
68.233	-227.2	219.4	136.0	-6.372	-528.5
68.267	-225.2	221.6	135.5	-23.83	-500.1
68.300	-221.1	225.6	134.4	-39.28	-468.1
68.333	-214.9	231.7	132.8	-55.09	-466.5
68.367	-206.5	239.6	130.8	-70.42	-447.7
68.400	-195.5	248.8	128.2	-84.94	-409.6
68.433	-181.8	258.8	125.1	-97.82	-381.0
68.467	-166.1	269.5	121.6	-110.0	-337.1
68.500	-147.6	280.4	117.8	-120.7	-294.9
68.533	-126.9	290.5	113.6	-129.4	-245.2
68.567	-103.9	299.6	109.1	-137.2	-207.2
68.600	-79.08	306.8	104.5	-143.1	-148.1
68.633	-52.74	311.9	99.60	-147.1	-97.87
68.667	-25.60	314.9	94.65	-149.6	-40.35
68.700	2.029	315.3	89.63	-150.0	27.85
68.733	29.35	313.6	84.65	-147.6	85.64
68.767	55.72	309.5	79.79	-144.1	146.6
68.800	80.94	303.1	75.05	-138.2	213.9
68.833	104.2	295.5	70.58	-129.6	267.9
68.867	125.1	286.5	66.42	-120.3	295.4
68.900	143.6	276.7	62.57	-110.0	353.2
68.933	159.8	266.9	59.09	-96.94	430.4
68.967	173.1	257.7	56.11	-81.15	472.1
69.000	183.5	249.6	53.68	-65.23	493.9
69.033	191.7	243.2	51.76	-48.57	520.1
69.067	197.2	238.7	50.44	-30.37	548.8
69.100	200.0	236.1	49.74	-12.00	564.1
69.133	200.4	235.8	49.64	7.149	543.8
69.167	197.9	237.6	50.21	24.66	514.1
69.200	193.6	241.6	51.29	40.93	509.5
69.233	186.9	247.4	52.94	58.71	525.9
69.267	177.3	255.1	55.20	76.14	480.7
69.300	164.8	263.9	58.01	90.90	427.1
69.333	149.8	273.2	61.26	104.3	391.3
69.367	132.3	283.1	64.96	117.2	352.4
69.400	111.9	292.5	69.07	127.8	298.3
69.433	89.28	301.0	73.48	136.9	254.2
69.467	64.35	307.7	78.19	144.9	184.2
69.500	37.66	312.6	83.13	149.4	120.4
69.533	10.24	315.5	88.14	152.4	47.54
69.567	-18.11	315.5	93.29	153.1	-13.49
69.600	-45.94	313.1	98.35	151.0	-88.09
69.633	-73.18	308.5	103.3	147.6	-123.1
69.667	-98.96	301.4	108.2	142.5	-192.9
69.700	-123.2	292.4	112.8	135.0	-248.1
69.733	-144.9	282.2	117.2	125.6	-306.3
69.767	-164.4	271.3	121.2	115.0	-344.1
69.800	-181.1	260.2	124.8	102.4	-390.3
69.833	-195.3	249.6	128.0	89.00	-408.4
69.867	-206.7	239.7	130.8	75.11	-474.8
69.900	-215.9	231.2	133.0	57.91	-421.8
69.933	-222.4	225.3	134.6	45.33	-409.6
69.967	-227.8	219.5	136.1	12.98	-523.9
70.000	-227.4	220.1	135.9	-9.483	-505.7
70.033	-224.2	223.3	135.1	-31.64	-314.8
70.067	-219.2	228.4	133.8	-46.58	-452.5
70.100	-211.9	235.3	132.0	-61.81	-454.2
70.133	-202.4	243.9	129.7	-76.89	-429.8
70.167	-190.1	253.3	126.9	-90.59	-391.3
70.200	-175.7	263.9	123.7	-102.8	-361.9
70.233	-158.7	274.4	120.0	-114.7	-340.7
70.267	-139.1	285.0	116.0	-125.6	-288.1
70.300	-117.2	295.0	111.7	-134.0	-235.7
70.333	-93.15	303.0	107.1	-141.0	-177.5
70.367	-67.27	309.4	102.3	-146.2	-127.5
70.400	-40.45	313.8	97.35	-149.2	-57.47
70.433	-12.81	315.6	92.33	-150.3	-4.706
70.467	14.70	315.1	87.33	-149.3	54.76
70.500	41.81	312.4	82.38	-146.8	117.6
70.533	67.83	307.1	77.55	-141.5	191.3
70.567	92.08	300.2	72.95	-133.9	244.0
70.600	114.2	291.8	68.62	-125.2	287.0
70.633	134.0	282.1	64.60	-114.9	343.1
70.667	151.3	272.6	60.96	-102.3	386.7
70.700	165.8	263.1	57.78	-88.96	426.8
70.733	178.0	254.6	55.04	-74.16	480.3
70.767	187.3	247.2	52.84	-56.83	508.6
70.800	193.9	241.6	51.25	-39.94	519.5
70.833	198.2	237.7	50.18	-22.65	525.0
70.867	199.8	236.0	49.74	-4.580	564.8
70.900	199.2	236.4	49.87	14.56	559.3
70.933	195.9	239.4	50.71	33.32	544.7
70.967	190.2	244.3	52.09	50.41	500.2
71.000	182.0	251.1	54.07	66.94	482.1
71.033	171.3	259.4	56.55	82.33	430.0
71.067	157.8	268.5	59.56	95.91	404.8
71.100	141.9	277.9	62.94	108.8	382.4
71.133	123.1	287.3	66.81	121.8	343.9
71.167	101.7	296.4	71.06	131.8	277.5
71.200	78.19	304.3	75.59	140.0	215.9
71.233	52.57	310.5	80.39	146.4	151.0
71.267	25.61	314.5	85.35	150.0	86.62
71.300	-2.133	315.9	90.39	152.1	36.29
71.333	-30.20	314.8	95.48	152.5	-29.18
71.367	-57.95	311.2	100.5	150.2	-89.43
71.400	-84.65	305.4	105.5	146.3	-157.6
71.433	-110.0	297.5	110.3	140.1	-229.8
71.467	-133.2	287.9	114.8	130.7	-285.1
71.500	-153.7	277.1	119.0	120.9	-321.0
71.533	-172.2	266.3	122.9	109.6	-360.5
71.567	-187.7	255.4	126.3	96.69	-414.6
71.600	-200.8	245.2	129.3	82.21	-461.9
71.633	-211.2	236.2	131.8	65.73	-479.0
71.667	-218.8	228.9	133.7	50.06	-505.2
71.700	-224.3	223.3	135.1	32.67	-541.2
71.733	-227.2	220.3	135.9	13.42	-541.8
71.767	-227.7	219.6	136.0	-3.464	-523.9
71.800	-226.4	221.3	135.7	-21.03	-513.5
71.833	-222.3	225.2	134.6	-38.29	-496.6
71.867	-216.3	231.1	133.1	-53.73	-443.1
71.900	-208.0	238.8	131.0	-68.09	-433.0
71.933	-197.5	247.7	128.6	-82.20	-426.9
71.967	-184.2	257.6	125.6	-96.83	-415.3
72.000	-168.4	268.3	122.1	-109.9	-347.1
72.033	-150.0	279.2	118.2	-120.1	-275.0
72.067	-129.5	289.5	114.1	-128.0	-246.9
72.100	-107.0	298.6	109.7	-136.4	-222.8
72.133	-82.13	306.1	105.0	-143.3	-169.0
72.167	-55.93	311.9	100.2	-147.4	-91.11
72.200	-28.64	314.9	95.20	-149.5	-49.19
72.233	-1.128	315.7	90.20	-150.4	0.871
72.267	26.50	314.0	85.17	-149.7	87.78
72.300	53.36	309.7	80.23	-144.7	163.2
72.333	78.35	303.7	75.53	-138.3	202.3
72.367	101.8	295.9	71.01	-131.6	244.2
72.400	123.1	286.8	66.76	-122.0	321.9
72.433	141.9	277.0	62.88	-110.1	375.2
72.467	158.3	267.9	59.43	-96.89	403.3
72.500	171.6	258.5	56.42	-83.20	447.9
72.533	182.7	250.4	53.88	-67.33	488.9
72.567	191.0	244.0	51.94	-50.20	502.9
72.600	196.6	238.9	50.54	-33.92	541.3
72.633	200.1	235.7	49.68	-14.59	605.6
72.667	200.5	235.2	49.56	6.998	583.7
72.700	198.1	237.3	50.14	24.63	517.0
72.733	193.9	241.2	51.21	40.77	493.7
72.767	187.2	247.2	52.86	57.86	488.4
72.800	177.9	254.6	55.06	73.36	465.6
72.833	166.0	263.0	57.75	88.64	443.6
72.867	151.4	272.8	60.97	103.2	402.1
72.900	133.9	282.2	64.63	115.4	351.1
72.933	114.0	291.7	68.66	126.5	316.6
72.967	91.47	300.2	73.06	136.6	253.4
73.000	66.69	307.4	77.76	143.6	189.1
73.033	40.48	312.7	82.62	148.8	117.3
73.067	12.80	315.4	87.68	151.8	62.45
73.100	-15.12	315.9	92.74	152.5	-5.741
73.133	-43.17	313.5	97.84	151.8	-67.37
73.167	-70.48	308.9	102.9	148.0	-123.2
73.200	-96.31	301.8	107.7	143.3	-171.3
73.233	-120.7	292.8	112.4	136.9	-234.2
73.267	-143.0	282.7	116.8	127.5	-297.3
73.300	-162.7	271.8	120.9	117.0	-359.1
73.333	-180.0	260.7	124.6	103.9	-416.8
73.367	-194.1	250.1	127.8	88.83	-445.2
73.400	-205.8	240.6	130.5	74.28	-453.5
73.433	-214.9	232.3	132.8	58.76	-472.6
73.467	-221.7	225.9	134.5	42.62	-523.4
73.500	-226.1	221.3	135.6	24.28	-547.9
73.533	-227.9	219.5	136.1	5.450	-524.1
73.567	-227.6	219.9	136.0	-10.48	-517.8
73.600	-225.3	222.3	135.4	-28.51	-522.6
73.633	-220.2	227.4	134.1	-46.21	-496.5
73.667	-213.1	234.2	132.3	-61.05	-423.1
73.700	-203.7	242.7	130.0	-74.70	-428.5
73.733	-192.2	252.1	127.3	-89.05	-405.5
73.767	-177.7	262.7	124.1	-102.5	-371.9
73.800	-160.9	273.3	120.5	-113.3	-317.2
73.833	-141.7	283.9	116.5	-123.8	-303.4
73.867	-120.0	293.4	112.2	-133.4	-243.0
73.900	-96.04	302.1	107.6	-140.4	-180.5
73.933	-70.66	308.9	102.9	-145.1	-125.1
73.967	-43.85	313.3	97.97	-148.9	-81.72
74.000	-16.33	315.7	92.96	-150.5	-11.56
74.033	11.35	315.4	87.94	-149.7	63.98
74.067	38.48	312.8	82.99	-146.2	122.2
74.100	64.30	307.6	78.19	-141.4	151.1
74.133	88.71	300.8	73.57	-136.2	219.1
74.167	111.5	292.2	69.12	-127.2	278.5
74.200	131.5	283.1	65.09	-116.8	322.5
74.233	149.6	273.6	61.33	-106.3	369.1
74.267	164.9	263.9	58.00	-92.16	455.8
74.300	177.2	254.9	55.19	-75.84	488.7
74.333	186.6	247.2	52.95	-59.42	499.3
74.367	194.0	241.5	51.23	-42.74	512.3
74.400	198.5	237.4	50.10	-25.19	544.3
74.433	200.9	235.6	49.55	-6.596	566.4
74.467	200.4	235.9	49.66	12.72	574.0
74.500	197.2	238.4	50.40	31.65	531.6
74.533	191.7	243.3	51.77	48.41	488.7
74.567	184.0	249.9	53.63	63.84	460.7
74.600	173.6	257.5	56.02	79.29	465.6
74.633	160.7	266.6	58.91	94.69	445.2
74.667	144.8	276.3	62.33	109.3	405.9
74.700	126.2	286.1	66.19	121.6	333.1
74.733	105.0	295.4	70.44	131.6	262.7
74.767	81.53	303.4	74.96	139.0	223.9
74.800	56.29	309.8	79.70	146.3	174.0
74.833	29.08	313.9	84.71	151.2	111.7
74.867	1.247	315.6	89.77	153.3	21.34
74.900	-27.11	314.9	94.92	153.0	-28.51
74.933	-54.76	311.5	99.97	150.8	-96.63
74.967	-81.83	306.0	105.0	147.0	-174.4
75.000	-107.2	298.2	109.8	139.1	-232.0
75.033	-130.1	289.0	114.2	131.1	-256.3
75.067	-151.4	278.8	118.5	122.5	-290.3
75.100	-169.8	267.5	122.4	111.5	-367.0
75.133	-185.9	256.5	125.9	98.32	-423.3
75.167	-199.1	246.3	129.0	83.06	-450.4
75.200	-209.6	237.2	131.5	68.19	-460.7
75.233	-218.0	229.7	133.5	52.62	-487.5
75.267	-223.6	223.8	135.0	35.57	-542.5
75.300	-227.1	220.3	135.9	16.66	-553.4
75.333	-228.0	219.5	136.1	-1.823	-527.6
75.367	-226.7	220.8	135.8	-18.22	-515.0
75.400	-223.3	224.3	134.9	-35.93	-514.2
75.433	-217.3	230.1	133.4	-52.97	-470.3
75.467	-209.2	237.7	131.3	-67.10	-419.7
75.500	-198.8	246.5	128.9	-80.78	-423.8
75.533	-186.1	256.5	126.0	-95.34	-418.8
75.567	-170.5	267.3	122.5	-108.9	-358.7
75.600	-152.3	278.1	118.7	-119.3	-283.0
75.633	-132.0	288.5	114.6	-127.6	-239.2
75.667	-109.5	297.7	110.2	-135.3	-217.2
75.700	-85.10	305.4	105.6	-142.1	-174.5
75.733	-58.99	311.2	100.7	-147.0	-105.3
75.767	-31.84	314.9	95.77	-149.1	-62.79
75.800	-4.390	315.8	90.80	-150.8	-4.434
75.833	23.50	314.3	85.72	-150.1	82.72
75.867	50.37	310.8	80.80	-144.9	152.1
75.900	75.59	304.7	76.07	-139.7	203.4
75.933	99.46	297.0	71.49	-132.0	252.5
75.967	120.6	288.0	67.27	-122.2	309.9
76.000	140.0	278.8	63.34	-111.8	363.2
76.033	156.4	269.0	59.82	-97.89	428.9
76.067	170.1	260.1	56.82	-82.97	451.1
76.100	181.1	252.0	54.30	-67.95	453.3
76.133	189.7	245.4	52.29	-52.67	495.0
76.167	195.9	240.1	50.79	-35.32	534.2
76.200	199.5	237.3	49.94	-16.62	550.7
76.233	200.7	236.4	49.68	1.242	552.8
76.267	199.3	237.7	50.02	20.10	544.2
76.300	195.0	241.0	51.02	37.92	527.7
76.333	188.5	246.1	52.55	54.85	494.6
76.367	179.7	253.6	54.67	71.26	492.7
76.400	168.2	262.0	57.29	87.28	476.4
76.433	153.4	271.1	60.49	103.3	423.3
76.467	136.0	281.1	64.18	115.7	349.5
76.500	116.3	290.8	68.20	126.2	289.8
76.533	93.87	299.3	72.59	135.4	249.4
76.567	69.55	306.6	77.22	142.5	206.5
76.600	43.38	312.0	82.09	149.2	142.1
76.633	15.65	315.4	87.16	152.4	61.20
76.667	-12.36	316.1	92.24	152.8	-4.144
76.700	-40.49	314.3	97.34	152.3	-37.90
76.733	-68.04	309.8	102.4	150.2	-91.43
76.767	-94.56	302.7	107.3	146.3	-168.5
76.800	-119.5	293.8	112.1	139.1	-262.2
76.833	-142.1	283.7	116.6	128.7	-317.4
76.867	-162.0	272.7	120.7	117.7	-357.4
76.900	-179.4	261.5	124.5	105.2	-383.7
76.933	-193.9	250.7	127.7	91.71	-415.5
76.967	-206.0	240.6	130.6	77.85	-435.6
77.000	-215.6	231.9	132.9	62.50	-491.2
77.033	-222.9	224.9	134.7	45.35	-557.5
77.067	-227.4	220.1	135.9	25.29	-589.3
77.100	-229.3	218.2	136.4	5.666	-542.3
77.133	-228.9	218.7	136.3	-10.83	-501.2
77.167	-226.7	221.2	135.7	-27.31	-507.3
77.200	-222.2	226.2	134.5	-44.90	-506.0
77.233	-215.2	233.1	132.7	-61.11	-456.6
77.267	-205.9	241.8	130.4	-75.32	-422.6
77.300	-194.2	251.4	127.7	-89.06	-400.0
77.333	-179.9	262.0	124.5	-102.2	-382.5
77.367	-163.0	272.7	120.9	-114.4	-333.1
77.400	-143.6	283.5	116.9	-124.7	-295.1
77.433	-122.0	293.6	112.6	-133.7	-246.6
77.467	-98.01	302.5	108.0	-141.5	-202.2
77.500	-72.24	309.5	103.1	-147.0	-125.2
77.533	-45.06	314.4	98.16	-150.0	-50.34
77.567	-17.39	316.8	93.14	-150.2	-5.640
77.600	10.23	316.7	88.15	-150.2	32.88
77.633	37.78	313.8	83.13	-148.5	99.61
77.667	64.21	308.9	78.26	-143.3	154.6
77.700	88.85	301.6	73.58	-137.9	229.9
77.733	112.1	293.0	69.07	-128.7	314.7
77.767	132.2	283.7	65.00	-116.1	365.3
77.800	149.8	273.8	61.33	-104.5	379.1
77.833	164.9	264.3	58.04	-91.14	427.9
77.867	177.4	255.7	55.25	-75.81	469.1
77.900	186.9	247.9	52.99	-59.91	482.8
77.933	194.0	241.9	51.26	-43.57	516.9
77.967	198.8	237.6	50.08	-25.68	
78.000	200.9	235.7	49.55		
