	mass A					
t	x	y	θ	ω	α	
0.000	-150.0	278.0	118.3		
0.033	-152.3	276.8	118.8	8.340	
0.067	-152.8	276.7	118.9	-1.957	-286.1
0.100	-151.8	277.3	118.7	-10.62	-291.4
0.133	-149.3	278.5	118.2	-21.00	-292.9
0.167	-145.0	281.0	117.3	-30.84	-281.2
0.200	-139.3	283.7	116.1	-39.18	-247.0
0.233	-132.0	287.2	114.7	-47.62	-254.2
0.267	-123.3	290.8	113.0	-55.83	-236.9
0.300	-113.0	294.9	111.0	-63.72	-229.2
0.333	-101.4	299.1	108.7	-70.88	-192.1
0.367	-88.18	302.8	106.2	-76.82	-156.9
0.400	-74.17	306.5	103.6	-81.08	-139.5
0.433	-59.16	309.2	100.8	-86.02	-120.8
0.466	-43.08	311.6	97.87	-89.54	-79.85
0.500	-26.68	313.4	94.87	-91.02	-37.98
0.533	-9.897	313.8	91.81	-92.13	-13.17
0.566	6.979	313.7	88.73	-91.96	13.75
0.600	23.62	312.6	85.68	-91.09	68.91
0.633	40.05	310.8	82.66	-87.75	122.4
0.666	55.24	307.9	79.83	-82.46	149.8
0.700	69.40	304.5	77.16	-77.86	163.0
0.733	82.49	300.3	74.64	-71.83	209.2
0.766	94.12	296.2	72.37	-63.79	244.5
0.800	104.2	292.4	70.39	-55.43	264.6
0.833	112.7	288.9	68.68	-46.33	283.9
0.866	119.7	286.1	67.30	-36.37	329.6
0.900	124.9	283.8	66.26	-24.63	342.7
0.933	127.8	282.5	65.66	-12.98	359.5
0.966	129.1	281.8	65.39	-1.245	350.2
1.000	128.1	282.2	65.58	10.88	354.2
1.033	125.5	283.4	66.12	22.03	318.2
1.066	120.8	285.3	67.05	32.38	314.2
1.100	114.8	288.1	68.28	42.58	317.8
1.133	106.8	291.6	69.89	53.79	320.4
1.166	96.90	295.8	71.86	64.00	286.8
1.199	85.16	299.9	74.15	72.88	241.1
1.233	71.69	303.7	76.72	80.12	214.9
1.266	57.04	307.5	79.49	86.97	190.4
1.299	40.76	310.1	82.51	93.11	155.7
1.333	23.51	312.2	85.69	97.23	109.9
1.366	5.513	313.4	88.99	100.4	87.07
1.399	-13.05	313.5	92.38	103.0	50.94
1.433	-32.04	312.3	95.86	104.0	-6.603
1.466	-50.85	310.1	99.31	102.5	-71.22
1.499	-69.13	307.1	102.7	99.21	-122.1
1.533	-86.47	303.1	105.9	94.34	-164.0
1.566	-102.5	298.1	109.0	88.26	-172.2
1.599	-117.1	292.7	111.8	82.66	-176.9
1.633	-130.8	287.4	114.5	76.78	-225.3
1.666	-142.9	281.4	116.9	67.75	-303.4
1.699	-153.0	276.0	119.0	56.36	-338.6
1.733	-161.1	271.6	120.7	45.04	-336.7
1.766	-167.5	268.1	122.0	34.02	-339.6
1.799	-171.8	265.1	122.9	22.43	-372.4
1.833	-174.4	263.5	123.5	9.327	-363.9
1.866	-174.8	263.4	123.6	-2.361	-340.7
1.899	-173.6	264.0	123.3	-12.82	-334.2
1.933	-170.9	266.0	122.7	-24.80	-362.2
1.966	-166.1	269.1	121.7	-36.98	-350.0
1.999	-159.2	273.0	120.2	-48.25	-309.7
2.032	-150.6	277.7	118.5	-57.62	-277.4
2.066	-140.6	283.1	116.4	-66.53	-271.9
2.099	-128.7	288.6	114.0	-75.84	-265.6
2.132	-115.1	294.3	111.4	-84.30	-228.2
2.166	-99.69	299.4	108.4	-91.08	-199.6
2.199	-83.08	304.0	105.3	-97.39	-169.6
2.232	-65.07	308.1	101.9	-102.7	-139.0
2.266	-46.17	311.2	98.44	-106.4	-94.31
2.299	-26.46	313.1	94.83	-109.1	-43.40
2.332	-6.398	313.7	91.17	-109.4	31.73
2.366	13.44	313.3	87.54	-107.0	49.32
2.399	32.51	311.3	84.04	-105.6	75.08
2.432	51.53	308.2	80.51	-102.8	132.3
2.466	69.17	304.1	77.19	-96.28	206.2
2.499	85.35	299.4	74.09	-89.12	214.8
2.532	99.87	294.2	71.25	-81.86	247.2
2.566	113.0	288.9	68.64	-72.97	295.2
2.599	124.2	284.1	66.39	-61.93	329.4
2.632	133.2	279.5	64.51	-50.96	349.2
2.666	140.3	275.3	62.99	-38.88	377.4
2.699	145.3	272.4	61.92	-25.59	386.2
2.732	148.2	270.5	61.28	-13.08	399.7
2.765	149.2	269.8	61.05	0.680	409.5
2.799	148.0	270.8	61.33	14.71	400.1
2.832	145.0	273.0	62.03	27.11	365.6
2.865	139.8	276.0	63.14	39.12	372.0
2.899	132.7	280.0	64.63	51.71	379.8
2.932	123.3	284.7	66.58	64.65	344.9
2.965	111.7	290.0	68.94	74.90	315.0
2.999	98.34	295.2	71.57	85.06	278.8
3.032	82.67	300.4	74.61	94.21	247.8
3.065	65.64	304.9	77.85	101.0	206.4
3.099	47.04	309.0	81.34	108.1	187.0
3.132	26.97	311.9	85.06	113.6	129.7
3.165	5.942	313.6	88.91	116.8	78.35
3.199	-15.56	313.9	92.84	118.7	5.846
3.232	-37.39	312.5	96.82	117.5	-47.92
3.265	-58.38	309.8	100.7	114.9	-77.10
3.299	-78.87	305.5	104.5	112.7	-120.7
3.332	-98.45	299.7	108.2	107.1	-189.0
3.365	-116.3	293.6	111.6	99.64	-209.4
3.399	-132.6	286.7	114.8	93.22	-227.7
3.432	-147.6	279.6	117.8	84.81	-293.2
3.465	-160.4	272.6	120.5	73.46	-335.0
3.499	-171.0	266.1	122.7	62.28	-347.1
3.532	-179.6	260.2	124.6	50.64	-383.5
3.565	-186.2	255.4	126.1	36.69	-429.5
3.598	-190.4	252.0	127.1	21.86	-438.8
3.632	-192.4	250.3	127.6	7.437	-419.7
3.665	-192.2	250.0	127.6	-6.157	-390.5
3.698	-190.6	251.6	127.1	-18.58	-390.0
3.732	-187.3	254.7	126.3	-31.86	-384.7
3.765	-181.4	258.8	125.0	-44.70	-363.5
3.798	-173.7	263.9	123.3	-55.79	-347.7
3.832	-164.2	270.1	121.3	-67.77	-353.1
3.865	-152.3	276.7	118.8	-79.57	-322.0
3.898	-138.5	283.9	116.0	-89.27	-254.5
3.932	-122.8	290.9	112.9	-96.53	-211.7
3.965	-105.7	297.4	109.6	-103.1	-207.0
3.998	-86.95	303.0	106.0	-110.4	-183.9
4.032	-66.62	307.8	102.2	-115.7	-148.6
4.065	-45.46	311.5	98.30	-119.8	-93.27
4.098	-23.13	313.1	94.22	-122.4	-27.58
4.132	-0.800	313.5	90.15	-121.5	43.45
4.165	21.14	312.7	86.13	-119.4	60.35
4.198	42.51	309.9	82.19	-117.4	111.5
4.232	63.29	305.9	78.31	-112.4	179.2
4.265	82.29	300.7	74.70	-104.9	213.9
4.298	99.69	294.8	71.32	-98.23	234.1
4.331	115.6	288.4	68.15	-89.66	313.6
4.365	129.4	281.8	65.34	-77.28	355.7
4.398	140.5	275.8	63.00	-65.40	379.5
4.431	150.1	270.5	60.98	-52.75	393.5
4.465	157.0	266.3	59.49	-38.54	423.3
4.498	161.7	263.0	58.42	-24.88	441.9
4.531	164.3	261.2	57.83	-9.121	480.3
4.565	164.3	260.9	57.81	7.363	466.1
4.598	162.0	262.5	58.32	22.07	422.2
4.631	157.8	265.6	59.28	35.32	394.5
4.665	151.5	269.8	60.67	48.35	408.2
4.698	143.1	275.0	62.50	62.36	402.6
4.731	132.0	280.8	64.83	75.60	370.4
4.765	118.7	287.1	67.54	86.80	336.8
4.798	103.3	293.6	70.61	97.98	290.6
4.831	85.59	299.8	74.07	106.6	260.0
4.865	66.48	305.3	77.72	114.6	209.8
4.898	45.11	309.4	81.71	121.4	156.5
4.931	22.90	312.2	85.81	124.6	87.55
4.965	-3.714E-2	313.5	90.01	127.3	43.59
4.998	-23.45	313.1	94.28	127.7	13.72
5.031	-46.57	311.0	98.52	127.7	-49.86
5.065	-69.73	307.1	102.8	125.1	-119.6
5.098	-91.45	301.9	106.9	119.1	-172.9
5.131	-111.7	295.2	110.7	113.7	-188.9
5.164	-130.6	287.5	114.4	106.7	-249.0
5.198	-147.6	279.5	117.8	97.00	-325.6
5.231	-162.4	271.5	120.9	85.04	-336.7
5.264	-174.6	263.7	123.5	74.12	-357.7
5.298	-185.3	256.6	125.8	61.97	-381.3
5.331	-193.2	250.5	127.6	48.00	-428.5
5.364	-199.0	245.5	129.0	33.89	-441.9
5.398	-202.7	242.5	129.9	18.29	-459.3
5.431	-204.4	241.4	130.2	3.262	-441.8
5.464	-203.6	241.7	130.1	-11.14	-436.7
5.498	-201.2	244.0	129.5	-25.73	-441.7
5.531	-196.4	247.8	128.4	-40.66	-425.0
5.564	-189.3	253.1	126.8	-54.21	-389.7
5.598	-180.3	259.6	124.8	-66.46	-360.5
5.631	-169.3	267.0	122.4	-78.27	-343.5
5.664	-155.9	274.8	119.6	-89.36	-314.3
5.698	-140.6	283.0	116.4	-99.29	-281.8
5.731	-123.2	291.0	113.0	-108.1	-244.6
5.764	-103.9	298.1	109.2	-115.6	-209.1
5.798	-82.95	304.3	105.2	-122.0	-155.2
5.831	-60.55	309.0	101.1	-126.2	-132.1
5.864	-37.46	312.3	96.84	-130.3	-69.88
5.897	-13.17	313.7	92.40	-131.6	-10.39
5.931	10.58	313.6	88.07	-130.2	80.43
5.964	34.19	311.3	83.73	-127.0	119.1
5.997	56.35	307.2	79.61	-121.6	172.5
6.031	77.37	301.9	75.63	-115.8	190.8
6.064	96.67	295.6	71.89	-108.7	252.7
6.097	114.5	288.9	68.38	-99.34	297.5
6.131	129.7	281.5	65.27	-88.40	344.7
6.164	143.1	274.8	62.49	-76.68	370.8
6.197	153.9	268.2	60.16	-63.47	435.9
6.231	162.4	262.6	58.26	-47.98	457.0
6.264	168.2	258.6	56.96	-32.38	460.7
6.297	172.0	256.0	56.11	-17.77	471.4
6.331	173.4	255.0	55.78	-0.942	478.1
6.364	172.2	255.7	56.04	14.57	455.3
6.397	169.1	258.0	56.75	28.90	435.9
6.431	163.7	261.7	57.97	43.85	442.2
6.464	156.2	267.0	59.67	58.29	421.9
6.497	146.0	272.9	61.85	72.08	389.6
6.531	133.6	279.7	64.47	84.28	371.8
6.564	119.1	287.0	67.47	96.57	333.3
6.597	101.8	294.1	70.91	107.0	288.1
6.631	82.74	300.5	74.60	115.3	243.1
6.664	61.73	305.9	78.59	123.4	214.4
6.697	39.06	310.4	82.83	129.6	151.7
6.730	15.12	312.8	87.23	133.5	74.16
6.764	-9.457	313.8	91.73	134.7	12.15
6.797	-34.00	312.7	96.21	134.1	-34.89
6.830	-58.30	309.6	100.7	132.5	-74.55
6.864	-81.82	304.7	105.0	129.1	-136.8
6.897	-104.2	298.1	109.3	123.5	-177.4
6.930	-124.7	290.2	113.3	117.0	-236.0
6.964	-143.7	281.3	117.1	108.2	-301.6
6.997	-160.2	272.3	120.5	96.48	-353.3
7.030	-174.3	263.4	123.5	84.67	-371.6
7.064	-186.1	255.0	126.1	71.91	-398.8
7.097	-195.6	247.8	128.3	57.94	-436.7
7.130	-203.0	242.1	130.0	42.92	-466.3
7.164	-207.8	237.9	131.1	26.76	-475.0
7.197	-210.5	235.8	131.8	11.14	-487.0
7.230	-211.2	235.5	131.9	-5.355	-468.7
7.264	-209.2	237.2	131.4	-20.71	-449.1
7.297	-205.2	240.3	130.5	-34.70	-425.0
7.330	-199.1	245.1	129.1	-49.33	-427.4
7.364	-191.1	251.5	127.2	-63.10	-389.0
7.397	-180.8	259.3	124.9	-75.42	-378.9
7.430	-168.4	267.5	122.2	-87.95	-359.1
7.463	-153.2	276.0	119.0	-99.86	-323.5
7.497	-136.1	284.8	115.5	-109.3	-261.9
7.530	-116.9	293.2	111.7	-117.4	-228.9
7.563	-95.98	300.4	107.7	-124.4	-194.4
7.597	-73.29	306.3	103.5	-130.4	-144.6
7.630	-49.34	310.6	99.03	-134.1	-75.58
7.663	-24.76	313.3	94.52	-135.4	-20.18
7.697	-1.315E-2	313.6	90.00	-135.4	16.85
7.730	24.59	312.2	85.50	-134.4	78.17
7.763	48.62	308.7	81.05	-130.4	157.4
7.797	71.24	304.0	76.81	-123.6	208.3
7.830	92.02	297.5	72.81	-116.4	239.4
7.863	111.0	290.0	69.05	-107.9	293.5
7.897	127.9	282.3	65.62	-96.80	360.9
7.930	142.3	274.5	62.60	-83.77	391.6
7.963	154.3	267.7	60.04	-70.52	400.2
7.997	164.0	261.4	57.90	-57.27	437.1
8.030	171.3	256.1	56.22	-41.59	468.4
8.063	175.9	252.5	55.13	-25.56	502.6
8.097	178.5	250.4	54.52	-8.661	497.6
8.130	178.2	250.3	54.55	8.273	488.1
8.163	175.9	251.9	55.07	23.44	463.6
8.197	171.6	255.6	56.11	39.24	465.6
8.230	165.0	260.9	57.69	54.55	445.0
8.263	155.7	267.0	59.75	68.88	425.4
8.296	144.0	274.1	62.28	82.82	396.3
8.330	129.8	281.7	65.27	95.47	369.2
8.363	113.2	289.5	68.64	107.2	323.0
8.396	94.18	297.1	72.41	117.3	264.0
8.430	73.09	303.4	76.46	124.6	212.8
8.463	50.41	308.4	80.72	131.3	160.4
8.496	26.14	311.8	85.21	135.7	109.8
8.530	1.306	313.8	89.76	138.2	30.40
8.563	-24.22	313.6	94.42	138.3	-14.13
8.596	-49.14	311.1	98.98	136.6	-66.56
8.630	-73.70	306.5	103.5	134.3	-109.8
8.663	-97.10	300.2	107.9	129.2	-177.2
8.696	-118.9	292.3	112.1	122.5	-238.7
8.730	-138.8	283.5	116.1	113.4	-294.2
8.763	-156.4	274.3	119.7	102.6	-324.8
8.796	-171.5	264.9	122.9	91.74	-359.9
8.830	-184.8	256.2	125.8	78.92	-412.9
8.863	-195.3	248.3	128.2	64.00	-454.3
8.896	-203.2	241.6	130.1	48.64	-454.9
8.930	-209.0	236.8	131.4	33.57	-461.6
8.963	-212.7	233.8	132.3	18.09	-489.7
8.996	-214.1	232.6	132.6	0.916	-496.8
9.029	-213.1	233.6	132.4	-15.36	-457.9
9.063	-210.0	236.4	131.6	-29.43	-434.5
9.096	-204.8	240.6	130.4	-44.08	-428.1
9.129	-197.6	246.9	128.7	-58.33	-429.1
9.163	-188.2	254.2	126.5	-72.28	-400.7
9.196	-176.1	262.5	123.9	-85.47	-371.1
9.229	-161.8	271.2	120.8	-96.74	-344.8
9.263	-145.3	280.3	117.4	-108.4	-311.6
9.296	-126.3	289.1	113.6	-117.9	-238.4
9.329	-105.5	297.1	109.5	-124.0	-193.1
9.363	-83.31	303.9	105.3	-130.5	-168.7
9.396	-59.27	309.2	100.9	-135.8	-107.8
9.429	-34.39	312.5	96.28	-137.5	-38.39
9.463	-9.241	313.5	91.69	-138.2	21.22
9.496	15.99	312.6	87.07	-136.5	85.28
9.529	40.32	310.2	82.59	-132.2	144.4
9.563	63.47	305.6	78.27	-126.9	175.2
9.596	85.18	299.7	74.14	-120.4	222.8
9.629	105.1	292.6	70.24	-112.2	261.7
9.663	123.0	285.0	66.66	-102.8	315.0
9.696	138.7	276.9	63.39	-91.51	381.0
9.729	152.0	269.4	60.56	-77.24	444.8
9.763	162.4	262.4	58.24	-61.80	469.6
9.796	170.2	256.5	56.44	-45.94	466.9
9.829	175.8	252.7	55.18	-30.57	480.8
9.862	179.2	250.4	54.41	-14.22	505.7
9.896	179.8	249.6	54.23	3.405	507.0
9.929	178.2	251.1	54.63	19.66	484.1
9.962	174.3	254.0	55.54	35.44	452.8
9.996	167.9	258.5	56.99	50.13	425.5
10.029	159.6	264.5	58.88	63.51	424.5
10.062	148.9	271.1	61.23	78.32	442.2
10.096	135.3	278.7	64.10	93.28	390.2
10.129	119.1	286.7	67.44	104.6	309.9
10.162	101.0	294.3	71.07	113.5	260.0
10.196	80.63	301.0	75.00	122.1	249.6
10.229	58.50	306.7	79.20	130.0	179.5
10.262	34.53	311.2	83.67	134.5	108.7
10.296	10.03	313.4	88.17	136.6	59.93
10.329	-15.17	313.6	92.77	138.8	40.84
10.362	-40.62	312.1	97.42	139.3	-37.51
10.396	-65.77	308.1	102.1	136.5	-116.8
10.429	-89.65	302.4	106.5	131.2	-196.8
10.462	-112.0	295.0	110.8	123.7	-246.4
10.496	-132.2	286.8	114.8	114.5	-281.7
10.529	-150.4	278.0	118.4	105.0	-300.5
10.562	-166.3	268.6	121.8	94.44	-340.1
10.595	-180.0	259.8	124.7	82.38	-390.6
10.629	-191.4	251.7	127.2	68.44	-418.5
10.662	-200.1	244.7	129.3	54.23	-430.9
10.695	-206.8	239.1	130.9	39.94	-461.7
10.729	-211.3	235.2	131.9	23.54	-493.4
10.762	-213.1	233.2	132.4	6.750	-495.4
10.795	-212.9	233.3	132.4	-9.317	-461.5
10.829	-210.5	235.4	131.8	-24.22	-460.7
10.862	-206.3	239.2	130.8	-39.57	-467.7
10.895	-199.4	244.8	129.2	-55.79	-444.2
10.929	-190.3	252.1	127.1	-69.29	-387.7
10.962	-179.1	260.1	124.6	-81.32	-352.7
10.995	-165.6	268.8	121.6	-92.93	-342.1
11.029	-150.1	278.1	118.4	-104.0	-306.1
11.062	-132.0	287.0	114.7	-113.6	-268.7
11.095	-112.1	295.2	110.8	-121.6	-219.9
11.129	-90.09	302.2	106.6	-128.4	-159.1
11.162	-66.71	307.8	102.2	-132.3	-95.11
11.195	-42.64	311.9	97.78	-134.6	-61.39
11.229	-17.89	313.8	93.26	-136.4	-20.09
11.262	7.159	313.7	88.69	-136.1	41.27
11.295	31.70	311.8	84.19	-133.5	124.8
11.329	55.39	307.8	79.80	-128.1	172.1
11.362	77.27	302.3	75.66	-121.5	204.6
11.395	97.70	295.4	71.70	-114.8	263.1
11.428	116.2	287.7	68.01	-104.1	336.5
11.462	132.1	280.3	64.76	-91.88	367.6
11.495	145.7	272.7	61.89	-79.87	392.7
11.528	157.1	266.0	59.44	-65.80	437.8
11.562	165.8	260.2	57.50	-50.49	478.0
11.595	172.0	255.8	56.07	-34.14	481.6
11.628	175.7	253.1	55.23	-18.02	497.8
11.662	177.2	251.9	54.87	-1.430	495.1
11.695	176.1	252.7	55.13	15.47	472.1
11.728	172.8	255.3	55.90	29.93	452.6
11.762	167.5	259.1	57.13	45.26	456.5
11.795	159.3	264.3	58.92	60.81	443.5
11.828	148.9	270.6	61.18	74.63	406.5
11.862	136.3	278.2	63.89	87.90	370.5
11.895	121.0	285.5	67.04	99.45	313.8
11.928	103.7	293.2	70.52	108.7	291.4
11.962	84.44	300.1	74.28	118.6	247.0
11.995	62.67	305.8	78.42	126.0	182.3
12.028	39.88	310.3	82.68	130.1	120.7
12.062	15.92	313.0	87.09	134.1	94.89
12.095	-8.858	313.8	91.62	136.5	23.52
12.128	-33.87	312.7	96.18	135.8	-55.41
12.161	-58.33	309.7	100.7	132.6	-98.93
12.195	-81.79	304.8	105.0	129.1	-142.4
12.228	-104.2	298.2	109.3	123.5	-194.2
12.261	-124.7	290.1	113.3	115.8	-265.1
12.295	-143.4	281.6	117.0	106.2	-296.1
12.328	-159.6	272.9	120.3	95.61	-334.2
12.361	-173.9	264.2	123.4	84.30	-364.0
12.395	-185.6	256.0	125.9	71.11	-425.9
12.428	-195.1	248.8	128.1	56.16	-445.5
12.461	-201.9	243.3	129.7	40.96	-450.2
12.495	-206.6	239.1	130.8	26.47	-471.1
12.528	-209.3	236.9	131.5	9.687	-497.4
12.561	-209.3	236.8	131.5	-7.112	-477.3
12.595	-207.2	238.5	131.0	-21.96	-433.5
12.628	-203.2	242.2	130.0	-35.99	-413.1
12.661	-197.0	247.0	128.6	-49.45	-405.3
12.695	-188.9	253.4	126.7	-62.94	-409.2
12.728	-178.5	260.8	124.4	-76.72	-360.7
12.761	-165.6	269.1	121.6	-87.44	-330.5
12.795	-151.0	277.5	118.6	-97.89	-304.5
12.828	-133.8	286.0	115.1	-108.5	-281.1
12.861	-114.8	294.0	111.3	-116.3	-218.1
12.895	-93.97	301.2	107.3	-123.1	-174.1
12.928	-71.54	306.9	103.1	-128.0	-124.5
12.961	-48.16	311.1	98.80	-131.3	-79.84
12.994	-23.98	313.4	94.38	-133.4	-13.26
13.028	0.493	313.6	89.91	-132.3	58.76
13.061	24.28	312.4	85.56	-129.1	103.9
13.094	47.24	308.9	81.30	-125.5	137.2
13.128	69.15	304.2	77.19	-120.1	198.7
13.161	89.45	298.2	73.30	-112.3	241.9
13.194	107.7	291.3	69.71	-103.7	304.5
13.228	124.1	284.0	66.39	-92.50	355.5
13.261	137.8	277.1	63.55	-79.41	412.5
13.294	149.4	270.6	61.10	-65.49	414.2
13.328	158.2	265.2	59.18	-51.24	439.8
13.361	164.9	260.6	57.68	-36.74	449.1
13.394	169.2	257.9	56.74	-20.91	474.7
13.428	171.1	256.4	56.29	-5.285	474.2
13.461	170.5	256.5	56.38	10.79	470.7
13.494	168.1	258.9	57.01	26.15	447.3
13.528	163.1	262.3	58.13	40.56	443.2
13.561	155.8	266.8	59.71	55.50	436.2
13.594	146.1	272.8	61.83	69.96	394.2
13.628	134.1	279.5	64.37	81.76	347.9
13.661	119.8	286.1	67.27	92.87	335.7
13.694	103.4	293.1	70.56	104.3	300.3
13.727	84.67	299.6	74.22	113.2	245.4
13.761	64.36	305.5	78.10	120.3	186.9
13.794	42.30	310.1	82.23	125.9	131.4
13.827	19.17	312.9	86.49	128.9	77.95
13.861	-4.503	313.9	90.82	131.0	39.18
13.894	-28.63	313.3	95.22	131.7	-47.54
13.927	-52.49	310.4	99.60	128.0	-104.4
13.961	-74.88	306.0	103.8	123.9	-129.5
13.994	-96.67	300.1	107.9	120.1	-171.2
14.027	-117.0	293.1	111.8	112.4	-252.3
14.061	-135.2	285.4	115.3	103.1	-295.7
14.094	-151.2	277.1	118.6	92.80	-319.6
14.127	-165.1	269.1	121.5	81.68	-358.1
14.161	-176.9	261.5	124.1	69.15	-398.2
14.194	-186.4	255.2	126.1	54.97	-425.5
14.227	-193.3	249.8	127.7	40.73	-432.7
14.261	-198.2	246.0	128.9	26.21	-443.9
14.294	-200.8	243.8	129.5	11.10	-461.4
14.327	-201.5	243.6	129.6	-4.504	-439.6
14.361	-199.7	245.1	129.2	-18.52	-417.9
14.394	-196.2	247.9	128.4	-31.89	-413.8
14.427	-190.4	252.2	127.1	-46.31	-416.5
14.461	-182.4	257.9	125.3	-59.72	-380.9
14.494	-172.4	264.8	123.1	-71.68	-344.4
14.527	-160.4	272.3	120.5	-82.62	-315.4
14.560	-146.1	279.8	117.6	-92.72	-280.0
14.594	-130.1	287.9	114.3	-101.4	-254.6
14.627	-112.2	295.3	110.8	-109.5	-220.6
14.660	-92.35	301.6	107.0	-116.3	-170.6
14.694	-71.29	307.3	103.1	-120.7	-108.7
14.727	-49.15	310.9	98.98	-123.6	-74.34
14.760	-26.46	313.3	94.83	-125.6	-25.47
14.794	-3.350	313.7	90.61	-125.5	53.61
14.827	19.35	313.0	86.46	-122.0	108.3
14.860	40.93	310.2	82.48	-117.9	132.2
14.894	61.67	306.0	78.60	-113.5	171.8
14.927	81.08	300.9	74.92	-106.4	231.5
14.960	98.65	295.0	71.51	-97.93	294.3
14.994	114.4	288.8	68.39	-87.12	329.8
15.027	127.6	282.7	65.71	-75.48	353.4
15.060	139.0	277.1	63.36	-63.91	372.0
15.094	147.9	271.7	61.45	-50.59	417.5
15.127	154.7	267.8	59.99	-36.10	440.7
15.160	159.0	265.1	59.04	-21.12	459.8
15.194	160.9	263.5	58.58	-5.571	466.5
15.227	160.7	264.0	58.67	10.14	453.4
15.260	158.0	265.7	59.26	24.66	428.3
15.293	153.3	268.8	60.31	38.58	412.2
15.327	146.2	273.0	61.83	52.19	389.4
15.360	136.9	278.1	63.79	64.59	358.3
15.393	125.5	283.8	66.13	75.97	348.0
15.427	112.2	290.0	68.85	87.69	329.7
15.460	96.35	296.1	71.98	98.25	274.6
15.493	78.60	301.7	75.40	105.9	222.5
15.527	59.44	306.8	79.04	112.8	165.1
15.560	38.59	310.6	82.92	117.4	121.0
15.593	17.20	313.3	86.86	120.3	70.50
15.627	-5.129	313.9	90.94	122.5	45.71
15.660	-27.53	313.2	95.02	123.0	-29.06
15.693	-49.99	310.8	99.14	121.0	-96.96
15.727	-71.39	307.0	103.1	116.2	-137.2
15.760	-91.55	301.7	106.9	111.8	-165.4
15.793	-110.8	295.8	110.5	105.6	-228.4
15.827	-128.1	288.9	113.9	96.37	-292.8
15.860	-143.3	281.8	117.0	86.05	-308.5
15.893	-156.4	274.7	119.6	75.67	-304.5
15.927	-167.6	268.1	122.0	65.80	-340.4
15.960	-176.9	262.0	124.0	53.38	-402.2
15.993	-183.9	257.2	125.6	38.59	-431.5
16.027	-188.5	253.8	126.6	24.58	-443.7
16.060	-191.2	252.0	127.2	9.341	-446.0
16.093	-191.3	251.7	127.2	-5.666	-432.7
16.126	-189.5	253.1	126.8	-19.15	-376.8
16.160	-185.5	255.8	126.0	-31.11	-370.7
16.193	-180.3	259.9	124.7	-43.26	-358.6
16.226	-172.5	265.0	123.1	-55.60	-367.9
16.260	-163.1	270.9	121.0	-67.31	-347.6
16.293	-151.2	277.6	118.6	-79.12	-323.5
16.326	-137.5	284.7	115.8	-88.81	-249.0
16.360	-121.8	291.6	112.7	-95.85	-202.1
16.393	-104.9	298.1	109.4	-101.9	-186.5
16.426	-86.30	303.5	105.9	-108.4	-172.7
16.460	-66.44	308.4	102.2	-113.5	-119.0
16.493	-45.47	311.5	98.31	-116.4	-50.53
16.526	-24.10	313.2	94.40	-116.9	13.66
16.560	-2.829	313.6	90.52	-115.4	57.06
16.593	17.99	313.0	86.71	-113.0	87.51
16.626	38.21	310.6	82.99	-109.7	108.5
16.660	57.50	307.3	79.40	-105.7	170.7
16.693	75.74	302.6	75.95	-98.74	240.3
16.726	92.06	297.8	72.82	-89.16	288.1
16.760	106.4	292.4	70.00	-79.61	298.8
16.793	118.7	286.8	67.51	-69.30	341.8
16.826	129.2	282.0	65.39	-56.99	384.3
16.859	137.1	277.7	63.72	-43.43	395.3
16.893	143.0	274.6	62.49	-30.61	386.2
16.926	146.9	272.5	61.68	-17.83	394.0
16.959	148.7	271.7	61.30	-4.335	427.8
16.993	148.4	272.0	61.39	10.56	424.9
17.026	145.4	273.6	62.01	24.44	381.3
17.059	140.6	276.1	63.02	35.74	367.3
17.093	134.1	279.7	64.39	48.57	373.0
17.126	125.1	284.3	66.25	61.19	354.7
17.159	114.0	289.0	68.47	71.84	314.2
17.193	101.0	294.2	71.04	82.25	288.6
17.226	86.13	299.3	73.95	91.15	238.0
17.259	69.54	304.0	77.12	98.10	190.6
17.293	51.65	308.1	80.48	103.8	152.2
17.326	32.54	311.2	84.03	108.3	117.0
17.359	12.57	313.1	87.70	111.5	78.67
17.393	-7.999	313.6	91.46	113.5	31.53
17.426	-28.88	313.2	95.27	113.7	-33.21
17.459	-49.44	310.8	99.04	111.3	-95.26
17.493	-69.19	307.3	102.7	107.3	-126.0
17.526	-87.84	302.6	106.2	102.8	-151.9
17.559	-105.5	297.4	109.5	97.32	-207.8
17.593	-121.7	291.2	112.7	89.02	-272.3
17.626	-135.8	285.0	115.5	79.01	-315.3
17.659	-148.0	279.1	117.9	68.09	-335.3
17.692	-158.0	273.6	120.0	56.55	-342.8
17.726	-166.2	269.0	121.7	45.23	-363.4
17.759	-172.2	265.0	123.0	32.57	-379.3
17.792	-176.1	262.4	123.9	19.58	-394.8
17.826	-178.1	260.8	124.3	6.589	-396.8
17.859	-178.1	260.9	124.3	-7.094	-376.5
17.892	-176.1	262.5	123.9	-18.67	-371.8
17.926	-172.3	264.6	123.1	-31.26	-369.0
17.959	-166.4	268.6	121.8	-43.99	-337.0
17.992	-158.7	273.3	120.1	-53.46	-296.4
18.026	-149.3	278.4	118.2	-63.46	-290.2
18.059	-137.9	283.9	115.9	-73.21	-284.6
18.092	-125.0	289.8	113.3	-82.10	-249.1
18.126	-110.3	295.9	110.4	-90.12	-201.6
18.159	-93.99	301.3	107.3	-95.48	-143.8
18.192	-76.65	305.7	104.1	-99.58	-131.6
18.226	-58.48	309.7	100.7	-104.1	-98.49
18.259	-39.10	312.3	97.14	-106.6	-30.21
18.292	-19.66	313.6	93.59	-105.8	4.145
18.326	-0.455	314.1	90.08	-106.0	44.68
18.359	19.03	313.0	86.52	-103.7	113.2
18.392	37.20	310.8	83.17	-97.83	165.7
18.425	54.28	307.9	80.00	-92.71	163.3
18.459	70.24	304.2	77.00	-87.05	198.9
18.492	84.81	299.8	74.20	-79.52	247.7
18.525	97.74	295.5	71.70	-70.43	284.2
18.559	108.9	291.4	69.51	-60.59	322.2
18.592	118.0	287.2	67.66	-49.08	359.5
18.625	124.9	283.8	66.24	-36.42	370.6
18.659	129.9	281.6	65.23	-24.35	366.7
18.692	132.9	280.2	64.62	-12.13	381.8
18.725	133.8	279.5	64.42	1.113	371.9
18.759	132.6	280.5	64.69	12.98	365.0
18.792	129.7	281.8	65.29	24.91	343.0
18.825	124.5	284.4	66.35	36.43	348.3
18.859	117.8	287.3	67.72	47.53	332.3
18.892	108.7	291.1	69.52	59.04	326.4
18.925	97.94	295.3	71.65	69.07	289.4
18.959	85.19	299.4	74.12	78.41	246.4
18.992	70.76	303.5	76.88	85.63	199.7
19.025	55.19	307.5	79.82	91.49	167.8
19.059	38.24	310.2	82.97	96.90	130.3
19.092	20.30	312.4	86.28	100.3	67.99
19.125	1.881	313.3	89.66	101.4	38.11
19.159	-16.62	313.3	93.04	102.6	5.751
19.192	-35.50	312.1	96.49	102.2	-58.27
19.225	-53.83	310.0	99.85	98.46	-129.8
19.258	-71.15	306.9	103.1	93.50	-157.7
19.292	-87.37	303.1	106.1	87.96	-177.2
19.325	-102.3	298.5	108.9	81.69	-195.5
19.358	-115.9	293.8	111.5	74.90	-232.7
19.392	-128.0	288.9	113.9	66.40	-269.6
19.425	-138.3	284.2	115.9	56.65	-301.4
19.458	-146.7	279.7	117.7	46.46	-318.7
19.492	-153.4	276.3	119.0	35.33	-336.1
19.525	-158.0	273.3	120.0	24.04	-352.8
19.558	-161.0	271.7	120.6	11.94	-356.9
19.592	-161.9	271.3	120.8	3.568E-3	-363.4
19.625	-161.0	271.8	120.6	-11.98	-351.2
19.658	-158.2	273.7	120.0	-23.73	-314.6
19.692	-153.5	276.2	119.1	-32.94	-277.5
19.725	-147.6	279.4	117.8	-41.90	-291.1
19.758	-139.8	283.2	116.3	-52.40	-309.4
19.792	-130.1	287.7	114.3	-62.70	-268.1
19.825	-118.8	292.5	112.1	-70.43	-215.4
19.858	-106.2	297.5	109.7	-76.75	-186.9
19.892	-92.08	301.5	107.0	-83.00	-157.2
19.925	-76.92	305.8	104.1	-87.35	-117.1
19.958	-61.02	309.3	101.2	-90.57	-94.23
19.991	-44.25	311.6	98.08	-93.73	-51.19
20.025	-26.93	313.3	94.91	-94.26	4.320
20.058	-9.874	313.7	91.80	-93.04	39.13
20.091	7.040	313.7	88.71	-91.81	49.44
20.125	23.59	312.6	85.68	-89.71	95.15
20.158	39.61	310.7	82.74	-85.64	162.1
20.191	54.45	308.1	79.98	-78.83	195.3
20.225	67.69	304.9	77.48	-72.28	209.5
20.258	79.86	301.4	75.16	-65.33	248.1
20.291	90.35	297.9	73.13	-55.62	289.4
20.325	98.89	294.8	71.45	-45.78	289.8
20.358	105.9	292.3	70.08	-36.48	310.3
20.391	111.2	290.0	69.02	-25.29	343.8
20.425	114.3	288.6	68.39	-13.24	339.1
20.458	115.6	288.2	68.14	-2.681	325.5
20.491	115.2	288.3	68.22	8.192	321.0
20.525	112.8	289.1	68.69	19.03	328.7
20.558	108.8	290.9	69.48	29.78	313.5
20.591	102.9	293.3	70.67	40.25	304.4
20.625	95.23	296.0	72.17	49.82	267.7
20.658	85.84	299.2	73.99	58.37	252.9
20.691	75.08	302.4	76.06	66.33	213.1
20.724	62.63	305.5	78.41	72.99	199.4
20.758	49.26	308.2	80.92	79.09	168.3
20.791	34.38	310.5	83.68	84.75	114.7
20.824	18.76	312.7	86.57	86.67	59.13
20.858	2.964	313.9	89.46	88.26	29.26
20.891	-13.42	313.9	92.45	89.11	26.73
20.924	-29.59	313.2	95.40	89.52	-27.03
20.958	-46.04	311.3	98.41	88.04	-69.52
20.991	-61.52	308.9	101.3	84.21	-135.5
21.024	-76.40	305.9	104.0	79.46	-155.8
21.058	-89.92	302.4	106.6	73.43	-187.6
21.091	-102.3	298.4	108.9	67.22	-219.8
21.124	-113.2	294.2	111.0	58.81	-261.1
21.158	-122.4	290.6	112.8	49.58	-269.9
21.191	-130.1	287.6	114.3	40.88	-266.1
21.224	-136.3	285.0	115.6	31.92	-273.7
21.258	-140.8	282.8	116.5	22.59	-288.0
21.291	-143.8	281.5	117.1	12.78	-314.8
21.324	-145.0	280.7	117.3	1.669	-325.5
21.358	-144.3	281.1	117.2	-9.186	-301.1
21.391	-141.9	282.1	116.7	-18.32	-272.1
21.424	-138.2	284.0	116.0	-27.18	-258.8
21.458	-132.9	286.4	114.9	-35.71	-269.9
21.491	-126.2	289.2	113.6	-44.89	-250.1
21.524	-117.7	292.7	111.9	-52.91	-234.9
21.557	-108.2	296.5	110.1	-59.97	-197.8
21.591	-97.08	300.4	107.9	-66.60	-176.1
21.624	-84.89	303.8	105.6	-71.42	-130.4
21.657	-71.75	307.1	103.2	-75.43	-116.0
21.691	-57.85	309.5	100.6	-78.94	-94.65
21.724	-43.24	312.0	97.89	-81.95	-63.62
21.757	-28.10	313.3	95.13	-83.17	-8.227
21.791	-12.86	313.7	92.35	-82.52	35.10
21.824	2.049	313.9	89.63	-80.69	50.27
21.857	16.58	313.2	86.97	-79.11	83.28
21.891	30.80	311.5	84.35	-75.54	134.8
21.924	43.90	309.9	81.94	-69.77	174.3
21.957	55.88	307.7	79.71	-63.97	181.5
21.991	66.70	305.2	77.67	-57.68	218.0
22.024	76.19	302.5	75.86	-49.62	247.9
22.057	83.93	300.0	74.37	-40.84	271.1
22.091	90.31	298.0	73.14	-31.81	271.6
22.124	94.84	296.2	72.25	-22.48	273.3
22.157	97.93	295.1	71.64	-13.73	273.2
22.191	99.51	294.6	71.33	-4.328	294.4
22.224	99.53	294.9	71.35	5.909	311.0
22.257	97.64	295.7	71.73	16.45	304.8
22.290	93.99	297.2	72.45	26.31	274.7
22.324	88.64	298.8	73.48	34.78	260.1
22.357	81.96	301.0	74.77	43.40	239.6
22.390	73.57	303.5	76.37	51.12	231.3
22.424	64.00	305.7	78.17	58.37	201.5
22.457	52.88	308.1	80.26	65.02	172.3
22.490	40.81	310.2	82.51	69.59	131.3
22.524	27.84	311.9	84.90	73.77	109.1
22.557	14.09	313.1	87.42	76.95	77.33
22.590	-0.148	313.8	90.03	78.89	48.92
22.624	-14.70	313.9	92.68	80.16	-2.041
22.657	-29.43	313.1	95.37	79.03	-31.93
22.690	-43.51	311.7	97.95	77.48	-63.02
22.724	-57.62	309.9	100.5	75.42	-91.61
22.757	-70.81	307.4	103.0	71.04	-156.1
22.790	-83.03	304.2	105.3	65.20	-185.0
22.824	-93.89	301.1	107.3	58.45	-191.4
22.857	-103.6	298.0	109.2	52.49	-208.5
22.890	-112.2	295.0	110.8	44.87	-243.7
22.924	-119.0	292.3	112.2	35.88	-273.1
22.957	-124.4	290.1	113.2	26.85	-267.2
22.990	-128.0	288.4	113.9	17.89	-282.0
23.024	-130.3	287.3	114.4	8.342	-270.6
23.057	-130.8	287.1	114.5	-0.597	-275.5
23.090	-130.1	287.4	114.4	-9.482	-253.0
23.123	-127.6	288.3	113.9	-18.03	-264.7
23.157	-124.1	290.0	113.2	-26.51	-248.3
23.190	-118.7	292.3	112.1	-35.15	-248.4
23.223	-112.1	294.9	110.8	-42.66	-213.8
23.257	-104.0	297.9	109.3	-49.70	-195.8
23.290	-94.91	301.0	107.5	-55.53	-159.6
23.323	-84.57	303.8	105.6	-60.47	-163.4
23.357	-73.48	306.7	103.5	-66.05	-131.4
23.390	-60.98	309.3	101.2	-69.93	-92.05
23.423	-48.23	311.1	98.81	-71.58	-48.79
23.457	-34.96	312.5	96.38	-73.44	-53.56
23.490	-21.46	313.3	93.92	-74.96	9.821
23.523	-7.597	313.6	91.39	-73.37	52.38
23.557	5.315	313.7	89.03	-70.61	72.63
23.590	18.15	313.1	86.68	-69.04	82.27
23.623	30.41	311.8	84.43	-65.11	106.8
23.657	41.69	310.1	82.34	-61.56	127.5
23.690	52.52	308.1	80.33	-57.17	181.4
23.723	62.09	306.1	78.53	-49.30	228.6
23.757	69.96	304.0	77.04	-41.57	225.2
23.790	76.69	302.2	75.76	-34.56	238.9
23.823	82.02	300.6	74.74	-25.75	257.3
23.856	85.67	299.7	74.05	-17.06	274.2
23.890	88.02	299.1	73.60	-7.921	290.3
23.923	88.47	299.0	73.52	2.599	282.4
23.956	87.07	299.2	73.77	11.08	235.0
23.990	84.53	299.9	74.26	18.01	234.9
24.023	80.85	301.2	74.97	26.53	265.9
24.056	75.35	302.8	76.03	36.01	258.2
24.090	68.25	304.7	77.37	43.82	209.8
24.123	59.94	306.8	78.95	49.90	165.5
24.156	50.57	308.8	80.70	54.85	169.2
24.190	40.34	310.6	82.60	60.86	139.5
24.223	28.66	312.2	84.76	64.90	109.8
24.256	16.82	313.2	86.93	67.38	91.67
24.290	4.131	313.8	89.25	71.37	73.52
24.323	-9.219	314.0	91.68	72.53	12.35
24.356	-22.37	313.7	94.08	71.81	-20.71
24.390	-35.46	312.9	96.47	71.25	-41.99
24.423	-48.32	311.2	98.83	69.14	-51.45
24.456	-60.51	309.1	101.1	67.40	-94.04
24.490	-72.60	306.7	103.3	63.64	-159.5
24.523	-83.34	304.3	105.3	56.25	-192.1
24.556	-92.55	301.4	107.1	50.59	-191.2
24.590	-101.1	298.8	108.7	44.12	-218.9
24.623	-108.0	296.5	110.0	35.58	-229.7
24.656	-113.5	294.9	111.1	28.71	-240.1
24.689	-118.0	293.3	111.9	20.16	-272.3
24.723	-120.4	292.1	112.4	9.976	-273.4
24.756	-121.2	291.4	112.6	1.978	-240.0
24.789	-120.9	291.4	112.5	-5.782	-237.7
24.823	-119.2	292.1	112.2	-14.00	-242.6
24.856	-116.1	293.2	111.6	-21.92	-225.8
24.889	-111.7	295.0	110.7	-29.13	-219.8
24.923	-106.2	297.2	109.7	-36.37	-209.3
24.956	-99.09	299.4	108.3	-43.32	-189.1
24.989	-90.94	301.7	106.8	-48.89	-160.4
25.023	-81.90	304.4	105.1	-53.98	-139.2
25.056	-71.80	306.7	103.2	-58.26	-129.7
25.089	-61.05	309.0	101.2	-62.42	-114.3
25.123	-49.34	311.0	99.02	-66.11	-73.66
25.156	-37.09	312.5	96.77	-67.38	-24.56
25.189	-24.79	313.2	94.53	-67.52	-17.99
25.223	-12.43	313.6	92.27	-68.50	15.46
25.256	0.217	314.0	89.96	-67.02	52.40
25.289	12.02	313.4	87.80	-64.30	69.25
25.323	23.61	312.2	85.67	-62.78	91.23
25.356	34.76	310.9	83.62	-58.44	143.7
25.389	44.72	309.6	81.78	-52.78	163.5
25.422	53.75	308.1	80.10	-47.69	179.2
25.456	61.74	306.3	78.60	-41.00	221.7
25.489	68.24	304.6	77.37	-32.75	244.3
25.522	73.28	303.4	76.42	-24.65	226.0
25.556	76.84	302.1	75.73	-17.64	235.4
25.589	79.37	301.4	75.25	-9.360	247.0
25.622	80.06	301.0	75.10	-0.659	238.6
25.656	79.55	301.1	75.20	6.326	230.3
25.689	77.89	301.8	75.53	14.49	240.0
25.722	74.57	302.9	76.17	22.69	242.8
25.756	70.01	304.2	77.04	30.38	232.9
25.789	63.91	305.7	78.19	38.37	231.0
25.822	56.48	307.6	79.60	45.73	178.1
25.856	47.67	309.3	81.24	50.56	155.5
25.889	38.34	310.7	82.96	55.42	130.0
25.922	27.69	312.2	84.93	59.94	108.5
25.956	16.63	313.0	86.96	62.19	88.83
25.989	5.061	313.7	89.08	65.80	75.47
26.022	-7.367	314.1	91.34	67.73	52.85
26.056	-19.67	313.6	93.59	68.70	-9.209
26.089	-32.47	313.0	95.92	67.84	-44.55
26.122	-44.42	311.7	98.11	65.03	-67.99
26.156	-56.11	310.1	100.3	63.57	-80.88
26.189	-67.38	307.8	102.3	59.89	-113.9
26.222	-77.60	305.6	104.2	55.49	-149.5
26.255	-87.28	303.5	106.0	50.41	-190.2
26.289	-95.40	300.6	107.6	42.64	-213.7
26.322	-102.2	298.7	108.9	35.82	-203.1
26.355	-108.0	296.8	110.0	29.51	-215.9
26.389	-112.4	295.2	110.9	21.37	-249.9
26.422	-115.3	293.8	111.4	12.74	-240.4
26.455	-116.8	293.4	111.7	5.238	-235.9
26.489	-117.0	293.1	111.8	-2.649	-249.0
26.522	-115.8	293.6	111.5	-11.59	-253.6
26.555	-113.2	294.9	111.0	-19.60	-226.1
26.589	-109.1	296.3	110.2	-26.62	-203.4
26.622	-103.9	297.9	109.2	-33.12	-187.5
26.655	-97.57	300.1	108.0	-39.14	-188.1
26.689	-90.19	302.3	106.6	-45.51	-183.8
26.722	-81.44	304.4	105.0	-51.63	-158.9
26.755	-71.71	306.4	103.2	-56.06	-132.5
26.789	-61.34	308.6	101.2	-60.28	-102.0
26.822	-50.08	310.7	99.15	-63.19	-48.44
26.855	-38.52	312.3	97.03	-63.38	-29.81
26.889	-27.01	313.1	94.93	-64.74	-32.90
26.922	-14.88	313.7	92.72	-66.15	-4.910
26.955	-2.863	314.0	90.52	-64.88	39.04
26.988	8.799	313.6	88.39	-63.41	65.37
27.022	20.26	313.1	86.30	-60.81	96.34
27.055	30.89	311.7	84.34	-56.74	121.0
27.088	40.76	310.3	82.52	-52.77	143.0
27.122	49.86	308.7	80.82	-47.41	167.8
27.155	57.75	307.3	79.36	-41.29	184.8
27.188	64.52	305.4	78.07	-35.26	222.3
27.222	70.13	303.9	77.01	-26.70	243.3
27.255	73.91	303.1	76.29	-18.43	233.8
27.288	76.57	302.1	75.78	-11.57	222.6
27.322	77.94	301.8	75.52	-3.512	259.6
27.355	77.85	302.0	75.54	5.654	254.7
27.388	75.98	302.5	75.90	13.84	235.4
27.422	72.94	303.0	76.47	20.97	209.7
27.455	68.59	304.3	77.30	28.04	226.9
27.488	63.07	305.5	78.33	35.75	211.7
27.522	55.97	307.4	79.68	42.68	190.3
27.555	47.93	308.9	81.18	48.02	154.0
27.588	38.79	310.5	82.88	53.16	141.6
27.622	28.83	312.0	84.72	57.34	123.4
27.655	18.05	313.1	86.70	61.39	96.33
27.688	6.503	313.8	88.81	63.97	63.08
27.722	-5.279	314.0	90.96	65.34	38.77
27.755	-17.37	313.9	93.17	66.62	40.13
27.788	-29.62	313.2	95.40	67.93	-2.896
27.821	-42.13	311.8	97.69	66.88	-54.27
27.855	-53.92	310.3	99.86	63.81	-94.46
27.888	-65.21	308.2	101.9	60.77	-107.5
27.921	-75.74	305.8	103.9	56.62	-149.3
27.955	-85.44	303.6	105.7	50.93	-169.0
27.988	-93.89	301.4	107.3	45.06	-195.6
28.021	-101.3	298.9	108.7	38.28	-205.9
28.055	-107.2	296.9	109.9	30.90	-220.5
28.088	-112.0	295.2	110.8	23.89	-232.3
28.121	-115.4	293.9	111.4	15.38	-255.2
28.155	-117.2	293.0	111.8	6.722	-240.9
28.188	-117.7	293.0	111.9	-0.710	-243.4
28.221	-117.0	293.2	111.8	-9.141	-233.1
28.255	-114.6	294.1	111.3	-16.85	-235.7
28.288	-111.2	295.4	110.6	-24.19	-224.6
28.321	-106.2	297.0	109.7	-32.31	-212.2
28.355	-99.98	299.1	108.5	-38.26	-183.2
28.388	-92.83	301.3	107.1	-44.27	-186.5
28.421	-84.38	303.6	105.5	-50.86	-166.0
28.455	-74.84	306.2	103.7	-55.53	-123.1
28.488	-64.57	308.2	101.8	-58.80	-97.55
28.521	-53.65	310.1	99.82	-62.09	-107.7
28.554	-42.13	311.8	97.70	-65.85	-76.64
28.588	-29.74	313.0	95.43	-67.66	-51.58
28.621	-17.47	313.8	93.19	-68.66	5.535
28.654	-4.674	314.0	90.85	-68.04	46.50
28.688	7.380	313.8	88.65	-64.94	71.99
28.721	19.00	312.9	86.53	-63.28	76.40
28.754	30.38	311.8	84.44	-60.21	99.01
28.788	40.79	310.4	82.51	-56.26	121.9
28.821	50.56	308.3	80.69	-52.38	170.7
28.854	59.42	306.3	79.02	-45.08	231.4
28.888	66.49	304.5	77.68	-36.46	228.3
28.921	72.30	303.3	76.59	-29.89	199.6
28.954	77.00	301.9	75.69	-23.41	232.0
28.988	80.49	301.1	75.03	-14.53	248.2
29.021	82.04	300.3	74.72	-6.334	239.9
29.054	82.60	300.1	74.61	0.943	236.9
29.088	81.74	300.6	74.78	9.628	280.3
29.121	79.41	301.7	75.25	19.48	264.3
29.154	75.06	302.9	76.08	27.77	223.6
29.188	69.69	304.4	77.10	33.94	206.6
29.221	63.08	305.8	78.34	41.48	217.1
29.254	55.00	307.7	79.87	48.70	188.7
29.288	45.78	309.6	81.59	53.99	146.2
29.321	35.67	311.3	83.46	58.37	135.6
29.354	24.70	312.4	85.48	62.95	130.7
29.387	12.80	313.1	87.66	67.23	110.3
29.421	0.225	313.7	89.96	70.28	68.76
29.454	-12.84	313.9	92.34	71.86	21.69
29.487	-26.02	313.4	94.75	71.70	-13.71
29.521	-38.99	312.1	97.12	70.81	-34.45
29.554	-51.76	310.4	99.47	69.50	-80.90
29.587	-64.09	308.1	101.8	65.65	-130.4
29.621	-75.36	305.9	103.8	60.41	-138.8
29.654	-85.71	303.3	105.8	56.40	-158.7
29.687	-95.33	300.5	107.6	50.30	-199.0
29.721	-103.4	298.1	109.1	42.62	-224.8
29.754	-110.2	295.7	110.4	35.54	-208.3
29.787	-115.8	293.9	111.5	28.59	-234.5
29.821	-120.1	292.1	112.3	20.27	-256.9
29.854	-122.6	290.9	112.8	11.05	-281.8
29.887	-123.9	290.7	113.1	1.788	-282.1
29.921	-123.3	291.0	113.0	-7.977	-264.9
29.954	-121.1	291.7	112.5	-15.97	-224.0
29.987	-117.9	293.2	111.9	-22.73	-228.7
30.021	-113.3	294.7	111.0	-31.00	-226.0
30.054	-107.2	297.0	109.8	-38.34	-200.2
30.087	-100.0	299.3	108.5	-43.90	-178.5
30.120	-91.76	301.8	106.9	-50.30	-197.8
30.154	-82.31	304.5	105.1	-57.08	-172.2
30.187	-71.45	306.8	103.1	-62.08	-127.6
30.220	-60.04	309.2	101.0	-65.29	-85.84
30.254	-47.91	311.0	98.76	-67.93	-85.21
30.287	-35.41	312.5	96.46	-70.73	-56.17
30.320	-22.20	313.8	94.05	-72.12	-13.39
30.354	-9.095	314.2	91.66	-71.28	16.69
30.387	3.854	313.9	89.30	-70.96	33.52
30.420	16.80	313.2	86.93	-69.35	80.62
30.454	29.07	311.8	84.67	-65.41	133.1
30.487	40.47	310.3	82.57	-60.45	123.8
30.520	50.77	308.2	80.65	-56.86	135.5
30.554	60.72	306.1	78.78	-52.10	184.0
30.587	69.23	304.1	77.17	-44.20	236.7
30.620	76.25	302.1	75.84	-36.27	225.4
30.654	81.86	300.4	74.76	-29.12	241.1
30.687	86.30	298.9	73.90	-20.58	261.3
30.720	88.95	298.1	73.39	-11.25	273.7
30.754	90.24	297.9	73.15	-2.592	259.1
30.787	89.90	298.0	73.21	6.156	271.6
30.820	88.16	298.7	73.56	15.32	263.0
30.854	84.69	299.9	74.23	24.00	253.8
30.887	79.95	301.7	75.15	31.95	229.0
30.920	73.62	303.4	76.36	39.49	238.5
30.953	66.04	305.1	77.79	47.49	215.8
30.987	56.80	307.3	79.53	54.44	191.0
31.020	46.66	309.1	81.41	59.73	182.8
31.053	35.38	310.8	83.51	66.64	151.2
31.087	22.65	312.4	85.85	70.47	101.6
31.120	9.831	313.2	88.20	72.56	77.57
31.153	-3.773	313.5	90.69	76.03	70.48
31.187	-17.89	313.2	93.27	77.35	5.637
31.220	-31.98	312.5	95.84	76.34	-30.18
31.253	-45.65	310.8	98.36	75.12	-65.38
31.287	-59.25	309.2	100.8	72.39	-89.43
31.320	-71.83	306.7	103.2	68.66	-126.8
31.353	-83.89	304.0	105.4	64.37	-143.4
31.387	-94.71	300.9	107.5	58.79	-184.5
31.420	-104.6	297.9	109.3	52.33	-211.9
31.453	-113.0	295.0	111.0	44.47	-244.1
31.487	-119.9	292.2	112.3	36.13	-259.1
31.520	-125.3	289.9	113.4	27.17	-269.7
31.553	-129.0	288.2	114.1	18.12	-279.9
31.587	-131.3	287.1	114.6	8.607	-277.3
31.620	-131.9	286.9	114.7	-0.563	-272.5
31.653	-131.2	287.4	114.5	-9.352	-252.2
31.686	-128.7	288.1	114.1	-17.59	-253.6
31.720	-125.2	289.8	113.4	-25.93	-253.4
31.753	-120.1	292.2	112.3	-34.74	-255.8
31.786	-113.4	294.6	111.0	-42.89	-229.6
31.820	-105.3	297.6	109.5	-50.16	-192.3
31.853	-96.03	300.8	107.7	-55.69	-167.3
31.886	-85.78	303.7	105.8	-61.09	-165.4
31.920	-74.38	306.7	103.6	-66.88	-142.0
31.953	-61.87	309.2	101.3	-70.74	-105.1
31.986	-48.83	311.1	98.92	-73.56	-83.02
32.020	-35.13	312.6	96.41	-76.42	-57.25
32.053	-20.99	313.8	93.83	-77.49	-9.967
32.086	-6.844	314.2	91.25	-76.96	21.27
32.120	7.129	313.7	88.70	-76.03	38.23
32.153	20.88	312.8	86.18	-74.49	85.42
32.186	34.17	311.3	83.73	-70.53	123.8
32.220	46.32	309.3	81.48	-65.81	138.6
32.253	57.68	306.7	79.35	-61.53	169.2
32.286	68.20	304.7	77.38	-54.70	206.1
32.320	77.06	302.4	75.70	-47.34	224.2
32.353	84.67	299.7	74.23	-40.14	238.3
32.386	90.93	297.9	73.03	-31.35	254.1
32.420	95.51	296.4	72.14	-23.02	276.4
32.453	98.77	295.1	71.49	-13.36	311.1
32.486	99.97	294.5	71.25	-1.918	336.4
32.519	99.30	294.5	71.37	9.011	300.8
32.553	96.95	295.7	71.85	18.33	274.8
32.586	93.18	297.1	72.59	26.99	253.0
32.619	87.70	298.9	73.65	35.46	253.9
32.653	80.96	301.1	74.95	43.64	232.3
32.686	72.52	303.3	76.55	51.23	233.2
32.719	62.94	305.7	78.37	58.81	211.2
32.753	51.75	308.3	80.47	65.79	201.6
32.786	39.47	310.2	82.75	71.82	149.1
32.819	25.87	312.0	85.26	76.22	110.4
32.853	11.87	313.2	87.83	78.71	77.74
32.886	-2.760	313.6	90.50	81.56	56.12
32.919	-17.89	313.7	93.26	82.60	12.10
32.953	-32.95	313.0	96.01	82.16	-27.34
32.986	-47.84	311.3	98.74	80.90	-68.47
33.019	-62.24	308.7	101.4	77.66	-103.1
33.053	-75.81	306.0	103.9	73.77	-124.7
33.086	-88.63	302.8	106.3	69.55	-176.2
33.119	-100.4	299.3	108.5	62.21	-220.2
33.153	-110.3	295.7	110.5	54.32	-218.0
33.186	-119.2	292.5	112.2	47.96	-217.8
33.219	-126.6	289.0	113.7	39.99	-246.7
33.252	-132.6	286.5	114.8	31.21	-298.6
33.286	-137.1	284.4	115.7	20.55	-323.8
33.319	-139.3	283.1	116.2	9.034	-316.8
33.352	-140.0	282.8	116.3	-0.382	-277.6
33.386	-139.3	283.4	116.2	-9.403	-262.1
33.419	-137.0	284.4	115.7	-17.93	-262.6
33.452	-133.2	285.9	115.0	-26.71	-263.5
33.486	-128.0	288.3	113.9	-35.68	-261.6
33.519	-121.3	291.2	112.6	-44.05	-240.1
33.552	-113.0	294.3	111.0	-51.79	-241.1
33.586	-103.4	297.8	109.2	-59.89	-211.7
33.619	-92.23	301.5	107.0	-66.41	-172.1
33.652	-80.19	305.1	104.7	-70.89	-124.7
33.686	-67.04	308.0	102.3	-74.95	-121.5
33.719	-53.26	310.5	99.73	-78.75	-103.2
33.752	-38.50	312.0	97.03	-82.10	-68.63
33.786	-23.35	313.3	94.26	-83.28	-18.78
33.819	-8.125	313.6	91.48	-83.26	25.34
33.852	7.036	313.7	88.71	-81.75	51.03
33.886	21.67	312.8	86.04	-79.58	81.43
33.919	35.94	311.2	83.41	-76.59	127.0
33.952	49.30	308.9	80.93	-71.08	169.4
33.986	61.35	306.3	78.67	-65.07	182.5
34.019	72.27	303.3	76.60	-59.10	190.9
34.052	81.97	300.4	74.74	-52.30	234.5
34.085	90.35	297.6	73.11	-43.66	254.6
34.119	97.00	295.5	71.83	-34.90	283.7
34.152	102.2	293.3	70.79	-25.30	306.8
34.185	105.4	291.9	70.14	-14.03	304.2
34.219	106.9	291.3	69.85	-4.899	294.9
34.252	107.1	291.2	69.82	5.076	320.4
34.285	105.2	292.0	70.19	16.87	327.1
34.319	101.4	293.4	70.94	26.96	288.6
34.352	96.01	295.3	71.99	35.93	273.7
34.385	89.17	297.8	73.33	45.18	252.6
34.419	80.59	300.7	75.00	53.04	242.2
34.452	70.87	303.8	76.87	60.85	241.7
34.485	59.34	306.7	79.05	69.47	221.9
34.519	46.27	309.5	81.50	75.76	155.9
34.552	32.16	311.2	84.10	79.75	123.9
34.585	17.42	312.7	86.81	83.79	81.37
34.619	1.733	313.7	89.68	85.69	58.24
34.652	-13.83	314.0	92.52	86.94	20.35
34.685	-30.02	313.1	95.48	87.76	-2.803
34.719	-45.83	311.5	98.37	86.30	-69.41
34.752	-61.30	308.8	101.2	83.46	-94.34
34.785	-75.88	305.9	103.9	79.64	-128.0
34.818	-89.77	302.4	106.5	75.24	-173.0
34.852	-102.4	298.4	108.9	68.10	-222.2
34.885	-113.4	294.3	111.1	60.18	-239.4
34.918	-123.0	290.4	113.0	52.31	-248.3
34.952	-131.1	286.9	114.6	43.60	-263.5
34.985	-137.7	284.0	115.9	34.68	-282.4
35.018	-142.7	281.7	116.9	24.93	-303.3
35.052	-146.1	280.3	117.5	14.33	-315.8
35.085	-147.4	279.3	117.8	3.888	-314.4
35.118	-147.1	279.2	117.8	-6.594	-295.9
35.152	-145.1	280.2	117.4	-16.01	-274.5
35.185	-141.9	281.9	116.7	-24.66	-271.3
35.218	-137.1	284.4	115.7	-34.10	-272.6
35.252	-130.5	287.2	114.4	-43.01	-259.6
35.285	-122.7	290.7	112.9	-51.24	-260.2
35.318	-113.3	294.7	111.0	-60.30	-234.7
35.352	-102.1	298.8	108.9	-67.35	-185.1
35.385	-89.86	302.6	106.5	-72.19	-142.5
35.418	-76.58	306.1	104.0	-76.96	-146.6
35.452	-62.37	309.0	101.4	-81.80	-125.1
35.485	-47.07	311.4	98.59	-85.63	-87.87
35.518	-31.24	312.7	95.70	-87.49	-28.00
35.552	-15.15	313.8	92.76	-87.63	1.662
35.585	0.740	314.0	89.87	-87.09	33.06
35.618	16.62	313.2	86.96	-85.74	70.57
35.651	31.91	311.5	84.15	-82.26	134.3
35.685	46.29	309.0	81.48	-76.86	172.4
35.718	59.42	306.5	79.03	-70.54	186.4
35.751	71.37	303.8	76.78	-64.50	187.2
35.785	82.10	300.7	74.73	-58.11	202.5
35.818	91.59	297.8	72.91	-51.02	243.5
35.851	99.69	295.1	71.33	-42.04	301.7
35.885	105.9	292.6	70.11	-30.81	333.2
35.918	110.1	291.1	69.28	-19.61	345.1
35.951	112.5	289.9	68.80	-8.088	321.2
35.985	112.7	289.7	68.74	2.276	301.0
36.018	111.7	290.3	68.95	11.49	300.4
36.051	108.9	291.2	69.50	22.37	325.6
36.085	104.1	293.0	70.44	33.33	301.1
36.118	97.56	295.5	71.73	42.55	270.3
36.151	89.58	298.1	73.28	51.08	277.8
36.185	79.97	301.2	75.13	61.02	277.2
36.218	68.35	304.3	77.34	69.93	234.6
36.251	55.34	307.3	79.79	76.46	171.4
36.285	41.15	310.0	82.44	81.43	132.7
36.318	26.11	312.0	85.22	85.20	104.3
36.351	10.32	313.5	88.12	88.42	75.66
36.384	-6.084	314.3	91.11	90.31	38.91
36.418	-22.68	313.8	94.13	90.91	-17.50
36.451	-39.34	312.8	97.17	89.37	-62.14
36.484	-55.30	310.8	100.1	86.46	-71.73
36.518	-70.67	307.8	102.9	84.56	-91.56
36.551	-85.69	304.4	105.7	80.78	-177.0
36.584	-99.35	300.2	108.3	72.69	-223.9
36.618	-111.1	296.1	110.6	65.25	-227.0
36.651	-121.9	292.0	112.7	58.21	-248.1
36.684	-131.0	288.2	114.4	48.49	-291.6
36.718	-138.3	284.8	115.9	38.63	-282.8
36.751	-143.9	282.1	117.0	29.66	-296.3
36.784	-148.1	280.0	117.9	19.22	-321.5
36.818	-150.3	279.0	118.3	7.830	-321.9
36.851	-150.7	278.8	118.4	-2.162	-298.5
36.884	-149.7	279.7	118.2	-11.95	-299.1
36.918	-147.0	281.3	117.6	-22.12	-306.0
36.951	-142.4	283.4	116.7	-32.36	-291.3
36.984	-136.1	286.2	115.4	-41.66	-283.6
37.018	-128.4	289.7	113.9	-51.00	-271.4
37.051	-119.0	294.1	112.0	-60.05	-221.9
37.084	-108.0	298.4	109.9	-65.89	-170.2
37.118	-96.03	301.9	107.6	-70.95	-149.1
37.151	-82.96	305.8	105.2	-76.16	-153.3
37.184	-68.97	309.3	102.6	-80.92	-133.7
37.217	-53.79	311.9	99.79	-85.29	-104.2
37.251	-37.93	314.1	96.89	-87.85	-55.04
37.284	-21.67	315.3	93.93	-88.94	-32.40
37.317	-5.291	315.6	90.96	-89.84	19.80
37.351	11.32	315.4	87.94	-88.11	60.57
37.384	26.98	313.9	85.09	-85.11	109.3
37.417	42.33	311.9	82.27	-81.46	149.7
37.451	56.41	309.2	79.66	-74.86	178.8
37.484	69.02	305.9	77.28	-69.25	183.3
37.517	80.86	302.7	75.05	-63.13	221.8
37.551	91.15	299.6	73.08	-54.30	262.7
37.584	99.73	296.8	71.43	-45.43	276.2
37.617	106.8	294.2	70.05	-36.15	308.5
37.651	111.9	291.9	69.02	-24.85	338.7
37.684	115.0	290.5	68.39	-13.34	350.4
37.717	116.2	289.5	68.13	-1.723	325.3
37.751	115.6	290.1	68.28	8.739	334.8
37.784	113.5	291.2	68.71	19.92	321.5
37.817	108.9	292.9	69.61	30.96	313.5
37.851	103.0	295.4	70.77	40.25	296.6
37.884	95.16	298.0	72.29	50.84	304.1
37.917	85.45	301.2	74.16	60.68	252.2
37.950	74.02	304.4	76.33	67.77	187.3
37.984	61.56	307.5	78.68	72.94	181.1
38.017	48.06	310.2	81.19	79.57	182.4
38.050	32.96	312.6	83.98	85.63	150.1
38.084	17.04	314.5	86.90	89.30	99.13
38.117	0.376	315.7	89.93	92.29	57.27
38.150	-16.82	315.7	93.05	93.25	2.226
38.184	-33.88	314.6	96.15	92.26	-37.42
38.217	-50.65	312.8	99.20	90.73	-75.41
38.250	-66.95	309.9	102.2	87.46	-128.4
38.284	-82.23	306.4	105.0	82.02	-173.8
38.317	-96.16	302.1	107.7	75.81	-186.3
38.350	-108.8	297.7	110.1	69.56	-221.8
38.384	-120.4	293.7	112.3	61.37	-255.0
38.417	-129.9	289.5	114.2	52.11	-277.6
38.450	-138.1	286.1	115.8	43.13	-278.7
38.484	-144.3	282.7	117.0	33.42	-288.2
38.517	-149.0	280.3	118.0	23.92	-307.0
38.550	-152.0	278.5	118.6	13.18	-335.7
38.584	-153.1	277.7	118.9	1.317	-343.7
38.617	-152.5	278.2	118.7	-9.763	-308.4
38.650	-149.9	279.4	118.2	-19.30	-291.5
38.684	-146.1	281.4	117.4	-28.90	-295.9
38.717	-140.4	284.1	116.3	-39.22	-287.8
38.750	-133.0	287.6	114.8	-48.17	-265.3
38.783	-124.3	291.7	113.1	-56.67	-232.3
38.817	-113.9	296.1	111.0	-63.99	-218.5
38.850	-102.3	300.1	108.8	-70.79	-199.4
38.883	-89.04	303.9	106.3	-77.62	-166.6
38.917	-74.73	307.8	103.6	-81.92	-116.1
38.950	-59.69	310.9	100.9	-85.15	-97.44
38.983	-43.89	313.3	97.97	-88.46	-91.22
39.017	-27.39	314.7	94.97	-91.24	-55.51
39.050	-10.43	315.4	91.89	-92.31	29.37
39.083	6.469	314.9	88.82	-89.47	77.44
39.117	22.33	313.9	85.93	-86.44	82.88
39.150	37.96	312.0	83.06	-84.46	99.50
39.183	52.86	309.4	80.30	-79.83	154.9
39.217	66.50	306.1	77.74	-73.94	204.3
39.250	79.02	302.9	75.38	-66.46	240.1
39.283	89.79	299.5	73.31	-57.63	279.2
39.317	99.04	296.6	71.53	-48.07	291.8
39.350	106.3	294.0	70.11	-37.96	291.3
39.383	111.8	291.4	69.01	-28.69	294.4
39.417	115.7	289.3	68.20	-18.54	329.0
39.450	117.8	288.3	67.77	-6.683	358.5
39.483	117.9	288.2	67.75	5.461	358.7
39.516	116.0	289.0	68.13	17.20	347.0
39.550	112.2	290.9	68.90	28.59	333.1
39.583	106.5	293.2	70.04	39.41	293.7
39.616	98.88	296.0	71.53	48.33	268.8
39.650	90.00	299.2	73.26	56.93	263.3
39.683	79.29	302.7	75.32	66.14	248.1
39.716	66.93	306.1	77.67	73.54	207.7
39.750	53.30	309.2	80.22	79.81	177.6
39.783	38.36	311.7	82.98	85.47	148.2
39.816	22.42	313.9	85.92	89.69	84.54
39.850	5.708	315.0	88.96	91.25	50.28
39.883	-10.99	315.2	92.00	92.56	29.92
39.916	-28.23	314.4	95.13	93.74	-7.125
39.950	-45.26	312.4	98.24	92.00	-56.85
39.983	-61.67	309.8	101.3	89.68	-93.93
40.016	-77.72	306.7	104.2	86.10	-136.6
40.050	-92.59	302.9	107.0	80.36	-201.4
40.083	-106.2	298.6	109.6	72.84	-229.4
40.116	-118.1	294.4	111.9	64.73	-255.7
40.150	-128.3	289.8	113.9	56.13	-260.6
40.183	-136.9	285.9	115.6	47.05	-277.4
40.216	-144.1	282.5	117.0	37.90	-296.6
40.250	-149.3	279.4	118.1	27.24	-310.2
40.283	-152.7	277.3	118.8	17.01	-313.8
40.316	-154.7	276.3	119.3	6.637	-339.2
40.349	-154.9	276.2	119.3	-5.657	-349.0
40.383	-152.9	277.3	118.9	-16.98	-334.9
40.416	-149.4	279.2	118.1	-27.58	-292.7
40.449	-143.9	282.0	117.0	-36.95	-275.8
40.483	-137.3	285.5	115.7	-45.43	-247.3
40.516	-128.7	289.0	114.0	-53.83	-260.2
40.549	-119.1	293.4	112.1	-62.34	-255.5
40.583	-107.5	297.6	109.9	-71.26	-223.8
40.616	-94.40	302.1	107.4	-77.31	-158.3
40.649	-80.29	306.0	104.7	-81.57	-126.2
40.683	-65.30	309.5	101.9	-85.70	-112.8
40.716	-49.36	311.9	98.99	-89.20	-75.54
40.749	-32.83	313.8	95.97	-90.83	-32.02
40.783	-16.17	315.0	92.94	-91.16	-9.620
40.816	0.565	315.1	89.90	-91.46	35.12
40.849	17.31	314.1	86.85	-89.20	84.81
40.883	33.10	312.4	83.95	-85.29	131.2
40.916	48.19	309.9	81.16	-80.79	149.8
40.949	62.09	307.0	78.57	-75.05	181.0
40.983	74.85	303.8	76.16	-68.89	211.1
41.016	86.27	300.5	73.98	-61.03	254.7
41.049	95.95	296.9	72.09	-51.82	287.3
41.082	104.0	294.0	70.53	-41.88	307.5
41.116	110.2	291.6	69.30	-31.33	310.9
41.149	114.6	289.9	68.44	-21.05	342.4
41.182	117.3	288.8	67.90	-8.923	345.8
41.216	117.6	288.7	67.84	2.749	352.1
41.249	116.4	289.3	68.08	13.82	320.1
41.282	112.8	290.4	68.76	24.74	318.8
41.316	107.9	292.2	69.73	34.54	315.0
41.349	101.1	294.8	71.07	45.87	312.5
41.382	92.36	298.1	72.79	55.67	272.5
41.416	82.02	301.3	74.77	63.75	234.2
41.449	70.10	304.5	77.04	71.37	212.9
41.482	56.84	307.6	79.53	77.93	192.3
41.516	42.40	310.7	82.23	84.10	148.9
41.549	26.63	312.9	85.13	88.18	112.7
41.582	10.41	314.3	88.10	91.13	79.22
41.616	-6.635	314.6	91.21	93.81	43.15
41.649	-23.93	314.3	94.35	93.98	-16.26
41.682	-40.99	312.6	97.47	92.61	-50.73
41.716	-57.68	310.4	100.5	90.56	-85.96
41.749	-73.74	307.0	103.5	87.02	-135.0
41.782	-88.82	303.2	106.3	81.50	-184.7
41.816	-102.6	298.9	108.9	74.69	-231.7
41.849	-114.9	294.7	111.3	66.16	-261.6
41.882	-125.5	290.7	113.3	57.00	-266.4
41.915	-134.3	286.7	115.1	48.48	-241.1
41.949	-141.6	283.1	116.6	40.84	-262.4
41.982	-147.7	279.9	117.8	31.47	-314.0
42.015	-151.9	277.7	118.7	19.55	-354.2
42.049	-154.1	276.5	119.1	7.832	-347.6
42.082	-154.3	276.1	119.2	-3.592	-316.3
42.115	-152.7	276.8	118.9	-13.44	-298.8
42.149	-149.9	278.4	118.3	-23.10	-300.7
42.182	-145.2	280.7	117.3	-33.71	-300.0
42.215	-138.8	284.0	116.1	-43.17	-277.2
42.249	-130.9	287.6	114.5	-52.04	-267.5
42.282	-121.4	291.8	112.6	-61.04	-241.7
42.315	-110.1	296.0	110.4	-68.36	-190.1
42.349	-97.63	299.9	108.0	-73.56	-179.0
42.382	-84.28	303.9	105.5	-79.96	-169.9
42.415	-69.27	307.3	102.7	-85.49	-115.8
42.449	-53.54	309.8	99.80	-87.44	-65.25
42.482	-37.62	312.0	96.87	-89.55	-62.27
42.515	-21.00	313.1	93.84	-91.89	-31.81
42.549	-4.106	313.2	90.75	-91.75	32.20
42.582	12.43	312.4	87.72	-89.57	78.46
42.615	28.39	310.9	84.78	-86.53	92.57
42.648	43.65	308.9	81.96	-83.32	135.4
42.682	58.22	306.1	79.23	-77.88	184.7
42.715	71.21	302.8	76.77	-70.57	228.5
42.748	82.92	299.5	74.53	-62.89	233.4
42.782	93.02	296.4	72.58	-54.81	261.5
42.815	101.6	292.9	70.87	-45.75	302.9
42.848	108.4	290.4	69.53	-34.49	335.9
42.882	113.0	288.0	68.58	-23.18	342.2
42.915	116.0	286.8	67.98	-11.87	340.1
42.948	117.0	286.4	67.78	-0.368	351.4
42.982	116.0	286.6	67.96	11.39	353.9
43.015	113.2	288.1	68.54	23.38	333.2
43.048	108.4	290.0	69.51	33.71	295.0
43.082	101.9	292.6	70.79	42.86	279.7
43.115	94.00	295.8	72.37	52.31	275.8
43.148	84.23	299.1	74.28	61.37	257.3
43.182	72.86	302.5	76.46	69.42	228.4
43.215	60.05	306.1	78.90	76.60	191.0
43.248	45.77	308.6	81.56	82.21	161.5
43.282	30.63	311.2	84.38	87.15	140.2
43.315	14.34	312.5	87.37	91.73	111.2
43.348	-2.691	313.4	90.49	94.60	36.84
43.382	-20.10	312.9	93.68	94.34	-20.06
43.415	-37.07	311.8	96.78	92.82	-53.98
43.448	-53.85	309.8	99.86	91.05	-75.06
43.481	-69.99	306.9	102.8	87.73	-131.2
43.515	-85.27	303.2	105.7	82.45	-168.3
43.548	-99.11	299.0	108.3	76.20	-190.0
43.581	-111.8	294.5	110.8	69.96	-219.2
43.615	-123.2	290.3	113.0	61.73	-249.2
43.648	-132.6	285.8	114.9	53.01	-277.2
43.681	-140.9	282.1	116.5	43.62	-304.8
43.715	-147.1	278.9	117.8	32.49	-334.4
43.748	-151.4	276.6	118.7	21.31	-320.7
43.781	-153.9	275.1	119.2	11.01	-324.8
43.815	-154.9	274.5	119.4	-2.486E-3	-320.2
43.848	-154.0	275.2	119.2	-10.79	-320.9
43.881	-151.4	276.4	118.7	-20.98	-300.3
43.915	-146.9	278.3	117.8	-31.13	-302.5
43.948	-141.1	281.2	116.6	-40.87	-291.2
43.981	-133.4	284.8	115.1	-50.73	-279.9
44.015	-124.2	288.9	113.3	-59.50	-240.6
44.048	-113.4	293.2	111.1	-66.83	-209.2
44.081	-101.3	297.3	108.8	-73.28	-172.2
44.115	-87.80	301.1	106.3	-78.49	-150.6
44.148	-73.56	304.6	103.6	-83.05	-144.9
44.181	-58.30	307.9	100.7	-88.26	-109.0
44.214	-41.90	310.1	97.69	-90.69	-70.57
44.248	-25.48	311.3	94.68	-92.28	-25.95
44.281	-8.405	311.7	91.54	-93.09	28.82
44.314	8.292	311.5	88.47	-90.14	91.49
44.348	24.17	309.8	85.54	-86.74	111.3
44.381	39.49	308.0	82.69	-82.95	110.7
44.414	53.83	305.6	80.01	-79.09	164.6
44.448	67.48	302.5	77.42	-72.63	
44.481	79.12	298.8	75.17		
