	mass A					
t	x	y	θ	ω	α	
0.000	-31.00	315.0	95.62		
0.033	-29.83	315.1	95.41	-6.117	
0.067	-28.75	315.2	95.21	-5.905	4.019
0.100	-27.66	315.2	95.01	-5.904	-0.728
0.133	-26.58	315.2	94.82	-5.925	-21.90
0.167	-25.47	315.2	94.62	-7.212	-14.90
0.200	-23.92	315.2	94.34	-7.406	10.84
0.233	-22.75	315.3	94.13	-6.066	25.54
0.267	-21.68	315.3	93.93	-5.760	7.923E-3
0.300	-20.62	315.3	93.74	-6.068	-24.55
0.333	-19.45	315.2	93.53	-7.344	-7.627
0.367	-17.92	315.3	93.25	-7.000	9.467
0.400	-16.88	315.4	93.06	-6.132	14.88
0.433	-15.67	315.4	92.84	-6.358	1.269
0.466	-14.54	315.4	92.64	-5.947	-14.77
0.500	-13.48	315.3	92.45	-7.126	-13.05
0.533	-11.92	315.4	92.17	-7.390	6.282
0.566	-10.77	315.4	91.96	-6.208	21.88
0.600	-9.646	315.4	91.75	-6.073	3.875
0.633	-8.541	315.4	91.55	-5.956	-14.02
0.666	-7.459	315.4	91.35	-6.860	-8.236
0.700	-6.022	315.4	91.09	-6.919	10.64
0.733	-4.919	315.4	90.89	-5.785	21.55
0.766	-3.900	315.4	90.71	-5.550	11.60
0.800	-2.883	315.4	90.52	-5.105	8.568
0.833	-2.027	315.3	90.37	-4.832	8.181
0.866	-1.111	315.3	90.20	-4.709	0.743
0.900	-0.300	315.3	90.05	-4.646	10.49
0.933	0.593	315.3	89.89	-4.209	29.80
0.966	1.243	315.2	89.77	-2.578	28.69
1.000	1.539	315.4	89.72	-2.050	24.80
1.033	1.996	315.3	89.64	-1.354	22.78
1.066	2.035	315.3	89.63	-0.152	23.95
1.100	2.050	315.1	89.63	7.350E-2	4.376
1.133	2.009	315.4	89.64	0.185	17.51
1.166	1.984	315.3	89.64	1.068	18.15
1.199	1.616	315.3	89.71	1.711	28.64
1.233	1.356	315.4	89.75	2.591	9.922
1.266	0.666	315.3	89.88	2.876	19.70
1.299	0.301	315.3	89.95	3.296	27.69
1.333	-0.543	315.4	90.10	5.145	33.91
1.366	-1.586	315.4	90.29	5.543	11.68
1.399	-2.577	315.4	90.47	5.755	3.220
1.433	-3.697	315.4	90.67	5.909	5.127
1.466	-4.744	315.4	90.86	5.954	7.066
1.499	-5.880	315.3	91.07	6.444	6.523
1.533	-7.108	315.4	91.29	6.456	-2.240
1.566	-8.250	315.4	91.50	6.197	6.087
1.599	-9.380	315.3	91.70	6.797	34.68
1.633	-10.75	315.4	91.95	8.534	44.50
1.666	-12.52	315.4	92.27	9.945	9.467
1.699	-14.39	315.3	92.61	9.236	-9.010
1.733	-15.91	315.3	92.89	8.915	10.40
1.766	-17.68	315.3	93.21	10.19	24.22
1.799	-19.65	315.2	93.57	10.62	5.593
1.833	-21.58	315.2	93.92	10.44	-20.84
1.866	-23.49	315.2	94.26	9.391	-9.710
1.899	-25.03	315.1	94.54	9.362	9.790
1.933	-26.94	315.1	94.89	10.46	20.43
1.966	-28.88	315.0	95.24	10.60	2.938
1.999	-30.84	314.9	95.59	10.65	-1.015
2.032	-32.80	314.9	95.95	10.55	-3.441
2.066	-34.74	314.8	96.30	10.40	-3.843
2.099	-36.65	314.8	96.64	10.30	-4.639
2.132	-38.54	314.7	96.98	10.10	-28.24
2.166	-40.37	314.5	97.31	8.580	-29.81
2.199	-41.72	314.6	97.55	7.674	-26.75
2.232	-43.21	314.4	97.83	7.253	-17.44
2.266	-44.32	313.8	98.04	6.214	-34.90
2.299	-45.42	313.7	98.24	5.144	-19.08
2.332	-46.22	313.7	98.38	4.642	-12.27
2.366	-47.14	313.6	98.55	4.637	-13.59
2.399	-47.95	313.7	98.69	3.639	-28.23
2.432	-48.52	313.7	98.79	2.703	-34.49
2.466	-48.95	313.7	98.87	1.447	-36.56
2.499	-49.05	313.7	98.89	0.123	-33.75
2.532	-49.00	313.7	98.88	-0.735	-31.17
2.566	-48.79	313.7	98.84	-1.909	-41.84
2.599	-48.29	313.7	98.75	-3.547	-37.27
2.632	-47.47	313.8	98.60	-4.528	-5.375
2.666	-46.62	313.9	98.45	-3.905	0.852
2.699	-46.03	313.9	98.34	-4.123	-23.25
2.732	-45.10	314.0	98.17	-5.726	-28.97
2.765	-43.91	314.0	97.96	-6.148	-15.55
2.799	-42.83	314.1	97.76	-6.506	-4.507
2.832	-41.51	314.2	97.53	-6.716	-28.67
2.865	-40.34	314.2	97.32	-7.980	-13.16
2.899	-38.56	314.3	97.00	-8.314	-20.68
2.932	-37.26	314.2	96.76	-8.520	-22.35
2.965	-35.41	314.4	96.43	-10.39	-19.16
2.999	-33.44	314.4	96.07	-9.804	22.58
3.032	-31.81	314.5	95.77	-8.612	7.582
3.065	-30.31	315.0	95.50	-9.222	-15.99
3.099	-28.46	315.2	95.16	-9.990	8.954
3.132	-26.65	315.3	94.83	-8.639	12.44
3.165	-25.27	315.2	94.58	-8.650	-5.589
3.199	-23.45	315.3	94.25	-9.586	-3.155
3.232	-21.76	315.5	93.95	-8.682	13.72
3.265	-20.25	315.3	93.68	-8.486	15.23
3.299	-18.63	315.4	93.38	-7.994	-1.339
3.332	-17.32	315.4	93.14	-8.116	7.393
3.365	-15.64	315.4	92.84	-8.072	-7.239
3.399	-14.35	315.3	92.61	-8.009	13.44
3.432	-12.70	315.5	92.31	-7.785	-3.917
3.465	-11.49	315.3	92.09	-7.627	12.05
3.499	-9.895	315.4	91.80	-7.614	13.77
3.532	-8.695	315.4	91.58	-6.288	38.32
3.565	-7.586	315.4	91.38	-5.253	12.97
3.598	-6.766	315.4	91.23	-5.140	0.821
3.632	-5.699	315.4	91.04	-5.540	-9.328E-2
3.665	-4.732	315.4	90.86	-5.010	13.34
3.698	-3.860	315.3	90.70	-4.632	3.458
3.732	-3.033	315.3	90.55	-4.749	4.282
3.765	-2.119	315.4	90.38	-4.500	4.110
3.798	-1.382	315.3	90.25	-4.268	33.71
3.832	-0.554	315.4	90.10	-2.661	25.68
3.865	-0.406	315.3	90.07	-1.840	28.06
3.898	0.121	315.3	89.98	-1.544	15.03
3.932	0.160	315.3	89.97	-0.297	26.22
3.965	0.230	315.4	89.96	-5.923E-2	4.437
3.998	0.181	315.3	89.97	0.125	3.111
4.032	0.185	315.3	89.97	5.130E-2	19.80
4.065	0.163	315.3	89.97	1.314	9.928
4.098	-0.297	315.4	90.05	1.227	-4.187
4.132	-0.287	315.3	90.05	0.429	-6.658
4.165	-0.455	315.3	90.08	1.080	31.32
4.198	-0.684	315.4	90.12	2.340	19.62
4.232	-1.313	315.3	90.24	2.770	16.60
4.265	-1.700	315.4	90.31	2.977	-2.199
4.298	-2.405	315.3	90.44	3.076	11.95
4.331	-2.828	315.4	90.51	3.289	17.02
4.365	-3.612	315.4	90.66	4.559	4.185
4.398	-4.500	315.3	90.82	3.676	-5.152
4.431	-4.961	315.4	90.90	3.673	11.41
4.465	-5.849	315.4	91.06	4.925	26.56
4.498	-6.767	315.4	91.23	5.265	6.702
4.531	-7.780	315.4	91.41	5.443	5.825
4.565	-8.766	315.4	91.59	5.566	1.756
4.598	-9.823	315.4	91.78	5.646	9.042
4.631	-10.84	315.4	91.97	6.034	5.119
4.665	-12.04	315.3	92.19	6.197	1.233
4.698	-13.11	315.3	92.38	5.934	-3.106
4.731	-14.22	315.3	92.58	6.057	1.682
4.765	-15.34	315.3	92.78	6.053	8.772
4.798	-16.44	315.2	92.98	6.544	27.89
4.831	-17.74	315.3	93.22	7.948	21.12
4.865	-19.36	315.2	93.51	8.208	14.06
4.898	-20.76	315.2	93.77	8.466	-2.899
4.931	-22.47	315.1	94.08	8.472	7.648
4.965	-23.88	315.2	94.33	8.483	13.34
4.998	-25.60	315.2	94.64	9.683	5.088
5.031	-27.44	315.0	94.98	8.946	-2.611
5.065	-28.89	315.0	95.24	8.997	10.15
5.098	-30.76	315.0	95.58	10.10	22.83
5.131	-32.62	315.0	95.91	10.32	-1.224
5.164	-34.57	314.9	96.26	10.15	-20.51
5.198	-36.36	314.8	96.59	8.917	-21.55
5.231	-37.85	314.7	96.86	8.480	-17.28
5.264	-39.48	314.6	97.15	8.099	-2.829
5.298	-40.85	314.6	97.40	7.935	-15.57
5.331	-42.41	314.4	97.68	7.492	4.649
5.364	-43.56	314.0	97.90	7.685	-18.97
5.398	-45.19	313.8	98.20	7.002	-27.22
5.431	-46.13	313.7	98.36	5.139	-43.63
5.464	-47.09	313.7	98.54	4.486	-11.33
5.498	-47.81	313.7	98.66	4.124	-16.74
5.531	-48.63	313.7	98.81	3.683	-45.54
5.564	-49.16	313.6	98.91	1.075	-55.03
5.598	-49.03	313.7	98.88	-0.436	-22.24
5.631	-49.01	313.7	98.88	-6.751E-2	-14.28
5.664	-49.01	313.7	98.88	-1.239	-28.26
5.698	-48.56	313.8	98.80	-2.331	-41.12
5.731	-48.17	313.9	98.72	-3.567	-32.16
5.764	-47.23	313.8	98.56	-4.893	-38.10
5.798	-46.33	313.8	98.40	-5.764	-14.94
5.831	-45.10	313.9	98.18	-6.225	-12.50
5.864	-44.04	314.0	97.98	-6.264	-9.339
5.897	-42.79	314.1	97.76	-7.018	-28.94
5.931	-41.44	314.1	97.52	-8.080	-15.45
5.964	-39.81	314.2	97.22	-8.322	-22.37
5.997	-38.36	314.1	96.96	-9.103	-28.38
6.031	-36.44	314.3	96.61	-10.65	-17.43
6.064	-34.44	314.4	96.25	-10.22	18.70
6.097	-32.69	314.6	95.93	-9.241	6.647
6.131	-31.09	315.0	95.64	-9.659	-13.71
6.164	-29.17	315.1	95.29	-10.42	-14.20
6.197	-27.25	315.2	94.94	-10.49	-4.795
6.231	-25.30	315.2	94.59	-10.73	-3.647
6.264	-23.29	315.2	94.23	-10.79	-2.488
6.297	-21.33	315.3	93.87	-10.82	5.956
6.331	-19.32	315.3	93.51	-10.52	3.596
6.364	-17.46	315.3	93.17	-10.38	0.867
6.397	-15.49	315.3	92.81	-10.62	25.55
6.431	-13.56	315.4	92.46	-8.860	22.33
6.464	-12.24	315.3	92.22	-8.473	-2.585
6.497	-10.44	315.3	91.90	-9.665	1.028
6.531	-8.694	315.4	91.58	-8.355	20.95
6.564	-7.377	315.3	91.34	-7.849	18.88
6.597	-5.813	315.4	91.06	-7.596	18.08
6.631	-4.592	315.4	90.83	-6.324	9.698
6.664	-3.491	315.3	90.63	-6.864	4.435
6.697	-2.073	315.3	90.38	-6.503	15.08
6.730	-1.107	315.3	90.20	-5.367	28.54
6.764	-0.104	315.3	90.02	-4.888	8.777
6.797	0.686	315.3	89.88	-4.567	18.08
6.830	1.570	315.3	89.71	-3.963	43.80
6.864	2.139	315.3	89.61	-1.582	55.08
6.897	2.151	315.3	89.61	8.927E-3	25.97
6.930	2.136	315.3	89.61	-3.202E-2	3.226
6.964	2.162	315.3	89.61	0.140	13.33
6.997	2.084	315.2	89.62	0.888	10.66
7.030	1.837	315.3	89.67	0.993	10.81
7.064	1.720	315.3	89.69	1.339	25.82
7.097	1.346	315.4	89.76	2.850	23.67
7.130	0.675	315.3	89.88	3.123	12.16
7.164	0.200	315.3	89.96	3.292	15.98
7.197	-0.532	315.4	90.10	4.405	1.441
7.230	-1.416	315.3	90.26	3.582	-5.285
7.264	-1.846	315.4	90.34	3.481	12.92
7.297	-2.692	315.4	90.49	4.901	24.66
7.330	-3.644	315.4	90.66	5.062	2.159
7.364	-4.550	315.4	90.83	4.964	-20.14
7.397	-5.465	315.3	90.99	3.903	-10.33
7.430	-5.981	315.4	91.09	3.816	11.02
7.463	-6.866	315.4	91.25	5.047	22.46
7.497	-7.834	315.4	91.42	5.240	7.276
7.530	-8.790	315.4	91.60	5.455	4.609
7.563	-9.835	315.4	91.79	5.632	1.157
7.597	-10.86	315.4	91.97	5.486	-1.861
7.630	-11.85	315.4	92.15	5.487	-0.671
7.663	-12.87	315.3	92.34	5.485	1.402
7.697	-13.86	315.3	92.52	5.530	3.724
7.730	-14.90	315.3	92.71	5.762	4.074
7.763	-15.98	315.3	92.90	5.824	2.429
7.797	-17.04	315.3	93.09	5.880	0.494
7.830	-18.14	315.2	93.29	5.906	1.578
7.863	-19.21	315.2	93.49	5.931	0.845
7.897	-20.32	315.2	93.69	6.008	4.127
7.930	-21.42	315.2	93.89	6.158	28.45
7.963	-22.59	315.3	94.10	7.755	20.63
7.997	-24.28	315.2	94.40	8.069	14.27
8.030	-25.56	315.2	94.64	8.035	-10.70
8.063	-27.23	315.1	94.94	7.982	-8.529
8.097	-28.49	314.9	95.17	6.975	-8.571E-2
8.130	-29.80	315.0	95.40	8.035	12.57
8.163	-31.45	314.9	95.70	8.178	9.607
8.197	-32.82	314.9	95.95	8.197	-6.377
8.230	-34.47	314.8	96.25	8.216	4.185
8.263	-35.85	314.8	96.50	8.041	-12.80
8.296	-37.45	314.7	96.79	7.780	5.746
8.330	-38.72	314.7	97.02	7.935	-16.97
8.363	-40.38	314.5	97.31	7.311	-19.05
8.396	-41.42	314.5	97.50	5.991	-6.845
8.430	-42.59	314.4	97.71	7.083	2.504
8.463	-43.98	313.9	97.97	6.512	-23.41
8.496	-44.93	313.8	98.15	5.059	-37.31
8.530	-45.84	313.8	98.31	4.269	-18.33
8.563	-46.51	313.7	98.43	3.662	-29.30
8.596	-47.20	313.7	98.56	2.586	-48.16
8.630	-47.47	313.7	98.60	0.291	-41.32
8.663	-47.31	313.7	98.58	-0.408	-11.14
8.696	-47.32	313.7	98.58	-0.124	-5.933
8.730	-47.26	313.7	98.57	-0.847	-22.80
8.763	-47.01	313.7	98.52	-1.722	-15.60
8.796	-46.64	313.9	98.45	-1.925	-26.90
8.830	-46.30	313.8	98.39	-3.223	-46.09
8.863	-45.44	313.9	98.24	-5.329	-43.12
8.896	-44.32	313.8	98.04	-6.075	-9.093
8.930	-43.19	313.9	97.83	-5.895	-3.032
8.963	-42.15	314.0	97.64	-6.125	-10.41
8.996	-40.93	314.1	97.42	-6.744	-15.81
9.029	-39.67	314.2	97.20	-7.116	-23.96
9.063	-38.30	314.2	96.95	-8.258	-20.06
9.096	-36.61	314.3	96.65	-8.739	-19.38
9.129	-35.08	314.3	96.37	-9.176	-21.20
9.163	-33.23	314.4	96.03	-10.41	-24.43
9.196	-31.24	314.4	95.67	-10.78	3.629E-2
9.229	-29.26	314.5	95.32	-10.41	-0.906
9.263	-27.41	314.5	94.98	-10.64	-5.200
9.296	-25.38	315.1	94.61	-11.02	-5.286
9.329	-23.40	315.2	94.25	-10.83	3.966
9.363	-21.40	315.3	93.88	-10.82	-0.299
9.396	-19.43	315.3	93.53	-10.82	2.874
9.429	-17.43	315.3	93.16	-10.68	0.416
9.463	-15.50	315.3	92.81	-10.69	3.679
9.496	-13.49	315.3	92.45	-10.57	31.75
9.529	-11.62	315.4	92.11	-8.675	20.18
9.563	-10.31	315.3	91.87	-8.612	-4.023
9.596	-8.453	315.3	91.54	-9.663	1.507
9.629	-6.764	315.4	91.23	-8.296	21.97
9.663	-5.408	315.3	90.98	-7.926	13.65
9.696	-3.856	315.3	90.70	-7.772	22.47
9.729	-2.559	315.4	90.46	-6.267	33.74
9.763	-1.558	315.4	90.28	-5.401	13.99
9.796	-0.578	315.3	90.11	-5.422	11.36
9.829	0.431	315.4	89.92	-4.779	11.22
9.862	1.174	315.2	89.79	-4.406	12.94
9.896	2.047	315.3	89.63	-4.200	17.02
9.929	2.714	315.3	89.51	-3.135	36.33
9.962	3.196	315.2	89.42	-1.827	41.89
9.996	3.384	315.2	89.38	-0.293	31.78
10.029	3.303	315.3	89.40	0.394	21.42
10.062	3.240	315.3	89.41	0.932	10.52
10.096	2.962	315.3	89.46	1.301	7.241
10.129	2.764	315.3	89.50	1.245	2.211
10.162	2.505	315.3	89.54	1.511	32.93
10.196	2.209	315.3	89.60	3.216	40.81
10.229	1.326	315.4	89.76	4.692	30.74
10.262	0.489	315.4	89.91	4.946	-12.91
10.296	-0.488	315.3	90.09	4.129	-7.886
10.329	-1.026	315.3	90.19	3.887	11.55
10.362	-1.914	315.4	90.35	5.280	25.35
10.396	-2.962	315.3	90.54	5.585	4.446
10.429	-3.962	315.3	90.72	5.473	4.592
10.462	-4.970	315.3	90.90	5.863	2.715
10.496	-6.113	315.3	91.11	5.815	-2.335
10.529	-7.103	315.3	91.29	5.519	-3.032
10.562	-8.138	315.3	91.48	5.699	3.031
10.595	-9.194	315.3	91.67	5.726	4.121
10.629	-10.24	315.3	91.86	5.923	3.352
10.662	-11.37	315.3	92.06	6.036	-1.787
10.695	-12.45	315.3	92.26	5.760	-1.740
10.729	-13.48	315.3	92.45	5.854	27.81
10.762	-14.61	315.3	92.65	7.507	16.56
10.795	-16.24	315.3	92.95	7.521	-8.322
10.829	-17.37	315.3	93.15	6.329	3.140
10.862	-18.57	315.3	93.37	7.801	13.00
10.895	-20.23	315.2	93.67	7.724	-15.14
10.929	-21.41	315.2	93.89	6.243	0.639
10.962	-22.54	315.2	94.09	7.698	15.13
10.995	-24.24	315.1	94.40	7.916	-7.156
11.029	-25.45	315.1	94.62	6.597	-3.160
11.062	-26.67	315.1	94.84	7.756	8.880
11.095	-28.30	315.0	95.13	7.672	-5.328
11.129	-29.49	315.0	95.35	6.846	0.667
11.162	-30.83	315.0	95.59	7.895	10.56
11.195	-32.40	314.9	95.88	7.802	5.044
11.229	-33.71	314.9	96.11	7.804	-12.77
11.262	-35.28	314.8	96.40	7.444	-16.43
11.295	-36.44	314.7	96.61	6.278	0.736
11.329	-37.61	314.7	96.81	7.472	7.989
11.362	-39.21	314.6	97.10	7.357	-21.13
11.395	-40.33	314.6	97.30	5.569	-32.41
11.428	-41.27	314.6	97.47	5.245	-5.263
11.462	-42.26	314.5	97.65	5.324	-2.066
11.495	-43.17	313.9	97.83	5.103	-13.27
11.528	-44.07	313.8	97.99	4.461	-15.70
11.562	-44.82	313.8	98.13	3.955	-13.21
11.595	-45.55	313.9	98.26	3.669	-26.14
11.628	-46.17	313.8	98.37	2.309	-51.11
11.662	-46.39	313.7	98.41	0.132	-39.44
11.695	-46.22	313.8	98.38	-0.522	-8.662
11.728	-46.20	313.8	98.38	-0.170	-0.825
11.762	-46.17	313.8	98.37	-0.598	-20.00
11.795	-46.01	314.0	98.34	-1.522	-16.48
11.828	-45.61	313.9	98.27	-1.835	-32.98
11.862	-45.31	313.9	98.21	-3.325	-39.25
11.895	-44.38	314.0	98.05	-4.989	-37.44
11.928	-43.46	313.9	97.88	-5.476	-8.102
11.962	-42.35	314.0	97.68	-5.737	-6.820
11.995	-41.34	314.1	97.50	-5.727	-3.931
12.028	-40.24	314.2	97.30	-6.108	-13.59
12.062	-39.09	314.2	97.09	-6.570	-10.74
12.095	-37.81	314.2	96.86	-6.914	-4.366
12.128	-36.55	314.4	96.63	-6.815	-23.37
12.161	-35.31	314.4	96.41	-8.237	-31.34
12.195	-33.50	314.3	96.08	-9.395	-12.23
12.228	-31.85	314.5	95.78	-8.776	-1.763
12.261	-30.32	315.0	95.50	-9.360	-13.69
12.295	-28.44	315.1	95.16	-10.00	7.131
12.328	-26.64	315.2	94.83	-8.839	8.864
12.361	-25.19	315.2	94.57	-9.010	-13.95
12.395	-23.32	315.3	94.23	-10.21	-22.81
12.428	-21.42	315.2	93.89	-10.38	23.75
12.461	-19.51	315.4	93.54	-8.873	16.13
12.495	-18.16	315.3	93.30	-8.643	-11.18
12.528	-16.32	315.3	92.96	-10.21	-20.23
12.561	-14.41	315.3	92.62	-9.921	25.53
12.595	-12.68	315.4	92.30	-8.477	15.53
12.628	-11.30	315.3	92.05	-8.536	13.77
12.661	-9.546	315.4	91.73	-8.182	-1.444
12.695	-8.293	315.3	91.51	-7.933	11.82
12.728	-6.633	315.4	91.20	-8.056	-2.705
12.761	-5.337	315.3	90.97	-7.591	14.49
12.795	-3.847	315.4	90.70	-7.478	24.77
12.828	-2.594	315.4	90.47	-5.821	29.16
12.861	-1.711	315.3	90.31	-5.275	17.91
12.895	-0.659	315.4	90.12	-5.008	5.115
12.928	0.126	315.3	89.98	-4.612	10.91
12.961	1.032	315.3	89.81	-4.537	0.105
12.994	1.789	315.3	89.67	-4.403	19.83
13.028	2.646	315.2	89.52	-3.517	41.59
13.061	3.079	315.3	89.44	-1.398	50.32
13.094	3.160	315.3	89.43	-0.103	23.73
13.128	3.117	315.3	89.43	0.153	14.18
13.161	3.104	315.3	89.44	0.684	16.02
13.194	2.866	315.2	89.48	1.392	14.61
13.228	2.593	315.3	89.53	1.585	23.88
13.261	2.285	315.3	89.58	2.832	23.04
13.294	1.555	315.3	89.72	3.505	21.61
13.328	1.000	315.3	89.82	3.852	13.69
13.361	0.142	315.3	89.97	4.716	16.73
13.394	-0.730	315.4	90.13	4.846	12.39
13.428	-1.635	315.4	90.30	5.485	11.05
13.461	-2.741	315.4	90.50	5.763	2.649
13.494	-3.749	315.3	90.68	5.504	-1.192
13.528	-4.760	315.3	90.86	5.699	3.120
13.561	-5.839	315.3	91.06	5.779	4.109
13.594	-6.881	315.4	91.25	5.886	1.562
13.628	-8.000	315.4	91.45	5.975	1.517
13.661	-9.074	315.4	91.65	5.913	-1.919
13.694	-10.17	315.3	91.85	5.894	2.865
13.727	-11.24	315.3	92.04	6.041	2.527
13.761	-12.39	315.3	92.25	6.154	3.946
13.794	-13.49	315.2	92.45	6.213	23.44
13.827	-14.67	315.4	92.66	7.608	15.91
13.861	-16.29	315.3	92.96	7.753	15.52
13.894	-17.52	315.4	93.18	7.973	-8.377
13.927	-19.22	315.3	93.49	7.912	-14.35
13.961	-20.43	315.2	93.71	6.458	-8.260E-3
13.994	-21.60	315.3	93.92	7.865	16.05
14.027	-23.32	315.1	94.23	8.144	13.87
14.061	-24.59	315.1	94.46	8.063	-13.26
14.094	-26.29	315.1	94.77	7.943	9.893
14.127	-27.52	315.1	94.99	8.008	-9.021
14.161	-29.24	315.0	95.30	8.079	10.85
14.194	-30.50	315.0	95.53	8.013	-10.09
14.227	-32.19	314.9	95.84	8.087	-11.70
14.261	-33.47	314.8	96.07	6.773	-5.632
14.294	-34.69	314.9	96.29	7.659	5.039
14.327	-36.30	314.7	96.58	7.609	11.85
14.361	-37.50	314.7	96.80	7.784	-13.68
14.394	-39.17	314.6	97.10	7.464	-18.67
14.427	-40.26	314.6	97.29	5.881	-37.54
14.461	-41.36	314.6	97.49	5.298	-6.511
14.494	-42.21	314.5	97.65	5.189	-9.200
14.527	-43.20	313.9	97.84	5.020	-4.469
14.560	-44.00	313.9	97.98	4.585	-13.31
14.594	-44.90	313.9	98.14	4.369	-13.45
14.627	-45.62	313.8	98.27	3.568	-35.29
14.660	-46.21	313.7	98.38	2.144	-50.05
14.694	-46.41	313.8	98.41	0.105	-36.16
14.727	-46.24	313.7	98.39	-0.439	-8.851
14.760	-46.23	313.6	98.38	-0.209	-2.713
14.794	-46.20	313.9	98.37	-0.685	-17.25
14.827	-46.00	313.8	98.34	-1.365	-17.89
14.860	-45.69	313.9	98.28	-1.917	-30.75
14.894	-45.28	313.8	98.21	-3.245	-36.67
14.927	-44.49	314.0	98.06	-4.633	-11.52
14.960	-43.58	314.0	97.90	-4.033	2.331
14.994	-42.99	314.0	97.80	-4.079	-18.90
15.027	-42.08	314.1	97.63	-5.575	-26.70
15.060	-40.94	314.1	97.42	-5.945	-16.62
15.094	-39.88	314.2	97.23	-6.422	-7.606
15.127	-38.57	314.2	97.00	-6.749	-33.85
15.160	-37.39	314.2	96.78	-8.196	-11.99
15.194	-35.55	314.4	96.45	-8.371	-8.446
15.227	-34.31	314.5	96.23	-7.855	8.575
15.260	-32.66	314.6	95.93	-8.448	-22.64
15.293	-31.25	315.0	95.66	-8.895	-14.50
15.327	-29.42	315.1	95.33	-9.798	4.785
15.360	-27.64	315.3	95.01	-8.563	6.391
15.393	-26.26	315.1	94.76	-8.859	-14.21
15.427	-24.38	315.3	94.42	-10.10	3.054
15.460	-22.55	315.4	94.09	-8.591	15.58
15.493	-21.21	315.3	93.85	-8.529	-11.53
15.527	-19.41	315.3	93.52	-9.898	1.066
15.560	-17.57	315.4	93.19	-8.516	10.76
15.593	-16.27	315.3	92.95	-8.532	-4.751
15.627	-14.43	315.3	92.62	-9.541	1.656
15.660	-12.77	315.5	92.32	-8.192	17.57
15.693	-11.42	315.3	92.07	-8.084	8.701
15.727	-9.801	315.4	91.78	-8.064	-1.612
15.760	-8.462	315.3	91.54	-7.791	16.71
15.793	-6.941	315.4	91.26	-7.340	15.23
15.827	-5.769	315.4	91.05	-6.425	29.76
15.860	-4.583	315.4	90.83	-5.624	14.54
15.893	-3.705	315.4	90.67	-5.159	12.10
15.927	-2.691	315.4	90.49	-5.106	0.395
15.960	-1.832	315.3	90.33	-4.922	8.330
15.993	-0.885	315.3	90.16	-4.741	1.114
16.026	-9.358E-2	315.3	90.02	-4.646	10.84
16.060	0.818	315.2	89.85	-4.273	31.21
16.093	1.474	315.3	89.73	-2.475	36.08
16.126	1.726	315.2	89.69	-1.621	23.32
16.160	2.068	315.3	89.62	-1.237	20.15
16.193	2.180	315.3	89.60	-0.133	19.77
16.226	2.116	315.2	89.62	0.155	18.17
16.260	2.122	315.2	89.61	0.832	11.35
16.293	1.812	315.4	89.67	1.250	12.33
16.326	1.664	315.3	89.70	1.327	22.45
16.360	1.325	315.3	89.76	2.821	22.10
16.393	0.630	315.3	89.89	3.099	10.89
16.426	0.188	315.4	89.97	3.111	20.71
16.460	-0.511	315.4	90.09	4.659	30.57
16.493	-1.520	315.4	90.28	5.315	-11.52
16.526	-2.461	315.3	90.45	3.893	-18.34
16.560	-2.948	315.3	90.54	3.629	11.86
16.593	-3.792	315.3	90.69	5.070	26.41
16.626	-4.808	315.3	90.87	5.403	12.73
16.660	-5.774	315.3	91.05	5.743	6.192
16.693	-6.915	315.3	91.26	6.003	2.390
16.726	-7.976	315.3	91.45	5.775	-3.710
16.760	-9.034	315.3	91.64	5.780	1.901
16.793	-10.10	315.3	91.83	5.894	1.176
16.826	-11.20	315.3	92.03	5.898	1.971
16.859	-12.26	315.3	92.23	5.963	5.089
16.893	-13.39	315.3	92.43	6.273	29.25
16.926	-14.57	315.3	92.65	7.745	16.50
16.959	-16.23	315.2	92.95	7.895	-5.931
16.993	-17.47	315.2	93.17	6.815	0.343
17.026	-18.74	315.3	93.40	7.959	11.07
17.059	-20.39	315.2	93.70	7.987	10.85
17.093	-21.68	315.2	93.93	8.077	-6.438
17.126	-23.36	315.1	94.24	8.172	14.06
17.159	-24.68	315.2	94.48	8.386	-4.364
17.193	-26.45	315.0	94.80	8.535	7.503
17.226	-27.82	315.1	95.05	8.278	8.836
17.259	-29.51	315.1	95.35	9.468	4.347
17.293	-31.31	315.0	95.68	8.711	-7.040
17.326	-32.72	314.9	95.93	8.499	-19.35
17.359	-34.44	314.8	96.24	8.032	4.506
17.393	-35.69	314.9	96.47	8.079	-12.53
17.426	-37.43	314.7	96.78	8.010	8.024
17.459	-38.64	314.7	97.00	7.804	-19.28
17.493	-40.31	314.5	97.30	7.524	-22.62
17.526	-41.41	314.5	97.50	5.707	-33.60
17.559	-42.43	314.5	97.68	5.436	-7.184
17.592	-43.42	314.3	97.86	5.281	-3.931
17.626	-44.32	314.0	98.03	5.134	-9.459
17.659	-45.26	313.8	98.21	4.728	-16.04
17.692	-46.05	313.7	98.35	3.999	-13.44
17.726	-46.73	313.7	98.47	3.780	-44.72
17.759	-47.45	313.7	98.60	1.446	-53.09
17.792	-47.27	313.7	98.57	-0.537	-30.71
17.826	-47.26	313.7	98.57	-0.114	-9.742
17.859	-47.23	313.7	98.56	-1.124	-20.65
17.892	-46.86	313.9	98.49	-1.804	-15.84
17.926	-46.57	313.8	98.44	-1.902	-27.57
17.959	-46.15	313.9	98.36	-3.607	-45.11
17.992	-45.25	314.0	98.20	-5.190	-27.64
18.026	-44.23	313.9	98.02	-5.353	-12.09
18.059	-43.25	313.9	97.84	-5.841	-8.322
18.092	-42.07	314.1	97.63	-6.135	-11.19
18.126	-41.00	314.2	97.44	-6.344	-7.809
18.159	-39.73	314.2	97.21	-6.844	-28.03
18.192	-38.46	314.2	96.98	-7.973	-15.67
18.226	-36.78	314.3	96.68	-8.328	-19.23
18.259	-35.39	314.3	96.42	-8.704	5.423
18.292	-33.58	314.5	96.10	-8.590	-2.661
18.326	-32.23	314.5	95.85	-8.222	7.923
18.359	-30.56	314.6	95.55	-8.581	-18.71
18.392	-29.12	315.1	95.28	-9.042	-17.66
18.425	-27.27	315.2	94.94	-10.11	-18.56
18.459	-25.39	315.2	94.61	-10.16	23.64
18.492	-23.53	315.3	94.27	-8.723	17.70
18.525	-22.18	315.3	94.02	-8.420	-7.796
18.559	-20.43	315.3	93.71	-9.730	-2.443
18.592	-18.61	315.4	93.38	-8.663	20.32
18.625	-17.25	315.4	93.13	-7.911	15.15
18.659	-15.70	315.5	92.85	-8.040	-11.79
18.692	-14.31	315.9	92.59	-8.402	6.180
18.725	-12.63	316.0	92.29	-8.055	-1.884
18.759	-11.35	316.0	92.06	-7.964	17.50
18.792	-9.702	316.1	91.76	-7.540	18.31
18.825	-8.579	316.1	91.55	-6.180	6.841
18.859	-7.427	316.0	91.35	-7.177	-10.91
18.892	-5.939	316.0	91.08	-7.278	19.05
18.925	-4.753	316.0	90.86	-5.655	30.60
18.959	-3.860	316.0	90.70	-5.093	11.63
18.992	-2.880	316.0	90.52	-5.096	0.751
19.025	-1.986	316.0	90.36	-4.932	8.703
19.059	-1.067	315.9	90.19	-4.625	11.30
19.092	-0.287	315.9	90.05	-4.083	32.78
19.125	0.433	316.0	89.92	-2.631	19.99
19.158	0.680	315.9	89.88	-2.273	15.25
19.192	1.269	316.0	89.77	-2.208	29.62
19.225	1.491	316.0	89.73	-4.844E-2	38.82
19.258	1.286	316.0	89.77	0.638	6.841
19.292	1.257	316.0	89.77	0.112	0.466
19.325	1.245	316.0	89.77	0.641	14.08
19.358	1.021	315.9	89.81	1.222	8.364
19.392	0.796	315.9	89.86	1.130	1.650
19.425	0.606	315.9	89.89	1.271	23.42
19.458	0.329	316.0	89.94	2.614	18.22
19.492	-0.354	315.9	90.06	2.887	18.56
19.525	-0.732	316.0	90.13	3.279	17.16
19.558	-1.559	316.0	90.28	4.500	3.649
19.592	-2.385	315.9	90.43	3.489	-6.041
19.625	-2.842	316.0	90.52	3.645	13.09
19.658	-3.725	316.0	90.68	4.833	26.04
19.692	-4.619	316.0	90.84	5.176	6.715
19.725	-5.629	316.0	91.02	5.384	7.472
19.758	-6.599	316.1	91.20	5.558	5.749
19.792	-7.672	316.0	91.39	5.860	2.681
19.825	-8.753	316.0	91.59	5.724	-3.165
19.858	-9.777	316.0	91.77	5.598	5.198
19.892	-10.81	316.0	91.96	6.041	6.925
19.925	-12.00	316.0	92.17	6.209	4.640
19.958	-13.09	315.9	92.37	6.189	-4.921
19.991	-14.28	315.9	92.59	6.036	1.998
20.025	-15.31	315.9	92.78	6.115	26.71
20.058	-16.53	315.9	92.99	7.822	22.42
20.091	-18.19	315.8	93.30	8.045	-6.561
20.125	-19.49	315.8	93.53	6.929	-7.769E-2
20.158	-20.75	315.8	93.76	7.995	14.43
20.191	-22.44	315.8	94.06	8.349	12.04
20.225	-23.82	315.7	94.31	8.293	-8.616
20.258	-25.48	315.6	94.62	8.221	10.31
20.291	-26.86	315.7	94.86	8.485	10.34
20.325	-28.63	315.7	95.18	9.368	3.568
20.358	-30.31	315.5	95.49	8.591	-5.327
20.391	-31.75	315.0	95.75	8.770	-7.262
20.425	-33.49	314.9	96.07	8.545	-2.157
20.458	-34.89	314.8	96.32	8.154	6.319
20.491	-36.51	314.8	96.61	9.206	1.980
20.525	-38.29	314.7	96.94	8.502	-11.26
20.558	-39.65	314.7	97.18	7.967	-31.01
20.591	-41.23	314.6	97.47	7.011	-21.15
20.625	-42.23	314.5	97.65	5.938	-25.06
20.658	-43.36	313.9	97.86	5.807	-6.540
20.691	-44.30	313.8	98.04	5.234	-18.86
20.724	-45.29	313.8	98.21	4.745	-6.585
20.758	-46.07	313.8	98.35	4.568	-18.92
20.791	-46.97	313.6	98.52	3.835	-38.39
20.824	-47.48	313.7	98.61	1.770	-36.32
20.858	-47.65	313.8	98.63	1.244	-17.90
20.891	-47.95	313.7	98.69	0.936	-31.46
20.924	-48.00	313.8	98.70	-0.954	-36.73
20.958	-47.61	313.8	98.63	-1.787	-37.62
20.991	-47.33	313.8	98.58	-2.983	-39.16
21.024	-46.50	313.8	98.43	-4.832	-19.19
21.058	-45.56	314.0	98.26	-4.264	2.741
21.091	-44.93	314.0	98.14	-4.227	-15.76
21.124	-43.98	314.0	97.97	-5.611	-30.83
21.158	-42.86	314.1	97.77	-6.288	-15.88
21.191	-41.67	314.1	97.56	-6.612	-25.47
21.224	-40.40	314.1	97.33	-7.861	-18.19
21.258	-38.76	314.3	97.03	-8.209	-24.48
21.291	-37.38	314.3	96.78	-8.924	-16.64
21.324	-35.45	314.2	96.44	-9.901	1.388
21.358	-33.73	314.5	96.12	-8.611	14.82
21.391	-32.29	314.5	95.86	-8.626	4.538
21.424	-30.57	314.7	95.55	-8.767	-12.38
21.458	-29.11	315.1	95.28	-8.997	-14.73
21.491	-27.28	315.1	94.95	-10.09	-20.95
21.524	-25.40	315.2	94.61	-10.30	-1.219
21.557	-23.49	315.3	94.26	-10.19	25.13
21.591	-21.65	315.4	93.93	-8.754	16.53
21.624	-20.27	315.3	93.68	-8.588	-9.144
21.657	-18.49	315.3	93.36	-9.838	2.090
21.691	-16.66	315.4	93.02	-8.541	12.37
21.724	-15.35	315.3	92.79	-8.392	18.14
21.757	-13.57	315.5	92.46	-8.131	-4.953
21.791	-12.36	315.3	92.24	-7.902	16.00
21.824	-10.67	315.4	91.94	-7.864	-6.802
21.857	-9.472	315.3	91.72	-7.613	16.40
21.891	-7.870	315.4	91.43	-7.466	13.32
21.924	-6.733	315.4	91.22	-6.205	35.59
21.957	-5.594	315.4	91.02	-5.394	13.59
21.991	-4.753	315.4	90.86	-5.004	4.094
22.024	-3.757	315.4	90.68	-5.367	-1.605
22.057	-2.784	315.4	90.51	-5.067	10.27
22.091	-1.898	315.3	90.34	-4.650	8.236
22.124	-1.079	315.3	90.20	-4.497	3.170
22.157	-0.249	315.3	90.05	-4.477	12.20
22.191	0.563	315.2	89.90	-3.763	29.43
22.224	1.131	315.2	89.79	-2.427	56.31
22.257	1.454	315.3	89.74	-0.146	25.87
22.290	1.184	315.3	89.78	-0.112	10.89
22.324	1.494	315.3	89.73	-0.301	2.762
22.357	1.295	315.3	89.76	0.745	26.53
22.390	1.221	315.3	89.78	1.073	3.662
22.424	0.901	315.2	89.84	1.295	0.397
22.457	0.746	315.2	89.86	0.871	-6.519
22.490	0.582	315.3	89.89	0.929	32.45
22.524	0.406	315.4	89.93	2.778	26.17
22.557	-0.437	315.3	90.08	3.364	11.26
22.590	-0.828	315.3	90.15	2.818	-8.127
22.624	-1.470	315.3	90.27	3.234	13.92
22.657	-2.013	315.3	90.37	3.494	20.47
22.690	-2.752	315.4	90.50	4.693	23.97
22.724	-3.735	315.3	90.68	5.225	6.635
22.757	-4.669	315.4	90.85	5.013	3.440
22.790	-5.575	315.4	91.01	5.387	6.436
22.824	-6.645	315.4	91.21	5.613	5.124
22.857	-7.634	315.3	91.39	5.573	-0.976
22.890	-8.690	315.3	91.58	5.650	1.898
22.924	-9.706	315.3	91.76	5.630	1.225
22.957	-10.76	315.3	91.95	5.765	4.374
22.990	-11.82	315.3	92.15	5.907	3.421
23.024	-12.93	315.3	92.35	6.013	0.547
23.057	-14.03	315.3	92.55	5.945	3.441
23.090	-15.11	315.3	92.74	6.174	2.041
23.123	-16.30	315.2	92.96	6.216	-0.891
23.157	-17.39	315.2	93.16	5.991	5.463
23.190	-18.50	315.2	93.36	6.555	29.46
23.223	-19.80	315.3	93.59	7.970	19.20
23.257	-21.43	315.2	93.89	8.118	14.21
23.290	-22.80	315.3	94.14	8.429	14.80
23.323	-24.53	315.1	94.45	9.509	-1.154
23.357	-26.29	315.1	94.77	8.374	-8.816
23.390	-27.63	315.2	95.01	8.413	-4.749
23.423	-29.38	314.9	95.33	8.699	8.146
23.457	-30.83	315.0	95.59	8.432	-9.999
23.490	-32.49	314.9	95.89	8.440	8.325
23.523	-33.93	314.8	96.15	8.597	8.098
23.557	-35.67	314.8	96.46	9.309	-8.021
23.590	-37.38	314.8	96.77	8.087	-13.50
23.623	-38.66	314.7	97.00	7.954	-16.76
23.657	-40.30	314.5	97.30	7.612	-20.27
23.690	-41.45	314.4	97.51	6.098	-2.282
23.723	-42.50	314.0	97.71	7.396	1.966
23.757	-44.13	313.8	98.00	6.946	-21.12
23.790	-45.06	313.8	98.17	5.206	-38.75
23.823	-46.06	313.8	98.35	4.774	-16.99
23.856	-46.82	313.7	98.49	3.911	-17.18
23.890	-47.51	313.7	98.61	3.645	-37.19
23.923	-48.19	313.7	98.73	1.737	-51.96
23.956	-48.16	313.7	98.73	-0.333	-33.49
23.990	-48.07	313.7	98.71	-0.303	-19.87
24.023	-48.05	313.8	98.71	-1.390	-19.35
24.056	-47.55	313.8	98.62	-2.076	-39.16
24.090	-47.28	313.8	98.57	-3.371	-37.84
24.123	-46.30	313.8	98.39	-5.233	-37.60
24.156	-45.35	313.9	98.22	-5.545	-6.206
24.190	-44.26	314.0	98.02	-5.769	-10.96
24.223	-43.21	314.0	97.84	-6.120	-5.742
24.256	-42.00	314.1	97.62	-6.343	-12.61
24.290	-40.88	314.2	97.41	-6.729	-4.781
24.323	-39.52	314.3	97.17	-6.942	-30.03
24.356	-38.30	314.2	96.95	-8.265	-33.43
24.390	-36.46	314.3	96.62	-9.768	-10.28
24.423	-34.70	314.4	96.30	-8.741	4.942
24.456	-33.23	314.4	96.03	-9.090	-7.073
24.490	-31.35	314.4	95.69	-9.716	0.209
24.523	-29.67	314.7	95.39	-8.828	3.700
24.556	-28.14	315.0	95.10	-9.308	-15.01
24.590	-26.28	315.2	94.77	-10.14	-16.61
24.623	-24.42	315.2	94.43	-10.26	22.90
24.656	-22.51	315.3	94.08	-8.879	15.98
24.689	-21.15	315.3	93.84	-8.558	-5.678
24.723	-19.36	315.4	93.51	-9.818	2.015
24.756	-17.54	315.4	93.18	-8.463	7.931
24.789	-16.24	315.3	92.95	-8.655	-3.732
24.823	-14.36	315.3	92.61	-9.478	6.111
24.856	-12.76	315.4	92.32	-7.913	16.77
24.889	-11.45	315.3	92.08	-8.101	6.438
24.923	-9.784	315.4	91.78	-8.029	18.40
24.956	-8.505	315.4	91.54	-6.502	16.64
24.989	-7.396	315.3	91.34	-6.823	1.730
25.023	-5.999	315.4	91.09	-6.797	8.588
25.056	-4.903	315.4	90.89	-5.912	23.67
25.089	-3.830	315.4	90.70	-5.385	15.12
25.123	-2.927	315.4	90.53	-4.800	8.736
25.156	-2.069	315.3	90.38	-4.813	5.351
25.189	-1.161	315.3	90.21	-4.556	3.873
25.223	-0.398	315.3	90.07	-4.391	33.67
25.256	0.449	315.4	89.92	-2.708	20.86
25.289	0.594	315.3	89.89	-2.218	30.36
25.323	1.262	315.3	89.77	-1.649	22.07
25.356	1.199	315.3	89.78	6.468E-2	32.49
25.389	1.239	315.3	89.77	0.107	0.590
25.422	1.160	315.3	89.79	0.259	7.639
25.456	1.143	315.3	89.79	0.468	10.87
25.489	0.988	315.3	89.82	1.081	9.971
25.522	0.747	315.3	89.86	1.168	6.051
25.556	0.560	315.3	89.90	1.359	24.37
25.589	0.248	315.4	89.95	2.760	16.41
25.622	-0.452	315.3	90.08	2.846	8.342
25.656	-0.795	315.4	90.14	2.759	-2.162
25.689	-1.464	315.3	90.27	3.163	17.42
25.722	-1.956	315.4	90.36	3.534	13.81
25.756	-2.761	315.4	90.50	4.395	19.32
25.789	-3.568	315.4	90.65	4.664	-12.12
25.822	-4.471	315.3	90.81	3.820	-7.139
25.856	-4.969	315.4	90.90	3.695	11.01
25.889	-5.827	315.4	91.06	4.952	22.89
25.922	-6.787	315.4	91.23	5.168	9.717
25.956	-7.724	315.4	91.40	5.488	6.153
25.989	-8.800	315.3	91.60	5.716	1.001
26.022	-9.821	315.4	91.78	5.470	-1.662
26.056	-10.81	315.3	91.96	5.573	6.946
26.089	-11.87	315.4	92.16	5.974	8.037
26.122	-13.00	315.3	92.36	6.143	0.750
26.156	-14.12	315.3	92.56	6.001	-4.439
26.189	-15.20	315.3	92.76	5.831	3.505
26.222	-16.26	315.3	92.95	6.174	9.103
26.255	-17.47	315.2	93.17	6.564	26.71
26.289	-18.68	315.2	93.39	7.724	13.33
26.322	-20.31	315.2	93.69	7.929	16.47
26.355	-21.60	315.3	93.92	8.199	-6.879
26.389	-23.33	315.1	94.23	8.147	13.17
26.422	-24.59	315.2	94.46	8.320	-4.441
26.455	-26.39	315.1	94.79	8.622	12.89
26.489	-27.77	315.1	95.04	8.491	7.541
26.522	-29.52	315.0	95.35	9.577	1.793
26.555	-31.29	314.9	95.67	8.621	-7.511
26.589	-32.70	314.9	95.93	8.635	-10.93
26.622	-34.47	314.8	96.25	8.496	0.908
26.655	-35.83	314.8	96.49	8.106	-9.860
26.689	-37.46	314.6	96.79	8.308	6.918
26.722	-38.90	314.6	97.05	8.225	5.113
26.755	-40.52	314.6	97.34	8.849	-18.07
26.789	-42.17	314.5	97.64	7.238	-34.24
26.822	-43.18	314.4	97.82	5.979	-27.55
26.855	-44.30	313.8	98.04	5.876	-10.44
26.889	-45.28	313.7	98.21	5.076	-18.83
26.922	-46.17	313.7	98.37	4.674	-12.10
26.955	-47.01	313.7	98.52	4.273	-20.60
26.988	-47.77	313.7	98.66	3.368	-42.37
27.022	-48.27	313.7	98.75	1.454	-51.72
27.055	-48.30	313.6	98.76	-0.256	-28.43
27.088	-48.17	313.7	98.73	-0.450	-25.84
27.122	-48.15	313.7	98.73	-1.613	-21.48
27.155	-47.58	313.8	98.62	-2.434	-38.68
27.188	-47.25	313.7	98.56	-3.547	-35.24
27.222	-46.27	313.9	98.39	-5.365	-36.19
27.255	-45.27	313.9	98.21	-5.688	-6.631
27.288	-44.17	314.0	98.01	-5.883	-10.26
27.322	-43.10	314.0	97.81	-6.255	-7.175
27.355	-41.85	314.0	97.59	-6.519	-6.711
27.388	-40.68	314.1	97.38	-6.559	-28.46
27.422	-39.44	314.2	97.15	-8.286	-23.60
27.455	-37.63	314.3	96.83	-8.692	-16.10
27.488	-36.22	314.3	96.58	-8.670	-17.16
27.522	-34.42	314.3	96.25	-10.23	-16.42
27.555	-32.45	314.4	95.89	-9.869	15.64
27.588	-30.80	314.5	95.59	-8.901	6.301
27.622	-29.23	315.1	95.30	-9.439	-17.17
27.655	-27.37	315.1	94.96	-10.23	-12.03
27.688	-25.46	315.2	94.62	-10.21	24.63
27.722	-23.62	315.3	94.28	-8.718	14.89
27.755	-22.25	315.2	94.04	-8.671	-8.662
27.788	-20.42	315.3	93.71	-9.865	0.645
27.821	-18.62	315.4	93.38	-8.589	11.02
27.855	-17.26	315.3	93.13	-8.632	-1.941
27.888	-15.45	315.3	92.80	-9.315	2.013
27.921	-13.84	315.4	92.51	-8.243	11.99
27.955	-12.42	315.3	92.26	-8.352	9.962
27.988	-10.77	315.4	91.96	-7.981	3.484
28.021	-9.488	315.4	91.72	-7.644	20.20
28.055	-7.961	315.3	91.45	-7.139	21.99
28.088	-6.868	315.4	91.25	-5.772	23.21
28.121	-5.843	315.3	91.06	-5.692	8.647
28.155	-4.779	315.3	90.87	-5.323	6.398
28.188	-3.890	315.3	90.71	-5.079	8.638
28.221	-2.916	315.3	90.53	-4.936	3.222
28.255	-2.080	315.3	90.38	-4.704	6.457
28.288	-1.191	315.2	90.22	-4.632	7.787
28.321	-0.381	315.3	90.07	-4.141	35.55
28.355	0.328	315.4	89.94	-2.421	28.62
28.388	0.507	315.2	89.91	-1.750	4.512
28.421	0.969	315.3	89.82	-2.545	22.79
28.455	1.440	315.4	89.74	-0.432	41.81
28.488	1.128	315.3	89.80	0.960	16.44
28.521	1.088	315.3	89.80	0.155	-4.358
28.554	1.071	315.3	89.81	0.675	10.94
28.588	0.840	315.2	89.85	1.084	4.166
28.621	0.673	315.3	89.88	0.832	-0.955
28.654	0.535	315.3	89.90	0.989	29.12
28.688	0.311	315.4	89.94	2.648	25.54
28.721	-0.436	315.3	90.08	3.189	8.290
28.754	-0.859	315.4	90.16	2.690	-5.140
28.788	-1.422	315.3	90.26	3.081	15.86
28.821	-1.989	315.3	90.36	3.619	20.19
28.854	-2.750	315.4	90.50	4.523	17.41
28.888	-3.649	315.4	90.66	4.820	6.093
28.921	-4.519	315.4	90.82	4.841	-20.52
28.954	-5.424	315.4	90.99	3.673	-7.455
28.988	-5.867	315.4	91.07	3.774	13.06
29.021	-6.809	315.4	91.24	5.117	29.71
29.054	-7.744	315.4	91.41	5.495	6.916
29.088	-8.826	315.4	91.60	5.720	3.738
29.121	-9.844	315.4	91.79	5.626	0.885
29.154	-10.89	315.3	91.98	5.812	2.066
29.188	-11.98	315.3	92.18	5.798	-1.301
29.221	-13.02	315.3	92.36	5.677	1.998
29.254	-14.06	315.3	92.55	5.914	6.503
29.288	-15.19	315.3	92.76	6.175	2.156
29.321	-16.33	315.2	92.96	6.050	3.103
29.354	-17.41	315.2	93.16	6.283	30.93
29.387	-18.64	315.3	93.38	8.045	22.10
29.421	-20.37	315.2	93.70	8.261	13.59
29.454	-21.68	315.3	93.93	8.254	-9.117
29.487	-23.41	315.1	94.25	8.309	11.70
29.521	-24.74	315.2	94.49	8.386	-6.064
29.554	-26.49	315.0	94.81	8.544	9.519
29.587	-27.88	315.0	95.06	8.429	10.66
29.621	-29.61	315.1	95.37	9.621	-0.968
29.654	-31.43	314.9	95.70	8.516	-5.599
29.687	-32.75	315.0	95.94	8.599	9.071
29.721	-34.60	314.9	96.27	9.779	-1.018
29.754	-36.35	314.8	96.59	8.395	-21.62
29.787	-37.71	314.8	96.83	7.973	-15.49
29.821	-39.29	314.6	97.12	7.827	2.420
29.854	-40.59	314.6	97.35	7.704	-9.392
29.887	-42.14	314.5	97.63	7.628	-19.38
29.921	-43.34	313.9	97.86	6.189	-32.90
29.954	-44.35	313.8	98.04	5.375	-20.32
29.987	-45.31	313.7	98.22	4.930	-6.618
30.021	-46.17	313.7	98.37	4.841	-14.09
30.054	-47.11	313.6	98.54	4.213	-21.00
30.087	-47.74	313.7	98.65	3.199	-50.68
30.120	-48.31	313.7	98.75	1.170	-44.80
30.154	-48.18	313.7	98.73	-0.339	-23.54
30.187	-48.14	313.5	98.73	-3.179E-2	-23.06
30.220	-48.11	313.3	98.73	-1.701	-51.29
30.254	-47.46	313.1	98.62	-3.840	-28.39
30.287	-46.67	313.2	98.47	-3.609	-4.747
30.320	-46.13	313.3	98.38	-3.750	-24.26
30.354	-45.27	313.2	98.22	-5.462	-33.34
30.387	-44.12	313.3	98.01	-6.111	-10.90
30.420	-43.02	313.4	97.82	-6.004	-8.008
30.454	-41.91	313.5	97.61	-6.619	-17.04
30.487	-40.66	314.1	97.38	-7.266	-31.43
30.520	-39.30	314.2	97.13	-8.506	-10.14
30.554	-37.53	314.3	96.81	-8.422	-12.76
30.587	-36.19	314.3	96.57	-8.644	-19.93
30.620	-34.33	314.4	96.23	-10.30	-16.48
30.654	-32.40	314.5	95.88	-9.715	18.95
30.687	-30.76	314.6	95.59	-8.792	3.993
30.720	-29.21	315.1	95.30	-9.426	-18.03
30.754	-27.33	315.1	94.96	-10.22	-12.86
30.787	-25.45	315.2	94.62	-10.20	24.48
30.820	-23.59	315.3	94.28	-8.757	14.24
30.854	-22.22	315.3	94.03	-8.680	-5.456
30.887	-20.39	315.3	93.70	-9.724	2.246
30.920	-18.65	315.3	93.38	-8.423	11.97
30.953	-17.28	315.2	93.14	-8.502	12.04
30.987	-15.52	315.4	92.82	-8.285	-2.085
31.020	-14.24	315.3	92.59	-7.951	15.27
31.053	-12.60	315.4	92.29	-7.898	-2.723
31.087	-11.34	315.3	92.06	-7.579	11.35
31.120	-9.815	315.4	91.78	-7.608	15.38
31.153	-8.550	315.4	91.55	-6.325	8.943
31.187	-7.491	315.3	91.36	-6.800	-1.452
31.220	-6.052	315.3	91.10	-6.933	14.82
31.253	-4.948	315.3	90.90	-5.479	26.81
31.287	-4.042	315.3	90.73	-5.101	2.803
31.320	-3.077	315.3	90.56	-5.397	6.965
31.353	-2.062	315.3	90.37	-4.762	12.94
31.387	-1.330	315.3	90.24	-4.256	30.43
31.420	-0.501	315.4	90.09	-3.121	19.12
31.453	-0.186	315.3	90.03	-2.441	25.28
31.487	0.394	315.4	89.93	-2.007	3.556
31.520	0.550	315.3	89.90	-1.655	13.40
31.553	1.001	315.3	89.82	-1.628	19.15
31.587	1.147	315.3	89.79	-0.123	27.52
31.620	1.046	315.3	89.81	0.314	5.141
31.653	1.032	315.3	89.81	5.837E-2	15.63
31.686	1.025	315.3	89.81	1.216	15.87
31.720	0.586	315.3	89.89	1.572	24.41
31.753	0.449	315.4	89.92	2.229	6.137
31.786	-0.231	315.3	90.04	2.668	20.17
31.820	-0.530	315.4	90.10	2.886	-3.692
31.853	-1.289	315.3	90.23	3.081	11.46
31.886	-1.660	315.4	90.30	3.024	-6.782
31.920	-2.398	315.3	90.44	3.187	10.75
31.953	-2.829	315.4	90.51	3.231	14.74
31.986	-3.584	315.4	90.65	4.489	6.098
32.020	-4.475	315.3	90.81	3.773	-7.708
32.053	-4.968	315.4	90.90	3.494	9.011
32.086	-5.758	315.4	91.05	4.705	28.42
32.120	-6.695	315.4	91.22	5.352	11.36
32.153	-7.722	315.4	91.40	5.490	4.604
32.186	-8.710	315.4	91.58	5.566	0.831
32.220	-9.764	315.4	91.77	5.631	3.668
32.253	-10.78	315.4	91.96	5.720	5.136
32.286	-11.86	315.3	92.15	6.034	3.846
32.320	-12.99	315.3	92.36	5.997	-9.246
32.353	-14.07	315.3	92.55	5.423	6.480
32.386	-14.98	315.3	92.72	6.160	8.466
32.420	-16.33	315.3	92.96	6.502	4.052
32.453	-17.37	315.2	93.15	5.982	20.64
32.486	-18.53	315.3	93.36	7.858	22.88
32.519	-20.26	315.2	93.68	8.101	17.12
32.553	-21.51	315.3	93.90	8.195	-4.481
32.586	-23.27	315.1	94.22	8.550	12.17
32.619	-24.65	315.2	94.47	8.372	-9.831
32.653	-26.36	315.1	94.78	8.420	7.689
32.686	-27.76	315.1	95.03	8.401	-3.535
32.719	-29.44	314.9	95.34	8.623	10.94
32.753	-30.93	315.0	95.61	8.739	11.85
32.786	-32.67	314.9	95.92	9.672	-4.560
32.819	-34.49	314.7	96.25	8.583	-9.019
32.853	-35.84	314.8	96.50	8.491	3.825
32.886	-37.64	314.7	96.82	9.413	-4.774
32.919	-39.31	314.6	97.12	8.067	-21.56
32.953	-40.62	314.6	97.36	7.631	-12.49
32.986	-42.13	314.4	97.63	7.646	-18.64
33.019	-43.37	313.9	97.87	6.243	-28.99
33.053	-44.36	313.7	98.05	5.555	-21.23
33.086	-45.41	313.7	98.24	5.063	-8.003
33.119	-46.23	313.7	98.38	4.784	-14.01
33.153	-47.18	313.6	98.56	4.410	-20.02
33.186	-47.89	313.7	98.68	3.266	-49.54
33.219	-48.37	313.4	98.77	1.301	-46.17
33.252	-48.28	313.1	98.77	-0.188	-24.15
33.286	-48.24	313.0	98.76	-8.959E-2	-29.32
33.319	-48.23	313.0	98.76	-1.866	-30.74
33.352	-47.58	313.3	98.64	-2.802	-35.83
33.386	-47.20	313.1	98.57	-3.503	-25.72
33.419	-46.26	313.2	98.40	-5.103	-37.25
33.452	-45.32	313.2	98.23	-5.673	-15.08
33.486	-44.17	313.3	98.02	-6.270	-6.184
33.519	-43.01	313.4	97.81	-6.046	-9.707
33.552	-41.95	313.5	97.62	-6.711	-16.30
33.586	-40.62	314.1	97.37	-7.452	-29.44
33.619	-39.27	314.1	97.13	-8.343	-7.998
33.652	-37.54	314.2	96.81	-8.451	-13.40
33.686	-36.15	314.3	96.56	-8.647	-19.19
33.719	-34.35	314.4	96.24	-10.14	-29.85
33.752	-32.41	314.4	95.89	-10.56	3.015
33.786	-30.45	314.4	95.53	-10.00	20.75
33.819	-28.74	314.7	95.22	-9.037	8.015
33.852	-27.18	315.1	94.93	-9.365	-13.53
33.886	-25.34	315.3	94.60	-10.16	-15.20
33.919	-23.43	315.2	94.25	-10.32	21.59
33.952	-21.54	315.4	93.91	-8.915	19.67
33.986	-20.16	315.3	93.66	-8.453	-3.901
34.019	-18.42	315.3	93.34	-9.627	-1.558
34.052	-16.62	315.4	93.02	-8.648	10.29
34.085	-15.25	315.3	92.77	-8.433	20.84
34.119	-13.52	315.4	92.45	-7.917	-3.465
34.152	-12.34	315.4	92.24	-7.893	14.14
34.185	-10.62	315.5	91.93	-7.825	-4.370
34.219	-9.464	315.3	91.72	-7.382	18.06
34.252	-7.910	315.4	91.44	-7.315	12.51
34.285	-6.780	315.4	91.23	-6.076	32.70
34.319	-5.681	315.4	91.03	-5.367	13.73
34.352	-4.810	315.3	90.87	-4.963	9.024
34.385	-3.860	315.3	90.70	-4.951	-1.260
34.419	-2.994	315.3	90.54	-4.920	6.105
34.452	-2.054	315.3	90.37	-4.697	2.771
34.485	-1.271	315.2	90.23	-4.545	17.73
34.519	-0.388	315.2	90.07	-3.801	28.49
34.552	0.122	315.3	89.98	-2.375	46.33
34.585	0.483	315.3	89.91	-0.897	32.50
34.619	0.451	315.3	89.92	5.641E-2	15.45
34.652	0.462	315.3	89.92	-5.518E-2	4.830
34.685	0.471	315.2	89.91	0.342	6.069
34.719	0.337	315.3	89.94	0.493	9.241
34.752	0.290	315.3	89.95	0.762	3.467
34.785	5.759E-2	315.3	89.99	0.949	2.229
34.818	-5.781E-2	315.3	90.01	0.732	-2.902
34.852	-0.211	315.3	90.04	0.831	11.59
34.885	-0.362	315.2	90.07	1.406	29.73
34.918	-0.727	315.4	90.13	2.853	17.09
34.952	-1.409	315.3	90.26	2.837	7.527
34.985	-1.767	315.4	90.32	2.850	-3.085
35.018	-2.454	315.3	90.45	3.106	11.35
35.052	-2.907	315.4	90.53	3.190	13.08
35.085	-3.625	315.4	90.66	4.232	7.814
35.118	-4.459	315.4	90.81	3.804	-2.716
35.152	-5.020	315.4	90.91	3.702	8.361
35.185	-5.818	315.4	91.06	4.611	24.57
35.218	-6.713	315.4	91.22	5.268	11.12
35.252	-7.751	315.4	91.41	5.455	3.858
35.285	-8.714	315.4	91.58	5.393	-0.444
35.318	-9.730	315.4	91.77	5.499	4.573
35.352	-10.73	315.4	91.95	5.641	2.520
35.385	-11.80	315.4	92.14	5.735	7.037
35.418	-12.84	315.4	92.33	6.010	4.355
35.452	-14.01	315.3	92.54	6.168	1.253
35.485	-15.10	315.3	92.74	5.982	-4.473
35.518	-16.20	315.3	92.94	5.916	5.341
35.552	-17.28	315.3	93.14	6.253	11.82
35.585	-18.50	315.2	93.36	6.815	27.73
35.618	-19.78	315.3	93.59	7.940	14.76
35.651	-21.42	315.2	93.89	8.166	10.86
35.685	-22.78	315.2	94.13	8.195	-3.956
35.718	-24.44	315.1	94.43	8.329	13.77
35.751	-25.85	315.1	94.69	8.672	18.33
35.785	-27.63	315.1	95.01	9.894	3.335
35.818	-29.49	315.0	95.35	8.982	-14.92
35.851	-30.94	315.0	95.61	8.454	4.553
35.885	-32.61	314.9	95.91	9.553	4.712
35.918	-34.45	314.7	96.25	8.970	-6.420
35.951	-35.93	314.8	96.51	8.646	-3.640E-2
35.985	-37.64	314.6	96.82	9.341	-9.094
36.018	-39.36	314.5	97.13	8.090	-18.35
36.051	-40.64	314.5	97.36	7.670	-11.46
36.085	-42.20	314.5	97.64	7.813	-20.11
36.118	-43.46	313.9	97.88	6.178	-33.39
36.151	-44.41	313.8	98.06	5.367	-19.96
36.185	-45.44	313.8	98.24	5.107	-4.666
36.218	-46.30	313.7	98.40	4.873	-18.32
36.251	-47.23	313.6	98.57	4.145	-14.90
36.285	-47.85	313.7	98.67	3.534	-27.08
36.318	-48.56	313.7	98.80	2.729	-34.46
36.351	-48.87	313.7	98.85	0.959	-49.56
36.384	-48.94	313.8	98.86	-0.479	-39.45
36.418	-48.70	313.8	98.82	-1.741	-46.11
36.451	-48.28	313.7	98.75	-3.399	-44.59
36.484	-47.42	313.7	98.60	-4.939	-35.93
36.518	-46.46	313.9	98.42	-5.667	-14.14
36.551	-45.32	313.8	98.22	-5.954	-8.515
36.584	-44.26	314.0	98.02	-6.116	-4.320
36.618	-43.08	314.1	97.81	-6.334	-8.423
36.651	-41.91	314.1	97.60	-6.587	-10.56
36.684	-40.65	314.2	97.37	-7.094	-31.22
36.718	-39.29	314.2	97.13	-8.516	-41.12
36.751	-37.49	314.2	96.80	-10.10	-3.856
36.784	-35.57	314.4	96.46	-8.929	8.490
36.818	-34.21	314.4	96.21	-8.831	-12.40
36.851	-32.31	314.4	95.87	-10.37	-19.80
36.884	-30.38	314.4	95.52	-10.04	21.64
36.918	-28.63	314.7	95.20	-8.893	8.984
36.951	-27.16	315.2	94.93	-9.158	-15.02
36.984	-25.29	315.2	94.59	-10.25	-19.99
37.018	-23.38	315.2	94.24	-10.39	0.107
37.051	-21.47	315.3	93.90	-10.25	24.88
37.084	-19.61	315.4	93.56	-8.864	13.11
37.118	-18.21	315.3	93.30	-8.865	1.153
37.151	-16.35	315.4	92.97	-9.420	8.153
37.184	-14.75	315.4	92.68	-8.045	16.66
37.217	-13.39	315.3	92.43	-8.105	7.316
37.251	-11.77	315.4	92.14	-7.989	0.269
37.284	-10.46	315.3	91.90	-7.659	13.92
37.317	-8.956	315.3	91.63	-7.444	21.60
37.351	-7.726	315.3	91.40	-6.027	29.91
37.384	-6.746	315.4	91.23	-5.364	13.66
37.417	-5.757	315.3	91.05	-5.235	0.556
37.451	-4.823	315.3	90.88	-5.264	8.619
37.484	-3.827	315.3	90.70	-4.815	6.474
37.517	-3.056	315.3	90.56	-4.579	2.302
37.551	-2.147	315.3	90.39	-4.870	-2.288
37.584	-1.270	315.3	90.23	-4.669	16.51
37.617	-0.436	315.3	90.08	-3.850	38.95
37.651	0.141	315.3	89.97	-2.045	45.37
37.684	0.314	315.3	89.94	-0.654	25.00
37.717	0.381	315.3	89.93	-0.443	13.22
37.751	0.477	315.3	89.91	7.756E-2	11.11
37.784	0.353	315.2	89.94	0.505	3.811
37.817	0.292	315.2	89.95	0.214	4.062
37.851	0.274	315.2	89.95	0.682	16.37
37.884	4.138E-2	315.2	89.99	1.462	4.425
37.917	-0.262	315.3	90.05	1.036	-10.28
37.950	-0.339	315.3	90.06	0.554	3.712
37.984	-0.465	315.3	90.08	1.320	29.76
38.017	-0.823	315.3	90.15	2.605	20.67
38.050	-1.420	315.3	90.26	2.852	12.97
38.084	-1.869	315.4	90.34	3.158	16.12
38.117	-2.579	315.4	90.47	4.147	-0.923
38.150	-3.390	315.3	90.62	3.243	-5.347
38.184	-3.769	315.4	90.68	3.245	12.22
38.217	-4.581	315.4	90.83	4.547	4.383
38.250	-5.436	315.3	90.99	3.559	-11.19
38.284	-5.887	315.4	91.07	3.342	8.097
38.317	-6.663	315.4	91.21	4.477	37.97
38.350	-7.532	315.5	91.37	5.679	13.29
38.384	-8.747	315.4	91.59	5.730	-2.993
38.417	-9.632	315.4	91.75	5.052	-2.610
38.450	-10.60	315.4	91.93	5.691	11.95
38.484	-11.72	315.4	92.13	5.953	5.187
38.517	-12.79	315.4	92.32	5.918	-1.103
38.550	-13.90	315.3	92.52	5.947	1.120
38.584	-14.97	315.3	92.72	5.942	1.701
38.617	-16.08	315.3	92.92	6.086	3.417
38.650	-17.21	315.3	93.12	6.172	-0.169
38.684	-18.34	315.2	93.33	6.088	7.565
38.717	-19.44	315.2	93.53	6.561	28.19
38.750	-20.76	315.2	93.77	8.020	23.36
38.783	-22.39	315.1	94.06	8.362	12.81
38.817	-23.84	315.2	94.32	8.499	14.33
38.850	-25.53	315.2	94.63	9.537	0.298
38.883	-27.35	315.1	94.96	8.696	-6.401
38.917	-28.73	315.1	95.21	8.561	10.69
38.950	-30.50	315.0	95.53	9.852	0.767
38.983	-32.36	314.9	95.87	8.719	-11.79
39.017	-33.72	314.9	96.11	8.487	-9.148
39.050	-35.48	314.7	96.43	8.748	1.673
39.083	-36.94	314.7	96.69	8.151	-19.21
39.117	-38.50	314.7	96.98	7.763	0.276
39.150	-39.81	314.6	97.21	7.840	-5.853
39.183	-41.40	314.5	97.50	7.789	1.088
39.217	-42.69	314.4	97.73	7.511	-17.44
39.250	-44.11	313.9	98.00	7.026	-23.94
39.283	-45.22	313.8	98.20	5.619	-35.21
39.317	-46.16	313.6	98.37	4.764	-17.59
39.350	-46.98	313.7	98.52	4.373	-18.28
39.383	-47.81	313.8	98.66	3.723	-38.30
39.417	-48.35	313.6	98.76	1.791	-56.45
39.450	-48.46	313.7	98.78	-0.186	-33.71
39.483	-48.30	313.7	98.75	-0.546	-18.47
39.516	-48.26	313.7	98.75	-1.071	-21.08
39.550	-47.90	313.7	98.68	-2.229	-35.06
39.583	-47.45	313.8	98.60	-3.240	-22.76
39.616	-46.72	313.9	98.47	-3.936	-22.00
39.650	-46.00	313.9	98.34	-4.491	-21.31
39.683	-45.05	314.0	98.17	-5.489	-21.45
39.716	-43.97	314.0	97.97	-5.930	-15.65
39.750	-42.86	314.1	97.77	-6.432	-14.60
39.783	-41.60	314.2	97.54	-7.002	-29.99
39.816	-40.27	314.2	97.30	-8.247	-12.45
39.850	-38.54	314.3	96.99	-8.283	-18.74
39.883	-37.21	314.3	96.75	-8.800	-23.00
39.916	-35.29	314.4	96.41	-10.42	-29.98
39.950	-33.37	314.4	96.06	-10.56	6.588
39.983	-31.39	314.4	95.70	-10.09	22.87
40.016	-29.66	314.7	95.38	-8.940	10.22
40.050	-28.15	315.1	95.11	-9.212	-14.32
40.083	-26.31	315.2	94.77	-10.20	-19.19
40.116	-24.40	315.3	94.43	-10.40	-1.650
40.150	-22.47	315.2	94.08	-10.32	25.47
40.183	-20.60	315.3	93.74	-8.845	15.32
40.216	-19.22	315.3	93.49	-8.762	-1.330
40.250	-17.38	315.3	93.15	-9.552	6.610
40.283	-15.71	315.4	92.85	-8.142	10.72
40.316	-14.39	315.3	92.61	-8.454	6.269
40.349	-12.61	315.4	92.29	-8.406	0.372
40.383	-11.30	315.4	92.05	-7.781	18.05
40.416	-9.747	315.4	91.77	-7.692	-1.284
40.449	-8.475	315.3	91.54	-7.470	12.94
40.483	-7.003	315.3	91.27	-7.213	19.33
40.516	-5.828	315.3	91.06	-5.941	31.36
40.549	-4.824	315.4	90.88	-5.151	11.18
40.583	-3.939	315.4	90.72	-5.126	7.356
40.616	-2.943	315.4	90.53	-4.873	5.597
40.649	-2.151	315.3	90.39	-4.523	5.371
40.683	-1.284	315.3	90.23	-4.661	-3.322
40.716	-0.441	315.3	90.08	-4.683	32.66
40.749	0.433	315.4	89.92	-2.802	35.32
40.783	0.586	315.3	89.89	-1.639	25.76
40.816	1.034	315.3	89.81	-1.703	19.91
40.849	1.210	315.3	89.78	-0.106	29.10
40.883	1.073	315.3	89.80	0.421	10.73
40.916	1.056	315.3	89.81	0.356	7.021
40.949	0.943	315.3	89.83	0.961	13.68
40.983	0.704	315.3	89.87	1.325	27.40
41.016	0.457	315.4	89.92	2.570	8.960
41.049	-0.239	315.3	90.04	2.459	-4.524
41.082	-0.445	315.3	90.08	1.639	1.836
41.116	-0.840	315.4	90.15	2.823	14.07
41.149	-1.480	315.3	90.27	2.794	11.86
41.182	-1.865	315.4	90.34	3.165	16.87
41.216	-2.642	315.4	90.48	4.313	1.902
41.249	-3.446	315.3	90.63	3.315	-10.64
41.282	-3.858	315.4	90.70	3.154	8.775
41.316	-4.605	315.4	90.84	4.285	8.288
41.349	-5.430	315.4	90.99	3.746	-1.895
41.382	-5.978	315.4	91.09	3.797	6.087
41.416	-6.823	315.4	91.24	4.503	15.47
41.449	-7.632	315.4	91.39	4.649	14.05
41.482	-8.531	315.4	91.55	5.446	14.05
41.516	-9.629	315.3	91.75	5.743	2.198
41.549	-10.64	315.3	91.93	5.448	-4.654
41.582	-11.63	315.4	92.11	5.451	3.253
41.616	-12.64	315.4	92.30	5.660	3.609
41.649	-13.71	315.3	92.49	5.742	0.879
41.682	-14.75	315.3	92.68	5.671	-0.173
41.716	-15.79	315.3	92.87	5.738	6.800
41.749	-16.86	315.3	93.06	6.097	9.537
41.782	-18.03	315.3	93.27	6.444	-1.384
41.816	-19.22	315.2	93.49	6.039	-1.543
41.849	-20.25	315.3	93.68	6.129	7.000
41.882	-21.48	315.2	93.90	6.717	31.07
41.915	-22.72	315.2	94.12	7.963	12.40
41.949	-24.40	315.1	94.43	8.040	12.82
41.982	-25.69	315.2	94.66	8.150	-2.776
42.015	-27.41	315.1	94.97	8.495	11.88
42.049	-28.81	315.1	95.23	8.398	11.43
42.082	-30.51	315.0	95.53	9.557	1.401
42.115	-32.33	314.9	95.86	8.664	-5.974
42.149	-33.71	315.0	96.11	8.578	-12.60
42.182	-35.49	314.8	96.43	8.517	4.205
42.215	-36.84	314.8	96.68	8.206	3.404
42.249	-38.53	314.7	96.98	9.177	-4.063
42.282	-40.23	314.6	97.29	7.993	-40.44
42.315	-41.48	314.5	97.51	6.204	-9.206
42.349	-42.53	314.5	97.70	7.176	6.186
42.382	-44.07	313.9	97.99	7.330	-14.24
42.415	-45.17	313.8	98.19	5.658	-38.69
42.449	-46.15	313.7	98.37	4.926	-13.99
42.482	-46.99	313.8	98.52	4.622	-20.55
42.515	-47.86	313.7	98.68	3.795	-41.82
42.549	-48.39	313.7	98.77	1.703	-35.75
42.582	-48.52	313.8	98.79	1.146	-17.38
42.615	-48.84	313.8	98.85	0.976	-32.41
42.648	-48.88	313.8	98.86	-1.115	-63.14
42.682	-48.41	313.7	98.77	-3.380	-36.42
42.715	-47.63	313.8	98.63	-3.697	-12.53
42.748	-47.06	313.9	98.53	-3.811	-21.90
42.782	-46.22	313.9	98.38	-5.330	-32.07
42.815	-45.08	313.9	98.17	-6.085	-18.62
42.848	-43.97	314.0	97.97	-6.391	-6.471
42.882	-42.72	314.1	97.75	-6.640	-7.971
42.915	-41.52	314.2	97.53	-6.802	-25.27
42.948	-40.20	314.2	97.29	-8.249	-43.69
42.982	-38.46	314.2	96.98	-9.937	-6.119
43.015	-36.54	314.3	96.63	-8.861	5.394
43.048	-35.19	314.3	96.39	-8.830	-9.413
43.082	-33.28	314.4	96.04	-10.19	-33.78
43.115	-31.44	314.5	95.71	-10.70	-7.807
43.148	-29.38	315.0	95.33	-11.00	0.110
43.182	-27.44	315.1	94.98	-10.49	30.24
43.215	-25.54	315.4	94.63	-9.186	16.16
43.248	-24.05	315.2	94.36	-8.945	-6.387
43.282	-22.23	315.3	94.03	-10.04	-21.41
43.315	-20.36	315.3	93.69	-10.26	-2.534
43.348	-18.46	315.3	93.35	-10.23	24.64
43.382	-16.60	315.4	93.01	-8.764	17.30
43.415	-15.24	315.4	92.77	-8.547	-5.439
43.448	-13.46	315.3	92.44	-9.646	4.328
43.481	-11.69	315.3	92.12	-8.277	18.95
43.515	-10.42	315.3	91.89	-7.874	20.60
43.548	-8.805	315.5	91.60	-7.544	15.49
43.581	-7.651	315.4	91.39	-6.339	7.719
43.615	-6.475	315.3	91.18	-7.121	-2.431
43.648	-5.036	315.3	90.91	-6.844	19.59
43.681	-3.965	315.4	90.72	-5.478	24.11
43.715	-3.026	315.3	90.55	-5.256	10.50
43.748	-2.036	315.3	90.37	-4.936	6.459
43.781	-1.215	315.3	90.22	-4.650	7.603
43.815	-0.331	315.3	90.06	-4.580	29.07
43.848	0.464	315.4	89.92	-2.833	36.00
43.881	0.708	315.3	89.87	-1.730	26.48
43.915	1.098	315.3	89.80	-1.489	21.47
43.948	1.254	315.3	89.77	-0.158	26.68
43.981	1.156	315.3	89.79	0.412	17.03
44.015	1.103	315.3	89.80	0.775	6.916
44.048	0.872	315.3	89.84	1.057	10.61
44.081	0.715	315.3	89.87	1.293	26.90
44.115	0.398	315.4	89.93	2.844	13.38
44.148	-0.328	315.3	90.06	2.630	10.25
44.181	-0.567	315.4	90.10	2.778	-2.013
44.214	-1.347	315.3	90.24	3.251	13.86
44.248	-1.760	315.4	90.32	3.084	-10.48
44.281	-2.478	315.3	90.45	3.058	8.527
44.314	-2.881	315.4	90.52	3.151	12.88
44.348	-3.635	315.4	90.66	4.287	2.073
44.381	-4.453	315.3	90.81	3.362	-9.462
44.414	-4.868	315.4	90.88	3.182	12.27
44.448	-5.622	315.4	91.02	4.540	26.41
44.481	-6.535	315.4	91.19	4.939	-14.80
44.514	-7.433	315.3	91.35	3.661	-14.33
44.548	-7.878	315.4	91.43	3.481	7.293
44.581	-8.712	315.4	91.58	4.617	23.61
44.614	-9.573	315.4	91.74	4.895	12.14
44.648	-10.51	315.4	91.91	5.428	8.582
44.681	-11.56	315.3	92.10	5.559	-0.978
44.714	-12.55	315.3	92.28	5.272	-1.599
44.748	-13.50	315.4	92.45	5.422	5.010
44.781	-14.54	315.4	92.64	5.684	5.286
44.814	-15.59	315.3	92.83	5.741	1.266
44.848	-16.65	315.3	93.02	5.774	3.562
44.881	-17.71	315.3	93.22	5.949	3.912
44.914	-18.84	315.4	93.42	6.091	0.818
44.948	-19.95	315.3	93.62	5.979	0.187
44.981	-21.04	315.3	93.82	6.062	2.624
45.014	-22.18	315.2	94.02	6.213	7.024
45.047	-23.32	315.1	94.23	6.467	27.05
45.081	-24.56	315.2	94.46	7.921	17.68
45.114	-26.24	315.1	94.76	8.092	16.60
45.147	-27.54	315.1	95.00	8.381	-4.124
45.181	-29.32	315.0	95.32	8.506	10.84
45.214	-30.68	315.0	95.56	8.421	-10.35
45.247	-32.42	314.9	95.88	8.450	9.026
45.281	-33.79	314.9	96.13	8.415	9.065
45.314	-35.54	314.9	96.44	9.496	-2.276
45.347	-37.29	314.7	96.76	8.305	-12.00
45.381	-38.60	314.7	96.99	8.176	-19.57
45.414	-40.31	314.6	97.30	7.720	-19.20
45.447	-41.44	314.5	97.51	6.274	-5.124
45.481	-42.58	314.1	97.72	7.480	5.477
45.514	-44.14	313.8	98.01	7.137	-24.18
45.547	-45.19	313.8	98.20	5.356	-31.68
45.581	-46.12	313.7	98.36	5.115	-18.38
45.614	-47.08	313.7	98.54	4.339	-16.62
45.647	-47.74	313.7	98.65	3.703	-34.43
45.681	-48.47	313.7	98.78	2.455	-30.59
45.714	-48.65	313.7	98.82	1.171	-30.59
45.747	-48.91	313.7	98.86	0.778	-38.67
45.780	-48.95	313.7	98.87	-1.386	-60.33
45.814	-48.39	313.7	98.77	-3.519	-34.10
45.847	-47.64	313.8	98.63	-3.662	-13.94
45.880	-47.05	313.9	98.53	-4.117	-21.25
45.914	-46.11	313.8	98.36	-5.344	-33.02
45.947	-45.07	314.0	98.17	-6.212	-15.42
45.980	-43.83	314.0	97.94	-6.507	-8.043
46.014	-42.67	314.1	97.74	-6.566	-24.66
46.047	-41.39	314.1	97.51	-8.090	-22.57
46.080	-39.68	314.2	97.20	-8.498	-17.65
46.114	-38.25	314.2	96.94	-8.708	-25.13
46.147	-36.45	314.3	96.62	-10.48	-31.46
46.180	-34.39	314.4	96.24	-10.91	2.800
46.214	-32.43	314.4	95.89	-10.16	28.64
46.247	-30.65	314.6	95.57	-9.023	6.874
46.280	-29.16	315.1	95.29	-9.412	-16.92
46.314	-27.23	315.1	94.94	-10.55	-20.79
46.347	-25.27	315.2	94.58	-10.65	-2.327
46.380	-23.31	315.2	94.23	-10.71	-1.367
46.414	-21.33	315.3	93.87	-10.74	7.073
46.447	-19.35	315.3	93.51	-10.30	30.96
46.480	-17.55	315.4	93.18	-8.711	14.63
46.513	-16.15	315.3	92.93	-8.877	-12.37
46.547	-14.28	315.4	92.59	-10.09	-15.16
46.580	-12.44	315.3	92.26	-9.711	26.61
46.613	-10.72	315.4	91.95	-8.399	21.29
46.647	-9.360	315.3	91.70	-7.952	13.31
46.680	-7.795	315.4	91.42	-7.916	4.839
46.713	-6.455	315.3	91.17	-7.360	18.58
46.747	-5.093	315.3	90.93	-6.865	21.41
46.780	-3.937	315.4	90.72	-5.832	19.53
46.813	-2.954	315.4	90.54	-5.490	14.91
46.847	-1.923	315.4	90.35	-5.028	7.649
46.880	-1.110	315.3	90.20	-4.746	10.39
46.913	-0.182	315.3	90.03	-4.578	3.402
46.947	0.569	315.3	89.90	-4.308	42.26
46.980	1.398	315.4	89.75	-2.219	53.55
47.013	1.383	315.3	89.75	-3.626E-2	44.53
47.047	1.411	315.3	89.74	0.319	4.955
47.080	1.266	315.3	89.77	0.488	9.897
47.113	1.232	315.3	89.78	0.746	9.387
47.147	0.993	315.3	89.82	1.315	13.36
47.180	0.750	315.3	89.86	1.529	26.15
47.213	0.432	315.4	89.92	2.942	16.49
47.247	-0.329	315.3	90.06	3.095	10.09
47.280	-0.703	315.4	90.13	3.002	-7.898
47.313	-1.430	315.3	90.26	3.116	8.217
47.346	-1.846	315.4	90.34	3.057	13.84
47.380	-2.553	315.5	90.46	4.318	4.877
47.413	-3.430	315.3	90.62	3.577	-12.17
47.446	-3.864	315.4	90.70	3.003	7.008
47.480	-4.533	315.4	90.82	4.305	9.757
47.513	-5.443	315.3	90.99	3.904	-3.754
47.546	-5.964	315.4	91.08	3.553	2.935
47.580	-6.748	315.4	91.23	4.432	17.21
47.613	-7.591	315.4	91.38	4.639	-11.51
47.646	-8.449	315.3	91.53	3.783	-9.837
47.680	-8.977	315.3	91.63	3.615	6.773
47.713	-9.777	315.4	91.78	4.543	14.50
47.746	-10.65	315.4	91.93	4.559	-8.147
47.780	-11.45	315.3	92.08	3.979	-3.145
47.813	-12.11	315.3	92.20	4.176	12.29
47.846	-12.98	315.3	92.36	4.993	20.76
47.880	-13.94	315.3	92.53	5.496	8.733
47.913	-15.00	315.3	92.72	5.644	2.349
47.946	-16.01	315.3	92.91	5.566	0.579
47.980	-17.05	315.3	93.09	5.705	2.976
48.013	-18.11	315.2	93.29	5.781	1.922
48.046	-19.17	315.2	93.48	5.814	3.875
48.079	-20.25	315.2	93.68	6.028	5.161
48.113	-21.38	315.1	93.88	6.201	24.07
48.146	-22.53	315.2	94.09	7.430	19.65
48.179	-24.12	315.2	94.38	7.962	-1.257
48.213	-25.45	315.0	94.62	7.009	1.846
48.246	-26.70	315.1	94.84	7.941	7.239
48.279	-28.38	315.0	95.15	8.024	13.88
48.313	-29.66	315.0	95.38	8.199	-1.062
48.346	-31.40	314.8	95.69	8.603	12.60
48.379	-32.83	314.9	95.95	8.495	7.663
48.413	-34.55	314.9	96.26	9.434	-3.476
48.446	-36.30	314.7	96.58	8.378	-13.72
48.479	-37.63	314.7	96.82	8.020	-15.44
48.513	-39.26	314.6	97.12	7.912	-0.319
48.546	-40.55	314.5	97.35	7.514	-9.908
48.579	-42.05	314.5	97.62	7.624	-16.70
48.613	-43.30	313.9	97.85	6.306	-32.07
48.646	-44.30	313.8	98.04	5.329	-22.77
48.679	-45.25	313.7	98.21	4.915	-6.183
48.713	-46.11	313.7	98.36	4.825	-11.60
48.746	-47.05	313.6	98.53	4.337	-18.47
48.779	-47.73	313.7	98.65	3.404	-38.03
48.813	-48.31	313.6	98.76	1.996	-52.49
48.846	-48.48	313.7	98.79	-0.238	-38.85
48.879	-48.23	313.7	98.74	-0.805	-25.94
48.912	-48.18	313.7	98.73	-1.498	-12.05
48.946	-47.69	313.8	98.64	-2.106	-39.39
48.979	-47.41	313.8	98.59	-3.500	-40.95
49.012	-46.39	313.8	98.41	-5.486	-38.92
49.046	-45.37	313.8	98.23	-5.772	-3.292
49.079	-44.25	313.9	98.02	-5.818	-8.802
49.112	-43.22	314.0	97.84	-6.166	-9.238
49.146	-41.99	314.1	97.61	-6.649	-18.87
49.179	-40.79	314.3	97.40	-7.218	-32.07
49.212	-39.31	314.2	97.13	-8.853	-41.35
49.246	-37.50	314.2	96.81	-10.11	-1.194
49.279	-35.58	314.3	96.46	-9.069	5.922
49.312	-34.16	314.4	96.20	-9.100	-14.51
49.346	-32.23	314.4	95.85	-10.60	-18.78
49.379	-30.25	314.5	95.49	-10.26	-5.505
49.412	-28.45	314.5	95.17	-10.68	-9.093
49.446	-26.36	315.1	94.78	-11.24	-6.557
49.479	-24.36	315.2	94.42	-10.90	7.150
49.512	-22.36	315.3	94.06	-10.82	2.575
49.546	-20.38	315.2	93.70	-10.71	3.652
49.579	-18.41	315.3	93.34	-10.59	3.467
49.612	-16.49	315.3	92.99	-10.46	31.26
49.645	-14.58	315.5	92.65	-8.745	21.13
49.679	-13.27	315.3	92.41	-8.394	-7.277
49.712	-11.49	315.3	92.09	-9.833	-2.020
49.745	-9.664	315.4	91.75	-8.567	20.61
49.779	-8.342	315.3	91.52	-7.941	17.32
49.812	-6.749	315.4	91.23	-7.935	0.144
49.845	-5.431	315.3	90.99	-7.554	20.75
49.879	-3.976	315.3	90.72	-6.913	24.35
49.912	-2.895	315.3	90.53	-5.624	27.74
49.945	-1.913	315.3	90.35	-5.160	7.806
49.979	-1.002	315.3	90.18	-5.073	6.296
50.012	-5.280E-2	315.2	90.01	-4.846	7.628
50.045	0.775	315.2	89.86	-4.462	25.38
50.079	1.584	315.4	89.71	-3.340	40.98
50.112	1.999	315.2	89.64	-1.537	50.59
50.145	2.147	315.3	89.61	-2.393E-2	27.14
50.179	2.008	315.3	89.64	0.435	18.12
50.212	1.987	315.3	89.64	0.872	12.60
50.245	1.689	315.3	89.69	1.549	32.19
50.279	1.420	315.4	89.74	2.708	15.01
50.312	0.696	315.3	89.87	3.044	19.55
50.345	0.303	315.3	89.94	3.395	18.90
50.379	-0.550	315.4	90.10	4.775	2.375
50.412	-1.448	315.3	90.26	3.596	-16.57
50.445	-1.868	315.4	90.34	3.157	5.462
50.478	-2.606	315.4	90.47	4.346	6.711
50.512	-3.462	315.3	90.63	3.712	-6.752
50.545	-3.967	315.3	90.72	3.472	4.523
50.578	-4.737	315.4	90.86	4.335	21.64
50.612	-5.559	315.4	91.01	4.805	-17.16
50.645	-6.499	315.3	91.18	3.499	-15.13
50.678	-6.842	315.4	91.24	3.106	10.35
50.712	-7.640	315.4	91.39	4.722	28.26
50.745	-8.576	315.4	91.56	4.941	-15.12
50.778	-9.452	315.3	91.72	3.763	-16.13
50.812	-9.955	315.3	91.81	3.490	5.225
50.845	-10.73	315.4	91.95	4.442	25.39
50.878	-11.59	315.4	92.10	5.071	10.26
50.912	-12.60	315.4	92.29	5.254	3.460
50.945	-13.52	315.4	92.45	5.151	-21.10
50.978	-14.49	315.3	92.63	4.094	-10.66
51.012	-15.02	315.3	92.73	3.930	10.08
51.045	-15.93	315.3	92.89	5.200	21.83
51.078	-16.93	315.3	93.07	5.320	8.292
51.112	-17.89	315.3	93.25	5.626	8.058
51.145	-19.00	315.3	93.45	5.999	6.082
51.178	-20.09	315.3	93.65	5.957	-1.457
51.211	-21.19	315.2	93.85	5.917	1.135
51.245	-22.27	315.2	94.04	6.002	1.161
51.278	-23.40	315.2	94.25	6.049	10.07
51.311	-24.50	315.2	94.44	6.547	26.76
51.345	-25.81	315.1	94.68	7.900	18.64
51.378	-27.40	315.1	94.97	8.022	10.90
51.411	-28.76	315.0	95.22	8.209	-5.244
51.445	-30.42	314.9	95.52	8.134	6.438
51.478	-31.77	315.0	95.76	8.129	-4.239
51.511	-33.42	314.9	96.06	8.342	7.499
51.545	-34.84	314.8	96.31	8.218	-8.941
51.578	-36.45	314.7	96.61	8.105	2.025
51.611	-37.83	314.7	96.85	7.995	-10.38
51.645	-39.39	314.5	97.14	7.787	4.630
51.678	-40.65	314.1	97.37	7.874	-17.07
51.711	-42.25	313.9	97.66	7.225	-21.76
51.745	-43.30	313.8	97.85	5.847	-32.76
51.778	-44.40	313.8	98.05	5.385	-8.138
51.811	-45.29	313.7	98.21	5.071	-15.35
51.845	-46.28	313.7	98.39	4.634	-11.47
51.878	-47.00	313.6	98.52	4.040	-22.52
51.911	-47.78	313.6	98.66	3.387	-37.56
51.945	-48.26	313.6	98.75	1.457	-53.11
51.978	-48.33	313.7	98.76	-0.282	-31.08
52.011	-48.17	313.7	98.73	-0.653	-26.65
52.044	-48.09	313.7	98.72	-1.724	-19.27
52.078	-47.55	313.9	98.61	-2.424	-32.50
52.111	-47.20	313.8	98.55	-3.321	-39.21
52.144	-46.30	313.8	98.39	-5.456	-37.42
52.178	-45.18	313.9	98.19	-5.824	-10.63
52.211	-44.15	314.0	98.01	-5.939	-7.111
52.244	-42.99	314.1	97.79	-6.433	-17.20
52.278	-41.79	314.2	97.58	-6.994	-28.23
52.311	-40.40	314.2	97.33	-8.308	-18.84
52.344	-38.71	314.2	97.02	-8.521	-14.81
52.378	-37.25	314.2	96.76	-8.848	-24.32
52.411	-35.44	314.3	96.43	-10.42	-16.83
52.444	-33.41	314.4	96.07	-10.13	9.503
52.478	-31.72	314.6	95.76	-9.423	10.88
52.511	-30.00	315.2	95.44	-9.592	-15.91
52.544	-28.23	315.1	95.12	-10.34	-17.07
52.578	-26.18	315.2	94.75	-10.97	-8.635
52.611	-24.19	315.3	94.39	-10.78	3.500
52.644	-22.21	315.3	94.03	-10.74	3.219
52.678	-20.23	315.3	93.67	-10.60	1.956
52.711	-18.31	315.3	93.32	-10.55	2.754
52.744	-16.36	315.3	92.97	-10.49	1.254
52.777	-14.46	315.3	92.63	-10.39	31.42
52.811	-12.54	315.5	92.28	-8.689	18.36
52.844	-11.27	315.3	92.05	-8.440	1.041
52.877	-9.438	315.3	91.71	-9.384	2.229
52.911	-7.822	315.4	91.42	-8.025	19.02
52.944	-6.493	315.3	91.18	-7.880	10.54
52.977	-4.929	315.3	90.90	-7.735	24.33
53.011	-3.656	315.4	90.66	-6.066	33.56
53.044	-2.704	315.3	90.49	-5.339	21.25
53.077	-1.698	315.3	90.31	-4.902	5.050
53.111	-0.907	315.3	90.16	-4.752	3.250
53.144	4.480E-2	315.3	89.99	-4.930	8.556
53.177	0.901	315.2	89.84	-4.124	14.75
53.211	1.557	315.2	89.72	-3.796	47.84
53.244	2.294	315.3	89.58	-1.445	54.14
53.277	2.087	315.3	89.62	0.646	31.20
53.311	2.056	315.3	89.63	0.134	9.906
53.344	2.038	315.3	89.63	1.208	22.60
53.377	1.613	315.3	89.71	2.004	29.16
53.411	1.303	315.3	89.76	2.754	10.81
53.444	0.603	315.3	89.89	3.164	16.60
53.477	0.142	315.3	89.97	3.397	14.17
53.511	-0.643	315.4	90.12	4.431	4.324
53.544	-1.483	315.3	90.27	3.726	-7.844
53.577	-2.009	315.4	90.37	3.546	8.310
53.610	-2.784	315.3	90.51	4.549	19.76
53.644	-3.678	315.4	90.67	4.861	5.795
53.677	-4.567	315.4	90.83	4.880	-20.18
53.710	-5.468	315.3	90.99	3.701	-12.92
53.744	-5.924	315.3	91.08	3.520	6.549
53.777	-6.759	315.4	91.23	4.598	20.84
53.810	-7.613	315.4	91.38	4.759	3.005
53.844	-8.507	315.4	91.55	4.831	-18.12
53.877	-9.383	315.3	91.70	3.681	-11.98
53.910	-9.858	315.4	91.79	3.577	8.558
53.944	-10.70	315.4	91.94	4.683	21.22
53.977	-11.58	315.4	92.10	4.866	-16.46
54.010	-12.48	315.3	92.27	3.764	-14.08
54.044	-12.96	315.3	92.35	3.453	9.306
54.077	-13.75	315.4	92.50	4.743	28.96
54.110	-14.70	315.3	92.67	5.350	13.29
54.144	-15.72	315.3	92.85	5.612	1.535
54.177	-16.76	315.3	93.04	5.476	-3.000
54.210	-17.73	315.3	93.22	5.333	0.210
54.244	-18.72	315.3	93.40	5.521	8.634
54.277	-19.76	315.3	93.59	5.897	3.537
54.310	-20.89	315.2	93.79	5.854	3.949
54.343	-21.91	315.2	93.98	5.979	1.643
54.377	-23.09	315.2	94.19	6.161	4.279
54.410	-24.18	315.1	94.39	6.109	-2.430
54.443	-25.33	315.0	94.60	6.112	6.198
54.477	-26.43	315.1	94.79	6.378	28.69
54.510	-27.69	315.1	95.02	8.011	18.01
54.543	-29.37	314.9	95.33	8.020	12.76
54.577	-30.65	315.0	95.56	8.167	-6.047
54.610	-32.39	314.9	95.87	8.327	7.514
54.643	-33.71	314.8	96.11	8.026	-10.58
54.677	-35.35	314.8	96.41	8.140	9.661
54.710	-36.72	314.8	96.65	8.216	-12.48
54.743	-38.38	314.6	96.96	7.822	1.215
54.777	-39.61	314.6	97.18	7.681	-14.81
54.810	-41.22	314.5	97.47	7.496	-16.03
54.843	-42.31	313.9	97.67	6.117	-29.01
54.877	-43.40	313.8	97.87	5.744	-11.59
54.910	-44.42	313.8	98.06	5.316	-9.828
54.943	-45.37	313.7	98.23	5.083	-15.48
54.977	-46.29	313.6	98.40	4.384	-17.61
55.010	-47.00	313.7	98.52	3.735	-11.72
55.043	-47.69	313.7	98.65	3.697	-40.42
55.077	-48.36	313.6	98.77	1.363	-52.94
55.110	-48.20	313.7	98.74	-0.542	-38.29
55.143	-48.17	313.7	98.73	-0.670	-17.44
55.176	-47.95	313.7	98.69	-1.822	-39.02
55.210	-47.49	313.7	98.61	-3.259	-28.23
55.243	-46.77	313.9	98.47	-3.873	-24.87
55.276	-46.08	313.9	98.35	-4.610	-21.45
55.310	-45.05	313.9	98.17	-5.591	-24.68
55.343	-44.01	314.0	97.98	-6.074	-16.97
55.376	-42.82	314.1	97.76	-6.797	-34.21
55.410	-41.49	314.1	97.53	-8.212	-20.98
55.443	-39.78	314.2	97.21	-8.584	-18.08
55.476	-38.32	314.2	96.95	-8.891	-22.44
55.510	-36.49	314.3	96.62	-10.42	-17.56
55.543	-34.48	314.4	96.26	-10.15	13.46
55.576	-32.76	314.6	95.95	-9.264	4.646
55.610	-31.12	315.0	95.64	-9.810	-18.04
55.643	-29.19	315.1	95.29	-10.66	-15.79
55.676	-27.20	315.2	94.93	-10.81	-1.438
55.710	-25.21	315.2	94.57	-10.74	-0.134
55.743	-23.24	315.3	94.22	-10.79	-0.451
55.776	-21.23	315.3	93.85	-10.82	-0.380
55.810	-19.26	315.3	93.50	-10.77	2.800
55.843	-17.27	315.3	93.14	-10.67	1.612
55.876	-15.33	315.3	92.78	-10.61	4.832
55.909	-13.37	315.4	92.43	-10.43	31.54
55.943	-11.51	315.5	92.09	-8.645	20.14
55.976	-10.20	315.4	91.85	-8.487	-1.169
56.009	-8.386	315.3	91.52	-9.398	1.746
56.043	-6.748	315.4	91.23	-8.158	16.99
56.076	-5.393	315.3	90.98	-8.014	14.18
56.109	-3.807	315.4	90.69	-7.650	24.60
56.143	-2.587	315.4	90.47	-6.079	38.72
56.176	-1.577	315.3	90.29	-5.109	14.72
56.209	-0.713	315.3	90.13	-5.019	8.890
56.243	0.264	315.3	89.95	-4.746	5.646
56.276	1.027	315.3	89.81	-4.399	21.72
56.309	1.877	315.3	89.66	-3.598	40.94
56.343	2.347	315.3	89.57	-1.493	55.15
56.376	2.425	315.3	89.56	0.152	28.64
56.409	2.291	315.3	89.58	0.465	23.49
56.443	2.254	315.3	89.59	1.390	19.83
56.476	1.781	315.3	89.68	2.216	31.01
56.509	1.442	315.3	89.74	3.017	9.564
56.543	0.675	315.3	89.88	3.355	14.49
56.576	0.211	315.3	89.96	3.449	16.56
56.609	-0.590	315.3	90.11	4.780	25.53
56.643	-1.542	315.4	90.28	5.143	-15.84
56.676	-2.477	315.3	90.45	3.832	-15.33
56.709	-2.948	315.4	90.54	3.619	6.195
56.742	-3.804	315.4	90.69	4.719	20.61
56.776	-4.679	315.4	90.85	4.845	5.219
56.809	-5.582	315.4	91.01	5.060	2.477
56.842	-6.536	315.4	91.19	5.060	-22.25
56.876	-7.438	315.4	91.35	3.693	-16.08
56.909	-7.892	315.4	91.43	3.508	7.108
56.942	-8.728	315.4	91.58	4.628	21.55
56.976	-9.591	315.4	91.74	4.804	-16.40
57.009	-10.49	315.3	91.91	3.721	-10.95
57.042	-10.96	315.4	91.99	3.575	9.453
57.076	-11.80	315.4	92.14	4.789	20.44
57.109	-12.72	315.4	92.31	4.857	4.382
57.142	-13.59	315.4	92.47	4.989	4.168
57.176	-14.55	315.3	92.64	5.222	3.905
57.209	-15.50	315.3	92.82	5.210	-23.59
57.242	-16.46	315.3	92.99	3.847	-14.70
57.276	-16.92	315.3	93.07	3.672	11.29
57.309	-17.81	315.3	93.23	5.099	28.86
57.342	-18.79	315.2	93.41	5.473	6.599
57.376	-19.83	315.3	93.60	5.552	3.977
57.409	-20.83	315.2	93.78	5.678	3.637
57.442	-21.91	315.2	93.98	5.855	2.503
57.475	-22.99	315.2	94.17	5.820	0.812
57.509	-24.05	315.1	94.36	5.888	5.801
57.542	-25.15	315.1	94.56	6.208	2.321
57.575	-26.34	315.1	94.78	6.135	-3.322
57.609	-27.41	315.0	94.97	5.866	7.155
57.642	-28.50	315.0	95.17	6.565	28.49
57.675	-29.83	315.0	95.41	7.864	22.15
57.709	-31.39	314.9	95.69	8.170	8.925
57.742	-32.84	314.9	95.95	8.223	-7.047
57.775	-34.43	314.8	96.24	7.946	2.521
57.809	-35.78	314.9	96.48	8.046	-10.63
57.842	-37.40	314.7	96.78	7.701	5.367
57.875	-38.62	314.7	97.00	7.809	-14.75
57.909	-40.29	314.6	97.30	7.443	-18.96
57.942	-41.36	314.5	97.49	5.919	-25.88
57.975	-42.41	314.0	97.69	5.958	-9.177
58.009	-43.49	313.8	97.89	5.379	-14.43
58.042	-44.39	313.9	98.05	4.832	-6.547
58.075	-45.27	313.7	98.21	5.009	-7.943
58.109	-46.24	313.8	98.38	4.446	-13.71
58.142	-46.93	313.7	98.51	3.850	-17.12
58.175	-47.67	313.7	98.64	3.509	-43.13
58.209	-48.23	313.6	98.74	1.103	-50.62
58.242	-48.09	313.8	98.71	-0.413	-38.50
58.275	-48.09	313.7	98.71	-0.929	-21.36
58.308	-47.74	313.7	98.65	-2.129	-42.54
58.342	-47.31	313.8	98.57	-3.539	-39.43
58.375	-46.43	313.8	98.42	-5.004	-33.31
58.408	-45.45	313.9	98.24	-5.638	-14.12
58.442	-44.35	313.9	98.04	-5.987	-6.570
58.475	-43.24	314.0	97.84	-6.036	-10.74
58.508	-42.12	314.1	97.64	-6.625	-13.73
58.542	-40.80	314.2	97.40	-7.119	-34.26
58.575	-39.49	314.2	97.16	-8.586	-16.04
58.608	-37.63	314.3	96.83	-8.825	-19.75
58.642	-36.23	314.3	96.58	-9.087	-18.72
58.675	-34.27	314.4	96.22	-10.70	-28.74
58.708	-32.29	314.4	95.86	-10.79	-2.200
58.742	-30.30	314.5	95.50	-10.85	5.336
58.775	-28.29	314.5	95.14	-10.48	-1.959
58.808	-26.44	314.6	94.80	-10.77	-6.582
58.842	-24.37	315.1	94.42	-11.20	-4.487
58.875	-22.36	315.3	94.06	-10.91	5.585
58.908	-20.36	315.3	93.70	-10.85	0.777
58.942	-18.37	315.3	93.33	-10.86	9.426E-2
58.975	-16.37	315.3	92.97	-10.86	5.329
59.008	-14.38	315.3	92.61	-10.54	6.574
59.041	-12.49	315.3	92.27	-10.33	29.81
59.075	-10.59	315.4	91.92	-8.841	17.46
59.108	-9.249	315.3	91.68	-8.524	-4.850
59.141	-7.454	315.3	91.35	-9.752	5.624
59.175	-5.673	315.4	91.03	-8.182	27.33
59.208	-4.453	315.3	90.81	-7.387	20.85
59.241	-2.962	315.4	90.54	-7.339	10.46
59.275	-1.761	315.3	90.32	-6.379	33.48
59.308	-0.622	315.4	90.11	-5.305	19.97
59.341	0.184	315.3	89.97	-4.761	13.94
59.375	1.124	315.2	89.80	-4.675	10.35
59.408	1.898	315.2	89.65	-3.931	23.47
59.441	2.565	315.2	89.53	-3.161	40.14
59.475	3.057	315.3	89.44	-1.351	45.35
59.508	3.061	315.3	89.44	0.149	37.49
59.541	3.003	315.3	89.45	0.919	21.87
59.575	2.724	315.3	89.50	1.724	38.40
59.608	2.371	315.3	89.57	3.260	20.42
59.641	1.529	315.3	89.72	3.580	9.130
59.675	1.058	315.4	89.81	3.287	20.39
59.708	0.324	315.4	89.94	5.128	26.68
59.741	-0.823	315.4	90.15	5.404	6.016
59.775	-1.659	315.5	90.30	5.055	-6.874
59.808	-2.677	315.4	90.49	5.252	5.132
59.841	-3.586	315.4	90.65	5.204	-3.468
59.874	-4.587	315.4	90.83	5.177	-23.25
59.908	-5.484	315.3	91.00	3.710	-17.16
59.941	-5.947	315.4	91.08	3.582	10.58
59.974	-6.800	315.4	91.24	4.856	21.13
60.008	-7.730	315.4	91.40	4.921	2.229
60.041	-8.606	315.4	91.56	4.912	2.478
60.074	-9.533	315.4	91.73	5.135	-19.03
60.108	-10.49	315.3	91.91	3.843	-20.53
60.141	-10.94	315.4	91.99	3.251	7.277
60.174	-11.69	315.4	92.12	4.660	26.46
60.208	-12.66	315.4	92.30	5.106	4.038
60.241	-13.56	315.4	92.46	4.805	-23.94
60.274	-14.41	315.2	92.62	3.650	-11.72
60.308	-14.90	315.4	92.71	3.605	10.34
60.341	-15.75	315.3	92.86	4.747	22.43
60.374	-16.65	315.3	93.02	4.990	6.454
60.408	-17.58	315.3	93.19	5.168	3.476
60.441	-18.55	315.3	93.37	5.237	6.539
60.474	-19.50	315.2	93.54	5.538	1.811
60.508	-20.58	315.3	93.74	5.503	-2.333
60.541	-21.53	315.2	93.91	5.224	5.026
60.574	-22.50	315.2	94.08	5.836	10.35
60.607	-23.67	315.2	94.30	6.094	1.802
60.641	-24.75	315.2	94.49	5.803	-3.830
60.674	-25.81	315.1	94.68	5.863	3.537
60.707	-26.90	315.1	94.88	6.048	3.812
60.741	-28.03	315.0	95.09	6.139	6.462
60.774	-29.16	315.0	95.29	6.415	2.603
60.807	-30.39	314.9	95.51	6.438	25.47
60.841	-31.54	315.0	95.72	7.766	13.09
60.874	-33.26	314.9	96.03	8.000	-7.570
60.907	-34.48	314.8	96.25	6.642	-0.816
60.941	-35.72	314.8	96.47	7.955	4.839
60.974	-37.42	314.7	96.78	7.579	9.278
61.007	-38.52	314.7	96.98	7.655	-14.74
61.041	-40.24	314.5	97.29	7.599	-16.87
61.074	-41.31	314.4	97.48	5.762	-31.67
61.107	-42.31	314.0	97.68	5.743	-5.586
61.141	-43.37	313.9	97.87	5.438	-6.147
61.174	-44.31	313.8	98.04	5.231	-11.57
61.207	-45.30	313.8	98.22	4.813	-12.59
61.241	-46.09	313.7	98.36	4.238	-19.55
61.274	-46.87	313.7	98.50	3.645	-32.15
61.307	-47.43	313.6	98.60	2.095	-31.45
61.341	-47.65	313.7	98.64	1.304	-22.86
61.374	-47.94	313.7	98.69	0.873	-31.39
61.407	-47.98	313.7	98.70	-0.853	-34.77
61.440	-47.63	313.8	98.63	-1.691	-42.15
61.474	-47.36	313.8	98.58	-3.193	-42.61
61.507	-46.44	313.8	98.42	-5.044	-41.93
61.540	-45.49	313.8	98.25	-5.696	-9.042
61.574	-44.34	313.9	98.04	-5.839	-11.68
61.607	-43.33	314.0	97.86	-6.179	-7.728
61.640	-42.06	314.1	97.63	-6.657	-16.29
61.674	-40.89	314.2	97.41	-7.003	-23.94
61.707	-39.47	314.2	97.16	-8.353	-24.71
61.740	-37.79	314.2	96.86	-8.818	-20.22
61.774	-36.22	314.3	96.57	-9.390	-21.60
61.807	-34.33	314.4	96.23	-10.51	-13.37
61.840	-32.34	314.4	95.87	-10.30	13.81
61.874	-30.55	314.7	95.55	-9.466	3.281
61.907	-28.91	315.1	95.24	-9.926	-14.75
61.940	-26.93	315.2	94.88	-10.74	-15.06
61.974	-24.96	315.2	94.53	-10.80	-2.564
62.007	-22.95	315.2	94.16	-10.92	-2.451
62.040	-20.94	315.3	93.80	-10.97	1.379
62.074	-18.92	315.3	93.43	-10.84	1.794
62.107	-16.95	315.4	93.08	-10.80	0.156
62.140	-14.95	315.3	92.71	-10.87	5.334
62.173	-12.95	315.3	92.35	-10.48	6.765
62.207	-11.09	315.3	92.02	-10.29	6.160
62.240	-9.173	315.3	91.67	-10.21	-6.155E-2
62.273	-7.345	315.3	91.33	-10.17	13.81
62.307	-5.441	315.3	90.99	-9.515	30.43
62.340	-3.854	315.3	90.70	-7.962	44.50
62.373	-2.521	315.3	90.46	-6.575	8.065
62.407	-1.443	315.3	90.26	-7.142	9.313
62.440	9.818E-2	315.3	89.98	-6.663	19.56
62.473	1.000	315.2	89.82	-5.131	33.15
62.507	1.979	315.2	89.64	-4.836	20.18
62.540	2.773	315.2	89.50	-3.701	55.50
62.573	3.337	315.3	89.39	-1.285	51.67
62.607	3.245	315.3	89.41	0.205	27.53
62.640	3.262	315.3	89.41	0.172	21.31
62.673	3.182	315.3	89.42	1.579	25.35
62.707	2.682	315.3	89.51	2.222	29.89
62.740	2.367	315.3	89.57	3.072	15.36
62.773	1.556	315.3	89.72	3.794	21.73
62.807	0.976	315.3	89.82	4.024	13.34
62.840	8.034E-2	315.3	89.99	5.001	19.26
62.873	-0.858	315.3	90.16	5.206	4.372
62.907	-1.829	315.3	90.33	5.300	4.271
62.940	-2.802	315.3	90.51	5.458	2.903
62.973	-3.831	315.3	90.70	5.544	-2.234
63.006	-4.836	315.3	90.88	5.296	-4.618
63.040	-5.773	315.3	91.05	5.183	-2.691
63.073	-6.738	315.4	91.22	5.174	0.457
63.106	-7.673	315.4	91.39	5.170	-1.480
63.140	-8.636	315.4	91.57	5.126	-0.819
63.173	-9.555	315.4	91.74	5.063	-23.65
63.206	-10.49	315.3	91.91	3.775	-13.02
63.240	-10.94	315.4	91.99	3.632	7.251
63.273	-11.83	315.4	92.15	4.797	22.08
63.306	-12.70	315.4	92.31	4.903	1.838
63.340	-13.63	315.3	92.47	4.975	1.519
63.373	-14.53	315.3	92.64	4.957	-22.35
63.406	-15.45	315.2	92.80	3.696	-9.356
63.440	-15.89	315.3	92.88	3.757	6.544
63.473	-16.83	315.3	93.06	4.764	23.34
63.506	-17.64	315.3	93.20	4.935	7.159
63.540	-18.64	315.3	93.38	5.449	6.526
63.573	-19.64	315.2	93.56	5.305	-4.406
63.606	-20.59	315.2	93.74	5.131	3.902
63.640	-21.53	315.2	93.91	5.506	7.847
63.673	-22.62	315.2	94.10	5.802	2.698
63.706	-23.66	315.2	94.29	5.598	-0.415
63.739	-24.68	315.1	94.48	5.742	3.070
63.773	-25.78	315.1	94.68	5.885	2.046
63.806	-26.84	315.1	94.87	5.824	-0.506
63.839	-27.92	315.1	95.06	5.862	4.468
63.873	-29.01	315.1	95.26	6.098	6.921
63.906	-30.17	315.0	95.47	6.370	0.555
63.939	-31.35	314.9	95.68	6.161	-1.192
63.973	-32.43	314.9	95.88	6.166	21.82
64.006	-33.63	314.9	96.10	7.572	17.76
64.039	-35.22	314.7	96.39	7.766	-12.35
64.073	-36.48	314.7	96.61	6.384	-2.954
64.106	-37.59	314.7	96.81	7.371	8.421
64.139	-39.22	314.6	97.10	7.591	-17.99
64.173	-40.39	314.6	97.32	5.715	-32.54
64.206	-41.32	314.5	97.49	5.363	-6.141
64.239	-42.37	314.4	97.67	5.512	-0.444
64.273	-43.29	313.9	97.85	5.257	-13.27
64.306	-44.24	313.8	98.02	4.691	-12.68
64.339	-45.02	313.8	98.17	4.281	-14.37
64.373	-45.82	313.7	98.31	3.884	-26.08
64.406	-46.46	313.7	98.42	2.531	-25.97
64.439	-46.78	313.8	98.48	1.923	-29.73
64.473	-47.17	313.7	98.55	0.940	-25.55
64.506	-47.12	313.7	98.54	-0.201	-30.34
64.539	-47.11	313.7	98.54	-0.766	-23.58
64.572	-46.85	313.9	98.49	-1.922	-37.14
64.606	-46.40	313.8	98.41	-3.163	-22.15
64.639	-45.68	313.9	98.28	-3.602	-16.87
64.672	-45.08	314.0	98.17	-3.978	-27.93
64.706	-44.21	314.0	98.01	-5.587	-28.97
64.739	-43.02	314.1	97.80	-6.113	-15.35
64.772	-41.96	314.2	97.61	-6.298	-4.245
64.806	-40.69	314.2	97.38	-6.639	-42.20
64.839	-39.50	314.2	97.16	-8.653	-22.61
64.872	-37.50	314.4	96.80	-9.070	-15.61
64.906	-36.15	314.4	96.56	-8.658	-12.21
64.939	-34.29	314.4	96.23	-10.48	-33.46
64.972	-32.29	314.5	95.86	-10.82	-9.358
65.006	-30.30	314.5	95.50	-10.98	-2.159
65.039	-28.22	314.4	95.13	-11.07	8.765
65.072	-26.22	314.5	94.77	-10.39	-0.278
65.106	-24.41	314.5	94.44	-10.83	-9.617
65.139	-22.27	315.0	94.04	-11.43	-6.106
65.172	-20.24	315.0	93.68	-11.01	7.491
65.206	-18.23	315.0	93.31	-10.96	1.615
65.239	-16.21	315.0	92.95	-10.93	4.480
65.272	-14.21	315.0	92.58	-10.67	4.461
65.305	-12.29	315.0	92.23	-10.56	1.256
65.339	-10.33	315.0	91.88	-10.64	0.166
65.372	-8.384	314.9	91.53	-10.55	14.34
65.405	-6.464	314.8	91.18	-9.767	32.50
65.439	-4.803	314.8	90.87	-8.301	38.33
65.472	-3.422	314.6	90.62	-7.148	54.43
65.505	-2.187	314.9	90.40	-4.934	28.34
65.539	-1.618	315.0	90.29	-4.584	-4.044
65.572	-0.507	314.5	90.09	-5.907	-28.92
65.605	0.545	314.1	89.90	-6.193	-1.458
65.639	1.755	313.9	89.68	-6.212	25.09
65.672	2.810	313.7	89.49	-4.521	70.43
65.705	3.403	313.7	89.38	-1.469	59.51
65.739	3.345	313.6	89.39	-0.160	32.13
65.772	3.458	313.4	89.37	0.168	31.44
65.805	3.273	312.6	89.40	2.073	
65.839	2.693	312.3	89.51		
