	T_85_Frames					
t	x	y	θ	ω	α	
0.000	-25.00	315.0	94.54		
0.033	-23.08	315.1	94.19	-10.68	
0.067	-21.08	315.2	93.83	-10.84	1.337
0.100	-19.10	315.3	93.47	-10.58	5.524
0.133	-17.19	315.2	93.12	-10.41	3.016
0.167	-15.27	315.3	92.77	-10.43	-0.539
0.200	-13.36	315.3	92.43	-10.43	3.620
0.233	-11.44	315.3	92.08	-10.23	28.02
0.267	-9.603	315.3	91.74	-8.683	24.52
0.300	-8.252	315.3	91.50	-8.137	14.28
0.333	-6.617	315.3	91.20	-8.240	0.319
0.367	-5.229	315.3	90.95	-7.781	23.79
0.400	-3.762	315.3	90.68	-6.961	21.88
0.433	-2.676	315.3	90.49	-5.987	29.74
0.466	-1.566	315.3	90.28	-5.258	11.18
0.500	-0.748	315.3	90.14	-4.940	13.07
0.533	0.245	315.3	89.96	-4.732	2.023
0.566	0.988	315.3	89.82	-4.481	9.387
0.600	1.888	315.3	89.66	-4.400	6.843
0.633	2.603	315.5	89.53	-3.827	35.87
0.666	3.291	315.2	89.40	-2.277	42.99
0.700	3.437	315.3	89.38	-0.577	8.490
0.733	3.504	315.4	89.36	-1.675	-1.884
0.766	4.050	315.2	89.26	-1.343	17.57
0.800	3.995	315.3	89.27	0.172	24.94
0.833	3.988	315.3	89.28	4.638E-2	10.94
0.866	3.979	315.3	89.28	0.812	14.45
0.900	3.690	315.3	89.33	1.269	11.02
0.933	3.513	315.3	89.36	1.303	20.93
0.966	3.212	315.3	89.42	2.658	19.65
1.000	2.538	315.3	89.54	2.958	15.41
1.033	2.128	315.4	89.61	3.197	18.46
1.066	1.366	315.4	89.75	4.513	24.32
1.100	0.473	315.3	89.91	4.793	-10.23
1.133	-0.393	315.4	90.07	3.878	-0.446
1.166	-0.950	315.4	90.17	4.349	12.81
1.199	-1.987	315.4	90.36	5.280	26.59
1.233	-2.887	315.4	90.52	5.710	13.08
1.266	-4.084	315.5	90.74	6.446	9.690
1.299	-5.252	315.4	90.95	6.240	4.373
1.333	-6.371	315.4	91.16	6.634	31.26
1.366	-7.689	315.5	91.40	8.327	21.97
1.399	-9.430	315.5	91.71	8.497	22.27
1.433	-10.81	315.4	91.96	9.127	22.52
1.466	-12.78	315.3	92.32	10.62	29.55
1.499	-14.71	315.4	92.67	10.79	2.880
1.533	-16.74	315.3	93.04	10.94	2.957
1.566	-18.73	315.3	93.40	10.89	-0.615
1.599	-20.75	315.3	93.76	10.95	5.240
1.633	-22.75	315.2	94.13	11.18	3.160
1.666	-24.86	315.1	94.51	11.26	-0.470
1.699	-26.90	315.1	94.88	11.06	-4.264
1.733	-28.93	315.0	95.25	11.00	-4.976
1.766	-30.95	315.0	95.61	10.75	7.442
1.799	-32.91	315.0	95.96	11.33	2.088
1.833	-35.11	314.7	96.37	11.27	-4.714
1.866	-37.05	314.7	96.71	10.63	-17.88
1.899	-39.05	314.6	97.08	10.33	-1.442
1.933	-40.86	314.5	97.40	10.29	-11.94
1.966	-42.79	313.9	97.76	9.869	-27.79
1.999	-44.44	313.8	98.06	8.226	-31.58
2.032	-45.83	313.8	98.31	7.653	-24.56
2.066	-47.26	313.6	98.57	6.882	-28.36
2.099	-48.35	313.5	98.77	5.523	-27.62
2.132	-49.24	313.0	98.94	5.067	-14.91
2.166	-50.16	313.0	99.11	4.631	-22.58
2.199	-50.92	312.8	99.25	3.557	-44.80
2.232	-51.49	313.0	99.34	1.676	-29.43
2.266	-51.56	312.9	99.36	1.244	-16.32
2.299	-51.94	312.9	99.43	1.106	-42.71
2.332	-51.98	312.9	99.43	-1.697	-68.82
2.366	-51.33	313.0	99.31	-3.858	-25.84
2.399	-50.57	313.1	99.18	-3.333	-14.52
2.432	-50.08	313.0	99.09	-4.313	-26.84
2.466	-48.97	313.2	98.89	-5.780	-38.85
2.499	-47.97	313.3	98.71	-6.429	-18.88
2.532	-46.58	313.2	98.46	-7.354	-37.79
2.566	-45.25	313.4	98.22	-8.623	-38.88
2.599	-43.43	313.6	97.88	-10.27	-15.59
2.632	-41.52	314.0	97.53	-9.708	3.256
2.666	-39.90	314.2	97.24	-9.620	-16.16
2.699	-37.99	314.4	96.89	-11.06	-35.48
2.732	-35.81	314.3	96.50	-12.00	-19.35
2.765	-33.56	314.5	96.09	-12.35	-20.59
2.799	-31.33	315.1	95.68	-13.22	-12.11
2.832	-28.74	315.2	95.21	-13.47	-14.47
2.865	-26.36	315.3	94.78	-13.77	3.064
2.899	-23.67	315.3	94.29	-13.73	-5.077
2.932	-21.31	315.5	93.86	-13.61	7.560
2.965	-18.65	315.4	93.38	-13.69	-7.307
2.999	-16.27	315.5	92.95	-13.68	9.025
3.032	-13.65	316.0	92.47	-13.52	-0.159
3.065	-11.33	316.1	92.05	-13.25	22.08
3.099	-8.772	316.0	91.59	-12.53	24.19
3.132	-6.717	316.2	91.22	-11.18	27.40
3.165	-4.663	316.0	90.85	-10.92	6.967
3.199	-2.699	316.0	90.49	-10.65	14.90
3.232	-0.747	316.1	90.14	-10.04	9.323
3.265	0.990	316.0	89.82	-9.819	11.36
3.299	2.862	316.0	89.48	-9.557	17.62
3.332	4.502	315.9	89.18	-8.475	40.81
3.365	5.977	315.9	88.92	-6.953	43.62
3.399	7.058	315.9	88.72	-5.397	34.41
3.432	7.956	315.7	88.56	-4.703	24.38
3.465	8.790	316.0	88.41	-3.870	32.99
3.499	9.381	315.8	88.30	-2.468	31.74
3.532	9.689	315.7	88.24	-1.631	27.25
3.565	9.986	316.0	88.19	-0.849	22.99
3.598	10.00	315.7	88.19	7.105E-2	15.26
3.632	9.953	315.8	88.19	0.139	23.48
3.665	9.952	315.8	88.20	1.375	43.03
3.698	9.456	316.1	88.29	3.331	28.83
3.732	8.730	315.9	88.42	3.351	15.27
3.765	8.220	315.9	88.51	3.936	18.29
3.798	7.285	316.0	88.68	4.996	27.76
3.832	6.385	316.0	88.84	5.508	8.531
3.865	5.260	316.0	89.05	5.797	11.62
3.898	4.254	316.0	89.23	6.026	6.014
3.932	3.047	316.1	89.45	6.421	22.29
3.965	1.893	315.9	89.66	7.250	32.44
3.998	0.381	316.1	89.93	8.802	16.49
4.032	-1.342	316.1	90.24	8.496	8.696
4.065	-2.742	316.0	90.50	8.871	2.313
4.098	-4.603	316.1	90.83	9.259	16.29
4.132	-6.146	316.1	91.11	9.387	17.89
4.165	-8.055	316.0	91.46	10.80	26.10
4.198	-10.12	316.0	91.83	11.12	9.625
4.232	-12.14	316.0	92.20	11.31	3.165
4.265	-14.28	316.0	92.59	11.45	1.382
4.298	-16.36	316.0	92.96	11.31	-1.924
4.331	-18.45	315.9	93.34	11.35	0.595
4.365	-20.54	315.9	93.72	11.36	23.23
4.398	-22.61	315.6	94.10	12.70	14.46
4.431	-25.22	315.8	94.57	12.87	-10.91
4.465	-27.37	315.7	94.96	11.48	-29.78
4.498	-29.45	315.6	95.33	11.03	-8.481
4.531	-31.45	315.6	95.69	10.86	10.58
4.565	-33.47	315.6	96.05	11.68	24.12
4.598	-35.73	315.1	96.47	12.64	-7.136
4.631	-38.07	314.7	96.90	11.37	-32.56
4.665	-39.89	314.6	97.23	9.997	-24.98
4.698	-41.78	314.6	97.56	9.974	-26.68
4.731	-43.58	314.4	97.89	8.372	-27.63
4.765	-44.79	313.9	98.12	7.632	-32.28
4.798	-46.35	313.9	98.40	6.852	-23.83
4.831	-47.31	313.7	98.58	5.490	-38.38
4.865	-48.35	313.6	98.77	4.686	-4.203
4.898	-49.06	313.7	98.89	4.772	-13.05
4.931	-50.11	313.4	99.08	4.441	-13.70
4.965	-50.61	313.0	99.19	3.291	-53.04
4.998	-51.28	313.1	99.30	1.456	-45.18
5.031	-51.16	313.0	99.28	-0.368	-38.01
5.065	-51.14	313.0	99.28	-0.647	-18.57
5.098	-50.92	313.0	99.24	-1.703	-41.53
5.131	-50.51	313.1	99.17	-3.344	-18.66
5.164	-49.68	313.1	99.02	-3.336	-20.15
5.198	-49.27	313.1	98.94	-3.970	-24.28
5.231	-48.23	313.2	98.75	-5.618	-32.48
5.264	-47.18	313.2	98.57	-5.822	-10.85
5.298	-46.07	313.3	98.36	-6.395	-19.25
5.331	-44.86	313.6	98.14	-7.087	-27.03
5.364	-43.52	313.9	97.89	-8.174	-20.59
5.398	-41.90	314.1	97.60	-8.628	-17.21
5.431	-40.36	314.3	97.32	-9.065	-26.93
5.464	-38.54	314.2	96.99	-10.53	-30.07
5.498	-36.44	314.2	96.62	-11.22	-9.052
5.531	-34.44	314.6	96.25	-11.00	1.104
5.564	-32.46	315.0	95.88	-11.10	-1.909
5.598	-30.38	315.2	95.51	-11.22	-6.631
5.631	-28.32	315.2	95.14	-11.44	0.554
5.664	-26.18	315.5	94.74	-11.34	-3.538
5.698	-24.19	315.8	94.38	-11.44	3.087
5.731	-21.99	315.9	93.98	-11.42	3.399
5.764	-19.99	316.1	93.62	-10.97	7.339
5.798	-17.94	316.0	93.25	-11.04	-0.732
5.831	-15.91	316.0	92.88	-11.00	0.632
5.864	-13.89	316.0	92.52	-11.00	2.982
5.897	-11.87	316.1	92.15	-10.83	3.099
5.931	-9.904	316.0	91.80	-10.73	10.21
5.964	-7.919	316.1	91.44	-10.27	7.350
5.997	-6.127	316.0	91.11	-10.04	9.706
6.031	-4.227	316.0	90.77	-9.852	6.001
6.064	-2.506	316.1	90.45	-9.444	41.77
6.097	-0.755	316.1	90.14	-7.455	46.17
6.131	0.235	316.0	89.96	-5.720	32.08
6.164	1.347	315.9	89.76	-5.751	3.356
6.197	2.349	316.0	89.57	-5.374	12.63
6.231	3.322	315.9	89.40	-4.975	17.16
6.264	4.176	315.9	89.24	-4.213	15.95
6.297	4.870	315.9	89.12	-3.826	6.230
6.331	5.585	316.1	88.99	-3.876	33.46
6.364	6.291	315.7	88.86	-1.873	43.48
6.397	6.272	315.9	88.86	-0.341	12.51
6.431	6.422	316.0	88.84	-1.378	-7.529
6.464	6.776	315.8	88.77	-1.064	38.08
6.497	6.810	315.9	88.76	1.283	52.65
6.531	6.308	316.0	88.86	2.738	17.03
6.564	5.806	316.0	88.95	2.271	-9.114
6.597	5.470	315.8	89.01	1.978	20.13
6.631	5.080	316.1	89.08	3.527	38.27
6.664	4.175	315.9	89.24	4.903	26.43
6.697	3.276	315.9	89.41	5.064	8.282
6.730	2.315	316.0	89.58	5.471	7.327
6.764	1.266	316.0	89.77	5.608	7.010
6.797	0.253	315.8	89.95	5.831	6.199
6.830	-0.877	316.1	90.16	6.131	10.38
6.864	-2.000	316.1	90.36	6.426	5.300
6.897	-3.239	316.0	90.59	6.598	7.163
6.930	-4.425	316.0	90.80	6.770	26.52
6.964	-5.728	316.0	91.04	8.303	25.59
6.997	-7.478	316.0	91.36	8.870	21.79
7.030	-8.989	316.0	91.63	9.249	20.94
7.064	-10.88	316.0	91.97	10.60	22.75
7.097	-12.89	316.0	92.34	10.74	5.593
7.130	-14.83	316.0	92.69	10.83	2.196
7.164	-16.88	316.0	93.06	11.01	5.342
7.197	-18.89	316.0	93.42	11.09	-3.129
7.230	-20.96	315.8	93.80	10.92	4.907
7.264	-22.91	315.8	94.15	11.20	5.515
7.297	-25.09	315.8	94.54	11.56	4.633E-4
7.330	-27.17	315.7	94.92	11.06	-8.509
7.364	-29.17	315.6	95.28	10.95	-3.878
7.397	-31.22	315.6	95.65	10.90	10.77
7.430	-33.19	315.4	96.01	11.49	-2.599
7.463	-35.45	315.3	96.42	11.13	-10.83
7.497	-37.25	314.8	96.75	10.29	-19.86
7.530	-39.21	314.7	97.10	10.12	7.093
7.563	-40.98	314.5	97.42	10.47	-6.924
7.597	-43.06	314.4	97.80	10.13	-17.22
7.630	-44.66	313.9	98.10	8.885	-46.57
7.663	-46.27	313.7	98.39	7.374	-40.39
7.697	-47.38	313.7	98.59	5.814	-37.48
7.730	-48.46	313.8	98.78	5.125	-4.106
7.763	-49.26	313.5	98.93	5.294	-15.94
7.797	-50.37	313.4	99.13	4.561	-19.53
7.830	-50.90	313.1	99.23	3.423	-58.12
7.863	-51.58	313.0	99.36	1.335	-49.50
7.897	-51.38	313.0	99.32	-0.671	-31.36
7.930	-51.33	313.0	99.31	-0.290	-14.13
7.963	-51.28	313.0	99.30	-1.508	-23.18
7.997	-50.77	313.0	99.21	-2.237	-41.69
8.030	-50.45	313.0	99.15	-3.708	-43.47
8.063	-49.43	313.3	98.97	-5.740	-38.52
8.097	-48.32	313.1	98.77	-6.003	-6.757
8.130	-47.19	313.3	98.57	-6.216	-16.33
8.163	-46.05	313.5	98.36	-6.978	-11.66
8.197	-44.69	314.0	98.10	-7.255	-30.07
8.230	-43.44	314.0	97.87	-8.513	-40.27
8.263	-41.56	314.2	97.53	-10.45	-42.91
8.296	-39.59	314.3	97.18	-11.13	-8.561
8.330	-37.42	314.2	96.79	-11.17	-6.183
8.363	-35.46	314.4	96.43	-11.29	-4.156
8.396	-33.34	315.1	96.04	-11.68	-6.204
8.430	-31.20	315.1	95.66	-11.58	2.684
8.463	-29.07	315.2	95.27	-11.55	-1.223
8.496	-26.96	315.3	94.89	-11.61	-2.314
8.530	-24.78	315.3	94.49	-11.76	-4.852
8.563	-22.62	315.3	94.10	-11.89	-21.00
8.596	-20.42	315.6	93.70	-13.05	-8.466
8.630	-17.85	316.0	93.23	-12.89	12.04
8.663	-15.69	316.0	92.84	-11.76	6.166
8.696	-13.52	316.1	92.45	-12.56	-10.94
8.730	-11.08	316.2	92.01	-12.78	16.51
8.763	-8.816	315.9	91.60	-11.33	32.77
8.796	-6.903	316.0	91.25	-10.41	17.62
8.830	-4.991	316.0	90.90	-10.30	5.841
8.863	-3.118	316.0	90.57	-10.01	9.314
8.896	-1.310	316.0	90.24	-9.665	14.78
8.930	0.434	316.0	89.92	-9.066	38.39
8.963	2.022	316.0	89.63	-7.211	42.25
8.996	3.084	315.9	89.44	-5.890	33.74
9.029	4.186	315.9	89.24	-5.297	16.61
9.063	5.031	315.9	89.09	-4.572	10.78
9.096	5.865	315.9	88.94	-4.654	12.29
9.129	6.741	315.9	88.78	-3.910	30.59
9.163	7.306	316.0	88.68	-2.444	32.87
9.196	7.638	315.9	88.61	-1.688	24.12
9.229	7.923	315.9	88.56	-0.965	22.69
9.263	7.994	315.9	88.55	-7.547E-2	34.11
9.296	7.951	315.9	88.56	1.180	27.09
9.329	7.562	316.0	88.63	1.976	28.79
9.363	7.225	315.9	88.69	2.785	13.03
9.396	6.539	316.0	88.81	3.213	17.79
9.429	6.044	315.9	88.90	3.559	26.97
9.463	5.230	315.9	89.05	5.222	33.24
9.496	4.126	316.0	89.25	5.892	6.117
9.529	3.065	316.0	89.44	5.517	-2.860
9.563	2.098	316.0	89.62	5.599	7.914
9.596	1.008	316.1	89.82	6.147	8.213
9.629	-0.161	316.0	90.03	6.183	5.410
9.663	-1.265	316.0	90.23	6.373	7.776
9.696	-2.505	316.2	90.45	6.821	29.45
9.729	-3.772	316.0	90.68	8.132	22.72
9.763	-5.493	316.0	91.00	8.760	19.72
9.796	-6.994	316.1	91.27	8.980	15.93
9.829	-8.795	316.0	91.59	10.10	26.15
9.862	-10.71	316.0	91.94	10.66	9.560
9.896	-12.72	316.0	92.30	10.79	2.929
9.929	-14.68	316.0	92.66	10.76	-2.526
9.962	-16.67	315.9	93.02	10.69	2.875
9.996	-18.61	315.9	93.37	10.84	5.695
10.029	-20.68	315.9	93.74	11.18	7.150
10.062	-22.74	315.9	94.12	11.27	-1.092
10.096	-24.82	315.7	94.49	11.16	-6.783
10.129	-26.86	315.8	94.86	10.78	-6.687
10.162	-28.81	315.7	95.21	10.67	-0.992
10.196	-30.78	315.6	95.57	10.76	10.18
10.229	-32.77	315.4	95.93	11.27	-2.168
10.262	-34.94	315.3	96.32	10.88	-7.920
10.296	-36.74	314.9	96.66	10.37	-15.22
10.329	-38.72	314.7	97.01	10.18	-34.18
10.362	-40.52	314.8	97.33	8.100	-26.00
10.396	-41.71	314.5	97.55	7.901	-21.37
10.429	-43.41	314.4	97.86	7.514	-2.202
10.462	-44.51	314.5	98.05	6.918	-4.585
10.496	-45.97	314.3	98.32	7.804	-10.28
10.529	-47.29	313.7	98.57	6.206	-42.87
10.562	-48.21	313.8	98.74	4.619	-30.94
10.595	-49.01	313.6	98.88	4.293	-8.175
10.629	-49.77	313.5	99.02	4.087	-38.99
10.662	-50.54	313.6	99.15	1.971	-60.36
10.695	-50.54	313.7	99.15	-0.442	-37.92
10.729	-50.37	313.6	99.12	-0.437	-1.476
10.762	-50.36	313.6	99.12	-0.328	-16.34
10.795	-50.27	313.7	99.10	-1.535	-24.53
10.829	-49.80	313.7	99.02	-2.217	-28.14
10.862	-49.44	313.8	98.96	-3.058	-20.86
10.895	-48.67	313.8	98.82	-3.971	-25.64
10.929	-47.98	313.9	98.69	-4.472	-25.81
10.962	-47.01	313.8	98.52	-5.808	-27.03
10.995	-45.83	314.0	98.30	-6.383	-18.20
11.029	-44.66	314.1	98.09	-6.821	-30.97
11.062	-43.30	314.1	97.85	-8.457	-48.61
11.095	-41.54	314.2	97.53	-10.21	-32.15
11.129	-39.52	314.2	97.17	-10.65	-15.37
11.162	-37.59	314.3	96.82	-11.00	-1.161
11.195	-35.46	314.4	96.44	-11.00	-8.542
11.229	-33.55	314.6	96.09	-11.22	-6.976
11.262	-31.38	315.1	95.69	-11.79	-5.883
11.295	-29.25	315.2	95.30	-11.46	5.915
11.329	-27.16	315.3	94.92	-11.39	0.897
11.362	-25.06	315.4	94.54	-11.43	-3.707
11.395	-22.95	315.4	94.16	-11.60	-1.408
11.428	-20.81	315.9	93.77	-11.60	0.614
11.462	-18.71	316.0	93.39	-11.48	-18.74
11.495	-16.59	316.1	93.00	-12.72	-9.033
11.528	-14.03	316.0	92.54	-12.60	13.88
11.562	-11.95	316.0	92.17	-11.26	28.73
11.595	-9.883	316.0	91.79	-10.91	6.834
11.628	-7.934	316.0	91.44	-10.70	9.102
11.662	-5.947	316.0	91.08	-10.43	6.321
11.695	-4.098	316.0	90.74	-10.14	14.34
11.728	-2.217	316.0	90.40	-9.642	14.20
11.762	-0.555	316.1	90.10	-9.019	33.02
11.795	1.097	316.0	89.80	-7.701	34.23
11.828	2.275	315.9	89.59	-6.378	18.02
11.862	3.441	316.0	89.38	-6.632	3.436
11.895	4.713	316.0	89.15	-6.323	23.33
11.928	5.764	315.9	88.95	-4.973	31.51
11.962	6.541	315.9	88.81	-4.110	40.56
11.995	7.276	316.0	88.68	-2.552	28.63
12.028	7.477	315.9	88.64	-1.718	28.98
12.062	7.903	315.8	88.57	-1.168	20.72
12.095	7.913	316.1	88.57	7.154E-2	21.25
12.128	7.878	315.8	88.57	0.110	25.59
12.161	7.867	315.9	88.57	1.544	44.94
12.195	7.312	315.9	88.67	3.467	19.40
12.228	6.594	316.0	88.80	2.900	12.07
12.261	6.246	315.9	88.87	3.663	29.34
12.295	5.247	316.0	89.05	5.501	28.76
12.328	4.226	316.0	89.23	5.368	2.300
12.361	3.274	316.0	89.41	5.540	3.434
12.395	2.190	315.9	89.60	5.750	13.19
12.428	1.161	316.0	89.79	6.233	7.556
12.461	-0.101	316.0	90.02	6.508	5.761
12.495	-1.230	316.0	90.22	6.389	-1.299
12.528	-2.450	316.1	90.44	6.552	32.80
12.561	-3.639	316.0	90.66	8.261	22.31
12.595	-5.487	316.1	90.99	8.748	24.04
12.628	-6.856	316.0	91.24	9.013	15.60
12.661	-8.801	316.0	91.60	10.44	27.76
12.695	-10.70	316.0	91.94	10.56	2.126
12.728	-12.69	316.0	92.30	10.70	5.693
12.761	-14.63	316.0	92.65	10.83	2.702
12.795	-16.67	315.9	93.02	10.98	3.141
12.828	-18.67	315.9	93.38	10.96	-0.477
12.861	-20.71	315.9	93.75	11.00	-1.005
12.895	-22.73	315.9	94.12	10.88	-0.410
12.928	-24.71	315.7	94.48	10.94	2.097
12.961	-26.76	315.8	94.84	11.07	2.030
12.994	-28.80	315.7	95.21	11.05	-4.939
13.028	-30.83	315.5	95.58	10.77	2.135
13.061	-32.78	315.5	95.93	11.04	2.431E-2
13.094	-34.91	315.4	96.32	11.04	-3.095
13.128	-36.80	314.9	96.67	10.59	-20.92
13.161	-38.77	314.7	97.02	9.868	-32.33
13.194	-40.45	314.7	97.32	8.303	-25.97
13.228	-41.84	314.5	97.58	7.978	-2.579
13.261	-43.40	314.5	97.86	8.366	-0.205
13.294	-44.92	314.3	98.13	7.947	-24.31
13.328	-46.27	313.9	98.39	6.756	-35.62
13.361	-47.36	313.7	98.58	5.465	-28.42
13.394	-48.27	313.6	98.75	4.858	-16.35
13.428	-49.17	313.7	98.91	4.451	-19.10
13.461	-49.91	313.4	99.05	3.602	-38.55
13.494	-50.50	313.6	99.15	1.920	-30.91
13.528	-50.63	313.5	99.17	1.241	-16.84
13.561	-50.96	313.6	99.23	1.157	-31.28
13.594	-51.08	313.6	99.25	-0.843	-37.41
13.628	-50.62	313.5	99.17	-1.764	-47.82
13.661	-50.46	313.8	99.13	-3.352	-43.68
13.694	-49.41	313.7	98.95	-5.385	-35.00
13.727	-48.45	313.8	98.78	-5.336	-4.917
13.761	-47.46	314.0	98.60	-5.704	-11.57
13.794	-46.32	313.9	98.40	-6.161	-12.19
13.827	-45.16	314.0	98.18	-6.492	-12.08
13.861	-43.94	314.1	97.96	-6.955	-28.00
13.894	-42.59	314.1	97.72	-8.267	-24.50
13.927	-40.87	314.2	97.41	-8.896	-22.51
13.961	-39.30	314.2	97.13	-9.382	-23.63
13.994	-37.41	314.3	96.79	-10.72	-27.84
14.027	-35.35	314.5	96.41	-11.23	-10.58
14.061	-33.33	315.1	96.04	-11.36	1.027
14.094	-31.22	315.2	95.66	-11.21	-1.078
14.127	-29.20	315.3	95.29	-11.31	-2.614
14.161	-27.05	315.3	94.90	-11.53	-4.891
14.194	-24.96	315.5	94.52	-11.54	1.038
14.227	-22.83	315.9	94.13	-11.53	-1.018
14.261	-20.73	315.9	93.75	-11.53	-14.05
14.294	-18.59	316.1	93.37	-12.42	-8.479
14.327	-16.16	316.0	92.93	-12.40	10.09
14.361	-14.02	316.1	92.54	-11.44	23.35
14.394	-11.95	316.1	92.16	-10.95	11.88
14.427	-9.991	316.1	91.81	-10.59	8.085
14.461	-8.049	316.0	91.46	-10.45	1.956
14.494	-6.145	316.1	91.11	-10.43	8.240
14.527	-4.214	316.1	90.76	-10.01	17.08
14.560	-2.465	316.0	90.45	-9.187	32.06
14.594	-0.837	316.0	90.15	-7.976	21.93
14.627	0.467	316.1	89.92	-7.467	19.11
14.660	1.908	316.0	89.65	-7.049	27.06
14.694	3.057	315.9	89.45	-5.495	28.92
14.727	3.929	316.1	89.29	-4.981	17.17
14.760	4.887	315.9	89.11	-4.617	10.97
14.794	5.624	316.0	88.98	-4.035	32.94
14.827	6.371	315.9	88.84	-2.712	27.38
14.860	6.621	315.9	88.80	-1.762	23.81
14.894	7.019	315.9	88.73	-1.525	22.95
14.927	7.182	315.9	88.70	-0.104	27.39
14.960	7.057	315.9	88.72	0.462	22.19
14.994	7.012	315.9	88.73	1.083	19.66
15.027	6.659	315.9	88.79	2.026	28.05
15.060	6.270	316.1	88.86	2.772	15.48
15.094	5.638	315.8	88.98	3.248	18.60
15.127	5.074	316.0	89.08	3.775	25.28
15.160	4.254	316.0	89.23	5.066	22.56
15.194	3.211	316.0	89.42	5.392	12.35
15.227	2.272	316.0	89.59	5.649	3.676
15.260	1.136	316.1	89.79	5.872	8.197
15.293	0.113	316.1	89.98	5.971	1.734
15.327	-1.059	315.8	90.19	6.179	9.548
15.360	-2.158	316.1	90.39	6.428	6.858
15.393	-3.422	316.1	90.62	6.803	27.97
15.427	-4.659	316.0	90.84	8.020	15.93
15.460	-6.372	316.1	91.15	8.380	22.60
15.493	-7.739	316.0	91.40	8.872	18.82
15.527	-9.633	316.0	91.75	10.19	8.852
15.560	-11.49	316.1	92.08	9.333	-5.711
15.593	-13.07	316.0	92.37	9.484	12.37
15.627	-14.98	316.0	92.71	10.50	22.31
15.660	-16.93	315.9	93.07	10.84	6.593
15.693	-18.97	316.0	93.44	11.00	1.490
15.727	-20.99	316.0	93.80	10.90	-2.273
15.760	-22.97	315.6	94.16	10.85	2.245
15.793	-24.98	315.8	94.52	11.02	1.245
15.827	-27.05	315.7	94.90	11.02	-2.025
15.860	-29.04	315.6	95.26	10.81	-2.382
15.893	-31.03	315.5	95.62	10.87	8.193
15.927	-33.05	315.4	95.98	11.32	-1.400
15.960	-35.21	315.3	96.37	10.98	-13.96
15.993	-37.05	314.8	96.71	10.15	-12.65
16.027	-38.91	314.7	97.05	10.19	-8.082
16.060	-40.83	314.7	97.39	9.748	-28.45
16.093	-42.52	314.6	97.70	8.236	-27.84
16.126	-43.86	314.4	97.94	7.659	-5.589
16.160	-45.37	314.6	98.21	8.088	-3.556
16.193	-46.82	314.1	98.48	7.488	-24.51
16.226	-48.06	313.8	98.71	6.320	-39.01
16.260	-49.14	313.7	98.90	4.967	-19.52
16.293	-49.87	313.5	99.04	4.753	-18.47
16.326	-50.86	313.4	99.22	4.214	-41.08
16.360	-51.38	313.1	99.32	1.764	-67.76
16.393	-51.46	313.0	99.34	-0.369	-36.65
16.426	-51.22	313.0	99.29	-0.808	-21.73
16.460	-51.15	313.0	99.28	-1.420	-17.07
16.493	-50.70	313.1	99.20	-2.325	-39.63
16.526	-50.28	313.0	99.13	-3.662	-41.44
16.560	-49.36	313.2	98.96	-5.479	-32.53
16.593	-48.30	313.4	98.76	-5.730	-12.30
16.626	-47.22	313.2	98.57	-6.150	-12.99
16.660	-46.00	313.4	98.35	-6.744	-16.51
16.693	-44.77	313.6	98.12	-7.154	-27.68
16.726	-43.43	314.0	97.88	-8.522	-22.14
16.760	-41.67	314.1	97.56	-8.963	-18.20
16.793	-40.13	314.3	97.28	-9.286	-21.28
16.826	-38.26	314.4	96.94	-10.66	-29.16
16.859	-36.19	314.4	96.57	-11.22	-10.87
16.893	-34.11	314.5	96.19	-11.34	1.717
16.926	-32.07	315.1	95.81	-11.13	-2.748
16.959	-30.07	315.3	95.45	-11.38	-4.748
16.993	-27.87	315.2	95.05	-11.66	-10.27
17.026	-25.77	315.3	94.67	-11.87	-21.33
17.059	-23.51	315.4	94.26	-13.11	-6.632
17.093	-20.96	315.8	93.80	-12.66	21.20
17.126	-18.88	316.1	93.42	-11.25	22.13
17.159	-16.83	316.0	93.05	-11.30	-1.422
17.193	-14.71	316.0	92.66	-11.43	8.162
17.226	-12.62	316.0	92.29	-10.79	10.79
17.259	-10.74	316.0	91.95	-10.52	6.389
17.293	-8.747	316.0	91.59	-10.57	3.125
17.326	-6.852	316.1	91.24	-10.21	10.60
17.359	-4.996	316.1	90.91	-9.894	6.084
17.393	-3.213	316.0	90.58	-9.750	13.53
17.426	-1.410	316.0	90.26	-9.137	38.43
17.459	0.145	316.0	89.97	-7.171	45.62
17.493	1.225	316.0	89.78	-5.831	32.33
17.526	2.286	315.8	89.59	-5.262	14.97
17.559	3.160	316.1	89.43	-4.699	5.156
17.593	4.014	315.9	89.27	-4.939	7.566
17.626	4.972	315.9	89.10	-4.399	18.48
17.659	5.633	316.0	88.98	-3.450	33.77
17.692	6.244	316.0	88.87	-2.368	24.84
17.726	6.500	315.9	88.82	-1.523	26.88
17.759	6.801	315.9	88.77	-0.857	18.92
17.792	6.816	315.9	88.76	-3.040E-2	32.31
17.826	6.813	315.9	88.76	1.051	25.21
17.859	6.430	316.0	88.83	1.956	29.80
17.892	6.095	316.0	88.89	2.725	11.27
17.926	5.431	316.1	89.02	3.061	18.47
17.959	4.968	315.9	89.10	3.522	23.15
17.992	4.135	316.0	89.25	4.921	26.05
18.026	3.161	316.0	89.43	5.230	8.876
18.059	2.212	315.9	89.60	5.403	2.464
18.092	1.175	316.0	89.79	5.496	9.195
18.126	0.192	316.1	89.97	5.865	5.966
18.159	-0.981	316.0	90.18	6.103	6.108
18.192	-2.051	316.0	90.37	6.080	-0.572
18.226	-3.216	316.1	90.58	6.199	12.20
18.259	-4.330	316.1	90.78	6.723	31.60
18.292	-5.687	316.0	91.03	8.372	21.08
18.326	-7.409	316.1	91.34	8.445	8.431
18.359	-8.793	316.0	91.59	8.407	-1.630
18.392	-10.50	316.1	91.90	8.789	18.37
18.425	-12.03	316.1	92.18	9.229	22.81
18.459	-13.90	316.1	92.52	10.59	25.82
18.492	-15.92	315.9	92.88	10.95	-7.300E-2
18.525	-17.92	315.9	93.25	10.55	0.357
18.559	-19.82	316.0	93.59	10.80	1.444
18.592	-21.90	315.8	93.97	10.93	2.708
18.625	-23.83	315.8	94.32	10.73	-2.262
18.659	-25.87	315.8	94.68	10.93	3.513
18.692	-27.87	315.7	95.04	10.90	-3.160
18.725	-29.89	315.7	95.41	10.76	-2.376
18.759	-31.84	315.6	95.76	10.67	6.113
18.792	-33.83	315.5	96.12	11.17	-2.464
18.825	-35.95	315.3	96.51	10.73	-5.862
18.859	-37.73	314.7	96.83	10.40	-18.41
18.892	-39.77	314.8	97.20	9.913	-29.06
18.925	-41.40	314.6	97.50	8.208	-26.48
18.959	-42.78	314.5	97.75	8.019	-4.316
18.992	-44.37	314.5	98.03	8.210	-0.706
19.025	-45.81	314.3	98.29	7.818	-24.25
19.059	-47.17	313.7	98.55	6.761	-36.13
19.092	-48.26	313.8	98.74	5.219	-31.28
19.125	-49.11	313.7	98.90	4.658	-12.21
19.158	-49.95	313.5	99.05	4.504	-17.88
19.192	-50.76	313.4	99.20	3.541	-44.60
19.225	-51.30	313.6	99.29	1.497	-53.29
19.258	-51.34	313.6	99.30	-0.181	-41.13
19.292	-51.23	313.6	99.28	-1.125	-28.14
19.325	-50.93	313.7	99.22	-2.070	-31.17
19.358	-50.46	313.7	99.14	-3.168	-19.14
19.392	-49.74	313.6	99.01	-3.510	-19.11
19.425	-49.17	313.8	98.91	-4.129	-33.73
19.458	-48.25	314.0	98.74	-5.940	-38.28
19.492	-46.96	313.8	98.51	-6.805	-13.77
19.525	-45.71	314.0	98.28	-6.731	-25.38
19.558	-44.49	314.1	98.06	-8.258	-17.94
19.592	-42.66	314.1	97.73	-8.567	-21.91
19.625	-41.31	314.2	97.49	-8.902	-28.43
19.658	-39.37	314.3	97.14	-11.03	-32.09
19.692	-37.24	314.4	96.76	-11.03	-6.856
19.725	-35.28	314.3	96.41	-11.17	-6.073
19.758	-33.14	314.7	96.01	-11.71	-6.612
19.792	-31.04	315.2	95.62	-11.50	3.720
19.825	-28.93	315.1	95.24	-11.44	-2.388
19.858	-26.82	315.3	94.86	-11.66	-8.194
19.892	-24.65	315.5	94.47	-12.01	-17.64
19.925	-22.43	315.8	94.06	-12.78	-4.871
19.958	-19.97	316.0	93.62	-12.59	12.18
19.991	-17.79	316.0	93.22	-11.68	17.51
20.025	-15.67	316.0	92.84	-11.51	-11.35
20.058	-13.56	316.1	92.46	-12.32	-4.356
20.091	-11.13	316.1	92.02	-12.18	13.97
20.125	-9.073	316.1	91.64	-11.01	24.87
20.158	-7.082	316.1	91.28	-10.64	9.509
20.191	-5.159	316.1	90.94	-10.37	19.53
20.225	-3.272	316.1	90.59	-9.454	32.70
20.258	-1.683	316.0	90.31	-8.049	21.69
20.291	-0.312	316.0	90.06	-7.897	12.98
20.325	1.219	316.1	89.78	-7.510	11.35
20.358	2.448	315.9	89.56	-6.824	22.13
20.391	3.727	316.0	89.32	-6.287	16.82
20.425	4.759	316.0	89.14	-5.508	25.56
20.458	5.751	315.9	88.96	-4.744	28.33
20.491	6.503	316.0	88.82	-3.527	45.15
20.525	7.049	316.0	88.72	-1.831	46.83
20.558	7.176	316.0	88.70	-0.228	33.68
20.591	7.129	315.8	88.71	0.366	7.443
20.625	7.041	315.9	88.72	0.270	12.89
20.658	7.032	315.9	88.72	1.006	21.13
20.691	6.672	316.0	88.79	1.982	34.26
20.724	6.305	316.0	88.86	3.011	16.63
20.758	5.566	316.0	88.99	3.458	21.95
20.791	5.034	316.0	89.09	4.007	19.16
20.824	4.093	316.0	89.26	5.134	23.52
20.858	3.148	316.1	89.43	5.385	6.459
20.891	2.113	316.0	89.62	5.630	7.701
20.924	1.077	316.0	89.80	5.835	3.680
20.958	-3.187E-2	316.1	90.01	5.946	3.747
20.991	-1.108	316.1	90.20	6.009	2.003
21.024	-2.241	316.1	90.41	6.139	3.662
21.058	-3.365	316.1	90.61	6.210	10.42
21.091	-4.524	316.1	90.82	6.795	33.36
21.124	-5.863	316.1	91.06	8.401	41.28
21.158	-7.613	316.1	91.38	9.759	3.443
21.191	-9.454	316.1	91.71	8.722	-5.997
21.224	-10.82	316.1	91.96	8.769	18.98
21.258	-12.68	316.0	92.30	10.49	23.48
21.291	-14.69	316.1	92.66	10.34	-24.06
21.324	-16.49	316.0	92.99	8.814	-10.37
21.358	-17.93	315.9	93.25	9.246	19.69
21.391	-19.89	316.0	93.60	10.66	23.35
21.424	-21.86	316.0	93.96	10.62	-0.881
21.458	-23.80	315.8	94.31	10.58	3.750
21.491	-25.76	315.7	94.66	10.85	-3.512
21.524	-27.82	315.8	95.03	10.50	-6.763
21.557	-29.62	315.5	95.36	10.16	-24.55
21.591	-31.56	315.7	95.71	9.191	1.301
21.624	-33.03	315.5	95.98	9.624	13.18
21.657	-35.10	315.3	96.35	10.79	12.26
21.691	-36.95	314.9	96.69	10.09	-18.26
21.724	-38.80	314.9	97.02	9.620	-34.47
21.757	-40.51	314.7	97.34	7.948	-20.14
21.791	-41.71	314.6	97.55	7.746	-18.45
21.824	-43.38	314.6	97.85	7.473	-7.515
21.857	-44.51	314.6	98.05	6.570	-10.68
21.891	-45.78	314.2	98.29	7.134	-1.687
21.924	-47.06	313.9	98.53	6.470	-34.17
21.957	-48.13	313.8	98.72	4.813	-28.55
21.991	-48.82	313.6	98.85	4.306	-18.53
22.024	-49.70	313.6	99.01	3.977	-35.49
22.057	-50.32	313.7	99.11	1.828	-61.50
22.091	-50.41	313.7	99.13	-0.274	-33.85
22.124	-50.20	313.6	99.09	-0.531	-10.14
22.157	-50.22	313.7	99.09	-0.609	-17.34
22.191	-49.99	313.7	99.05	-1.838	-41.41
22.224	-49.54	313.8	98.97	-3.342	-17.53
22.257	-48.75	313.7	98.83	-3.293	-21.91
22.290	-48.34	314.0	98.75	-4.162	-30.21
22.324	-47.21	313.9	98.55	-5.948	-31.55
22.357	-46.12	314.0	98.36	-6.002	-2.939
22.390	-45.00	314.1	98.15	-6.146	-14.83
22.424	-43.84	314.1	97.95	-6.911	-38.38
22.457	-42.44	314.1	97.69	-8.722	-23.46
22.490	-40.62	314.2	97.36	-8.847	-18.66
22.524	-39.18	314.4	97.10	-9.304	-21.58
22.557	-37.17	314.3	96.74	-10.84	-30.25
22.590	-35.18	314.6	96.38	-11.10	-1.290
22.624	-33.14	315.1	96.01	-11.01	-7.630
22.657	-31.17	315.2	95.65	-11.40	-7.712
22.690	-28.94	315.3	95.25	-11.80	-7.233
22.724	-26.83	315.4	94.86	-11.69	1.908
22.757	-24.67	315.9	94.47	-11.77	-16.47
22.790	-22.52	316.0	94.08	-12.61	-4.471
22.824	-20.03	316.1	93.63	-12.49	8.760
22.857	-17.92	316.0	93.24	-11.58	18.17
22.890	-15.76	316.0	92.85	-11.49	6.873
22.924	-13.68	316.0	92.48	-11.07	12.54
22.957	-11.68	316.1	92.12	-10.66	5.774
22.990	-9.759	316.0	91.77	-10.63	3.518
23.024	-7.770	316.0	91.41	-10.55	6.556
23.057	-5.882	316.1	91.07	-10.11	5.649
23.090	-4.051	316.0	90.73	-10.13	7.057
23.123	-2.155	316.0	90.39	-9.792	13.16
23.157	-0.452	316.1	90.08	-9.105	38.06
23.190	1.191	316.0	89.78	-7.493	45.38
23.223	2.302	316.0	89.58	-5.733	36.35
23.257	3.299	316.0	89.40	-5.218	7.535
23.290	4.219	315.9	89.23	-5.191	9.742
23.323	5.205	315.9	89.06	-4.740	19.15
23.357	5.962	316.0	88.92	-3.760	15.23
23.390	6.589	316.0	88.81	-3.677	36.82
23.423	7.313	315.9	88.67	-1.746	47.22
23.457	7.230	315.9	88.69	0.175	40.77
23.490	7.248	315.9	88.69	0.493	14.95
23.523	7.048	315.9	88.72	1.344	14.27
23.557	6.755	316.0	88.78	1.453	15.54
23.590	6.516	316.0	88.82	2.177	35.46
23.623	5.955	316.0	88.92	3.956	40.63
23.657	5.061	316.0	89.08	5.000	22.25
23.690	4.117	316.0	89.25	5.320	4.415
23.723	3.105	316.0	89.44	5.351	10.03
23.757	2.150	316.0	89.61	5.828	8.792
23.790	0.963	316.1	89.83	6.179	6.643
23.823	-0.121	316.1	90.02	6.074	-1.555
23.856	-1.270	316.1	90.23	6.177	10.85
23.890	-2.391	316.1	90.43	6.671	32.02
23.923	-3.722	316.1	90.67	8.327	13.87
23.956	-5.454	316.1	90.99	8.024	20.80
23.990	-6.672	316.0	91.21	8.844	17.30
24.023	-8.705	316.0	91.58	10.14	6.046
24.056	-10.41	316.2	91.89	8.737	-8.041
24.090	-11.92	316.0	92.16	9.427	21.66
24.123	-13.87	316.0	92.51	10.59	20.28
24.156	-15.82	316.1	92.87	10.60	-0.205
24.190	-17.78	316.0	93.22	10.59	0.255
24.223	-19.72	315.9	93.57	10.60	5.515
24.256	-21.68	315.9	93.93	10.94	-1.369
24.290	-23.75	315.8	94.30	10.66	-2.594
24.323	-25.61	315.8	94.64	10.50	-2.844
24.356	-27.63	315.7	95.00	10.70	-19.02
24.390	-29.57	315.7	95.35	9.291	-18.99
24.423	-31.05	315.6	95.62	8.992	6.404
24.456	-32.87	315.4	95.95	10.12	33.54
24.490	-34.79	315.5	96.29	11.06	2.647
24.523	-36.96	315.3	96.69	10.63	-14.75
24.556	-38.66	314.8	97.00	9.623	-43.40
24.590	-40.48	314.8	97.33	8.171	-20.80
24.623	-41.67	314.6	97.55	7.612	-21.75
24.656	-43.28	314.5	97.83	7.419	1.765E-2
24.689	-44.43	314.5	98.04	7.000	-8.691
24.723	-45.85	314.3	98.30	7.318	-8.476
24.756	-47.06	313.8	98.53	6.260	-37.94
24.789	-48.11	313.8	98.72	4.821	-26.06
24.823	-48.83	313.6	98.85	4.305	-22.04
24.856	-49.71	313.7	99.00	3.714	-31.21
24.889	-50.21	313.6	99.10	2.012	-57.18
24.923	-50.48	313.8	99.14	1.908E-3	-35.79
24.956	-50.20	313.5	99.10	-0.702	-15.33
24.989	-50.19	313.6	99.09	-0.617	-16.67
25.023	-50.01	313.8	99.06	-1.906	-40.42
25.056	-49.50	313.8	98.97	-3.385	-22.09
25.089	-48.74	313.7	98.83	-3.522	-18.35
25.123	-48.19	313.8	98.73	-4.197	-24.14
25.156	-47.22	314.1	98.55	-5.526	-32.15
25.189	-46.14	313.9	98.36	-6.139	-10.38
25.223	-44.93	314.0	98.14	-6.371	-13.69
25.256	-43.79	314.1	97.94	-6.815	-28.37
25.289	-42.41	314.2	97.69	-8.370	-24.05
25.323	-40.69	314.2	97.38	-8.649	-16.92
25.356	-39.21	314.3	97.11	-9.064	-22.46
25.389	-37.35	314.4	96.78	-10.46	-34.08
25.422	-35.36	314.5	96.41	-11.25	-15.93
25.456	-33.27	315.1	96.03	-11.58	-1.143
25.489	-31.14	315.2	95.64	-11.29	5.032
25.522	-29.10	315.2	95.27	-11.17	2.486
25.556	-27.02	315.3	94.90	-11.20	0.240
25.589	-24.97	315.3	94.53	-11.11	-10.59
25.622	-22.92	315.4	94.16	-11.82	-8.408
25.656	-20.62	315.4	93.74	-11.96	-11.75
25.689	-18.56	316.1	93.36	-12.22	3.015
25.722	-16.15	316.1	92.93	-12.20	3.517
25.756	-14.06	316.0	92.55	-11.58	22.50
25.789	-11.89	316.2	92.15	-11.01	11.27
25.822	-10.01	316.1	91.81	-10.52	8.681
25.856	-8.017	316.0	91.45	-10.66	6.195
25.889	-6.089	316.1	91.10	-10.07	11.56
25.922	-4.315	316.0	90.78	-9.783	5.558
25.956	-2.492	316.0	90.45	-9.811	32.01
25.989	-0.708	316.1	90.13	-7.862	26.50
26.022	0.398	316.1	89.93	-7.344	18.51
26.056	1.991	316.0	89.64	-7.446	21.59
26.089	3.134	316.0	89.43	-5.474	35.22
26.122	4.003	316.0	89.27	-5.019	12.31
26.156	4.979	316.0	89.10	-4.903	5.217
26.189	5.805	316.0	88.95	-4.511	21.67
26.222	6.636	316.0	88.80	-3.647	43.81
26.255	7.146	316.0	88.70	-1.517	45.38
26.289	7.189	315.8	88.70	-0.375	28.63
26.322	7.285	316.0	88.68	9.818E-2	22.57
26.355	7.158	316.0	88.70	1.233	19.96
26.389	6.830	316.0	88.76	1.538	10.45
26.422	6.593	316.0	88.80	1.719	30.52
26.455	6.201	316.1	88.88	3.531	47.59
26.489	5.293	315.9	89.04	5.187	27.80
26.522	4.292	316.0	89.22	5.287	7.640
26.555	3.352	316.1	89.39	5.547	3.860
26.589	2.253	316.0	89.59	5.727	6.315
26.622	1.247	316.0	89.77	5.791	6.422
26.655	0.125	316.0	89.98	6.257	6.214
26.689	-1.054	316.1	90.19	6.229	2.164
26.722	-2.165	316.1	90.39	6.293	6.402
26.755	-3.367	316.1	90.61	6.726	30.52
26.789	-4.640	316.2	90.84	8.167	17.92
26.822	-6.371	316.1	91.15	8.397	21.25
26.855	-7.726	316.1	91.40	8.894	19.39
26.889	-9.640	316.0	91.75	10.29	5.505
26.922	-11.51	316.1	92.09	9.153	-11.60
26.955	-13.01	316.0	92.36	9.108	10.27
26.988	-14.86	316.0	92.69	10.23	19.88
27.022	-16.78	316.0	93.04	10.35	11.42
27.055	-18.67	315.9	93.38	10.88	8.808
27.088	-20.79	316.0	93.76	11.15	-0.800
27.122	-22.79	316.0	94.13	10.68	-9.443
27.155	-24.72	315.8	94.48	10.51	-1.520
27.188	-26.66	315.8	94.83	10.59	2.916
27.222	-28.63	315.7	95.18	10.72	2.293
27.255	-30.62	315.7	95.54	10.75	-24.37
27.288	-32.61	315.7	95.90	9.288	-11.49
27.322	-34.05	315.5	96.16	9.362	8.664
27.355	-36.05	315.3	96.52	10.55	9.867
27.388	-37.88	314.8	96.86	9.774	-16.04
27.422	-39.61	314.7	97.17	9.391	-32.02
27.455	-41.36	314.7	97.49	7.939	-24.01
27.488	-42.55	314.6	97.70	7.231	-8.864
27.522	-44.01	314.3	97.97	7.827	-5.042
27.555	-45.38	314.0	98.22	6.831	-36.58
27.588	-46.48	313.8	98.42	5.304	-26.37
27.622	-47.33	313.8	98.58	4.921	-15.46
27.655	-48.30	313.7	98.75	4.583	-6.581
27.688	-49.01	313.6	98.88	4.188	-20.95
27.722	-49.83	313.5	99.03	3.513	-40.82
27.755	-50.34	313.7	99.12	1.318	-54.32
27.788	-50.38	313.8	99.12	-0.262	-32.75
27.821	-50.21	313.5	99.10	-0.773	-20.39
27.855	-50.09	313.8	99.07	-1.525	-17.24
27.888	-49.66	313.6	99.00	-2.080	-31.76
27.921	-49.31	313.8	98.93	-3.352	-42.30
27.955	-48.45	313.9	98.77	-5.207	-39.77
27.988	-47.39	314.0	98.58	-5.939	-17.21
28.021	-46.24	314.0	98.38	-6.308	-3.232
28.055	-45.04	314.0	98.16	-6.212	-9.722
28.088	-43.95	314.1	97.96	-6.741	-30.91
28.121	-42.55	314.2	97.71	-8.414	-23.87
28.155	-40.82	314.2	97.40	-8.572	-15.40
28.188	-39.38	314.3	97.14	-8.953	-34.19
28.221	-37.55	314.6	96.81	-11.11	-31.47
28.255	-35.33	314.9	96.40	-11.32	-2.368
28.288	-33.42	315.2	96.05	-10.82	7.809
28.321	-31.35	315.2	95.68	-11.04	-11.32
28.355	-29.34	315.2	95.32	-11.41	-4.780
28.388	-27.15	315.4	94.92	-11.58	0.347
28.421	-25.06	315.3	94.55	-11.22	4.792
28.455	-23.01	315.4	94.17	-11.29	1.338
28.488	-20.95	316.0	93.79	-11.19	2.539
28.521	-18.92	316.1	93.43	-11.05	1.883
28.554	-16.88	316.1	93.06	-11.10	-1.148
28.588	-14.83	316.1	92.69	-11.11	0.316
28.621	-12.78	316.1	92.32	-11.09	11.84
28.654	-10.75	316.2	91.95	-10.41	8.985
28.688	-8.949	316.0	91.62	-10.24	3.253
28.721	-6.979	316.1	91.26	-10.46	2.704
28.754	-5.106	316.2	90.93	-9.950	8.333
28.788	-3.319	316.0	90.60	-9.854	10.84
28.821	-1.482	316.1	90.27	-9.390	36.03
28.854	0.132	316.0	89.98	-7.451	43.80
28.888	1.256	316.0	89.77	-6.170	13.18
28.921	2.400	316.0	89.56	-6.707	-0.156
28.954	3.722	316.0	89.33	-6.422	22.87
28.988	4.760	316.0	89.14	-4.988	26.75
29.021	5.556	316.0	88.99	-4.531	18.57
29.054	6.426	316.0	88.83	-4.007	32.87
29.088	7.031	316.1	88.73	-2.251	58.56
29.121	7.252	315.9	88.69	-7.836E-2	38.86
29.154	7.057	316.0	88.72	0.587	6.323
29.188	7.038	316.0	88.72	5.154E-2	9.545
29.221	7.034	315.8	88.72	1.115	20.34
29.254	6.629	316.1	88.80	1.799	42.49
29.288	6.378	316.0	88.84	3.373	40.81
29.321	5.387	316.0	89.02	5.184	8.735
29.354	4.473	316.1	89.19	3.782	-9.434
29.387	3.998	316.1	89.28	4.034	16.88
29.421	2.989	316.0	89.46	5.492	26.38
29.454	1.979	316.1	89.64	5.575	4.192
29.487	0.940	316.0	89.83	5.776	9.312
29.521	-0.144	316.1	90.03	6.180	6.560
29.554	-1.332	316.1	90.24	6.298	1.107
29.587	-2.460	316.1	90.45	6.163	9.964
29.621	-3.598	316.1	90.65	6.894	32.31
29.654	-4.994	316.1	90.91	8.399	38.26
29.687	-6.686	316.1	91.21	9.524	10.64
29.721	-8.497	316.1	91.54	9.180	3.768
29.754	-10.07	316.1	91.82	9.412	11.79
29.787	-11.96	316.0	92.17	10.32	19.07
29.821	-13.86	316.0	92.51	10.53	5.009
29.854	-15.84	316.0	92.87	10.71	2.674
29.887	-17.80	315.9	93.22	10.67	-1.407
29.921	-19.76	315.9	93.58	10.62	4.472
29.954	-21.72	315.9	93.93	10.92	-0.182
29.987	-23.80	315.9	94.31	10.78	0.179
30.021	-25.68	315.6	94.65	10.69	0.820
30.054	-27.74	315.8	95.02	11.02	-0.166
30.087	-29.76	315.7	95.38	10.65	-4.876
30.120	-31.66	315.6	95.73	10.58	-8.069
30.154	-33.66	315.5	96.09	10.30	-15.64
30.187	-35.47	315.5	96.42	9.409	-16.18
30.220	-37.13	315.3	96.72	9.170	2.427
30.254	-38.80	314.8	97.03	9.615	3.904
30.287	-40.63	314.7	97.36	9.553	-20.85
30.320	-42.33	314.6	97.66	8.212	-24.76
30.354	-43.65	314.4	97.90	7.627	-24.79
30.387	-45.16	314.5	98.17	6.956	-11.03
30.420	-46.26	314.5	98.37	6.457	-26.79
30.454	-47.52	314.1	98.60	5.671	-27.46
30.487	-48.28	313.8	98.75	4.187	-21.42
30.520	-49.03	313.8	98.88	4.349	-6.585
30.554	-49.85	313.5	99.04	3.956	-41.66
30.587	-50.50	313.7	99.14	1.571	-61.36
30.620	-50.48	313.7	99.14	-0.465	-33.29
30.654	-50.32	313.7	99.11	-0.545	-15.40
30.687	-50.27	313.7	99.10	-1.228	-24.84
30.720	-49.86	313.7	99.03	-2.470	-42.58
30.754	-49.36	313.8	98.94	-3.856	-33.95
30.787	-48.44	313.8	98.77	-4.998	-30.40
30.820	-47.52	314.0	98.61	-5.651	-15.61
30.854	-46.36	314.0	98.40	-6.212	-12.59
30.887	-45.21	314.0	98.19	-6.361	-7.499
30.920	-44.00	314.1	97.97	-6.747	-6.533
30.953	-42.72	314.2	97.74	-6.836	-34.16
30.987	-41.47	314.2	97.52	-8.690	-45.18
31.020	-39.51	314.3	97.16	-10.45	-14.74
31.053	-37.64	314.6	96.82	-9.450	7.615
31.087	-36.07	314.9	96.53	-9.602	-18.43
31.120	-34.14	315.1	96.18	-11.00	-21.62
31.153	-32.03	315.3	95.80	-11.09	-4.376
31.187	-30.03	315.2	95.44	-11.08	-4.134
31.220	-27.94	315.3	95.06	-11.50	-3.915
31.253	-25.81	315.5	94.68	-11.34	-0.724
31.287	-23.79	315.9	94.31	-11.43	3.195
31.320	-21.62	315.9	93.92	-11.32	3.295
31.353	-19.62	316.0	93.55	-11.02	-19.05
31.387	-17.57	316.2	93.18	-12.49	-13.69
31.420	-15.02	316.0	92.72	-12.49	17.11
31.453	-12.96	316.0	92.35	-10.82	28.29
31.487	-11.04	316.2	92.00	-10.68	4.991
31.520	-9.036	316.1	91.64	-10.62	1.674
31.553	-7.127	316.1	91.29	-10.47	12.75
31.587	-5.187	316.1	90.94	-9.917	12.05
31.620	-3.479	316.1	90.63	-9.448	34.34
31.653	-1.712	316.0	90.31	-7.996	22.81
31.686	-0.540	316.1	90.10	-7.311	28.02
31.720	0.975	316.0	89.82	-6.827	19.77
31.753	1.969	316.0	89.64	-5.450	25.22
31.786	2.978	316.0	89.46	-5.374	4.432
31.820	3.945	316.0	89.28	-5.136	17.24
31.853	4.865	316.0	89.12	-4.307	15.27
31.886	5.528	316.0	89.00	-3.892	34.72
31.920	6.297	316.0	88.86	-2.427	25.60
31.953	6.421	316.0	88.84	-1.523	30.64
31.986	6.853	315.8	88.76	-1.066	16.57
32.020	6.815	316.1	88.77	9.703E-2	35.64
32.053	6.818	315.9	88.76	0.940	17.83
32.086	6.466	316.0	88.83	1.631	29.29
32.120	6.222	316.0	88.87	2.500	20.35
32.153	5.549	316.1	88.99	3.400	25.52
32.186	4.972	316.0	89.10	3.854	17.64
32.220	4.131	316.0	89.25	4.788	27.10
32.253	3.211	316.0	89.42	5.542	7.833
32.286	2.094	316.0	89.62	5.516	6.381
32.320	1.184	316.0	89.79	5.630	2.469
32.353	2.409E-2	316.0	90.00	6.001	4.975
32.386	-1.021	316.1	90.19	5.765	2.917
32.420	-2.094	316.0	90.38	6.208	6.367
32.453	-3.305	316.1	90.60	6.320	12.09
32.486	-4.419	316.1	90.80	6.786	28.02
32.519	-5.798	316.1	91.05	8.315	20.56
32.553	-7.476	316.1	91.35	8.388	11.95
32.586	-8.884	316.1	91.61	8.644	21.56
32.619	-10.65	316.0	91.93	10.14	26.25
32.653	-12.61	316.0	92.29	10.43	-12.80
32.686	-14.50	316.1	92.63	9.286	-10.95
32.719	-16.03	316.0	92.90	9.326	11.61
32.753	-17.93	316.0	93.25	10.44	21.12
32.786	-19.88	316.0	93.60	10.63	10.43
32.819	-21.85	315.9	93.96	11.07	8.376E-2
32.853	-23.96	315.8	94.34	10.84	-2.577
32.886	-25.84	315.8	94.68	10.61	-2.442
32.919	-27.88	315.9	95.05	10.90	3.261
32.953	-29.86	315.6	95.40	10.74	-2.311
32.986	-31.84	315.6	95.76	10.74	6.815
33.019	-33.84	315.6	96.12	11.16	-5.440
33.053	-35.95	315.3	96.50	10.61	-16.16
33.086	-37.69	314.8	96.83	9.755	-33.57
33.119	-39.52	314.8	97.15	8.688	-15.88
33.153	-40.91	314.7	97.41	8.258	-19.29
33.186	-42.57	314.6	97.70	7.919	-3.110
33.219	-43.82	314.4	97.93	7.554	-7.505
33.252	-45.36	314.5	98.21	7.821	7.117
33.286	-46.70	314.1	98.46	7.760	-26.05
33.319	-48.14	313.7	98.73	6.479	-38.82
33.352	-49.06	313.8	98.89	4.681	-38.68
33.386	-49.85	313.4	99.04	4.142	-42.09
33.419	-50.59	313.6	99.16	2.039	-33.70
33.452	-50.63	313.5	99.17	1.313	-24.91
33.486	-51.07	313.6	99.25	1.088	-26.06
33.519	-51.05	313.6	99.25	-0.820	-47.82
33.552	-50.77	313.6	99.20	-2.041	-44.72
33.586	-50.31	313.8	99.11	-3.698	-43.85
33.619	-49.41	313.8	98.95	-5.156	-29.72
33.652	-48.41	313.9	98.77	-5.601	-16.80
33.686	-47.36	314.0	98.58	-6.187	-14.56
33.719	-46.09	313.9	98.35	-6.690	-5.366
33.752	-44.86	314.0	98.13	-6.511	-4.312
33.786	-43.70	314.1	97.92	-6.843	-32.20
33.819	-42.33	314.2	97.67	-8.654	-51.69
33.852	-40.49	314.2	97.34	-10.50	-30.79
33.886	-38.46	314.4	96.97	-10.73	-13.13
33.919	-36.54	314.5	96.63	-11.10	-4.908
33.952	-34.41	315.0	96.24	-11.36	-7.104
33.986	-32.42	315.3	95.87	-11.30	3.804
34.019	-30.26	315.3	95.48	-11.32	-4.581
34.052	-28.22	315.2	95.12	-11.40	-1.619
34.085	-26.06	315.4	94.72	-11.62	-9.962E-2
34.119	-23.99	316.0	94.34	-11.31	7.314
34.152	-21.92	316.0	93.97	-11.13	6.266
34.185	-19.88	316.0	93.60	-10.92	-2.185
34.219	-17.91	316.2	93.24	-11.18	-1.435
34.252	-15.76	316.1	92.85	-11.21	1.173
34.285	-13.77	316.0	92.49	-10.92	5.131
34.319	-11.74	316.0	92.13	-10.96	8.960
34.352	-9.733	316.1	91.76	-10.37	10.36
34.385	-7.921	316.0	91.44	-10.09	8.275
34.419	-6.022	316.0	91.09	-10.02	2.442
34.452	-4.240	316.1	90.77	-9.783	18.16
34.485	-2.425	316.0	90.44	-9.002	35.83
34.519	-0.931	316.0	90.17	-7.257	47.37
34.552	0.242	316.1	89.96	-5.801	25.61
34.585	1.201	316.0	89.78	-5.474	9.241
34.619	2.254	315.9	89.59	-5.390	8.093
34.652	3.182	316.0	89.42	-4.832	18.30
34.685	4.031	316.0	89.27	-4.213	10.70
34.719	4.731	316.0	89.14	-4.009	5.319
34.752	5.504	316.0	89.00	-4.002	40.26
34.785	6.203	316.1	88.88	-1.559	50.66
34.818	6.073	315.8	88.90	7.169E-2	31.50
34.852	6.177	316.1	88.88	-2.617E-2	6.698
34.885	6.087	316.0	88.90	0.717	23.38
34.918	5.909	315.8	88.93	1.454	7.870
34.952	5.553	316.0	88.99	1.427	31.11
34.985	5.389	316.1	89.02	3.003	17.03
35.018	4.450	316.1	89.19	3.473	17.30
35.052	4.110	315.9	89.25	3.194	15.46
35.085	3.275	316.1	89.41	5.052	32.46
35.118	2.253	316.0	89.59	5.338	8.839
35.152	1.312	316.0	89.76	5.460	1.849
35.185	0.247	316.1	89.96	5.615	5.088
35.218	-0.752	316.1	90.14	5.664	2.582
35.252	-1.835	316.0	90.33	5.883	8.039
35.285	-2.913	316.0	90.53	6.126	2.187
35.318	-4.089	316.1	90.74	6.139	10.17
35.352	-5.170	316.0	90.94	6.595	10.05
35.385	-6.514	316.1	91.18	7.077	27.94
35.418	-7.775	316.1	91.41	8.115	16.12
35.452	-9.500	316.1	91.72	8.647	20.22
35.485	-10.95	316.0	91.99	8.930	20.57
35.518	-12.78	316.0	92.32	10.35	24.65
35.552	-14.76	316.0	92.67	10.57	4.196
35.585	-16.67	315.9	93.02	10.50	4.090
35.618	-18.63	315.9	93.37	10.87	4.863
35.651	-20.68	316.0	93.75	10.91	-0.375
35.685	-22.64	315.8	94.10	10.74	-0.513
35.718	-24.63	315.7	94.46	10.90	3.354
35.751	-26.67	315.8	94.83	10.99	-0.456
35.785	-28.69	315.6	95.19	10.86	-0.403
35.818	-30.68	315.6	95.55	10.92	3.708
35.851	-32.73	315.6	95.92	11.16	1.747
35.885	-34.80	315.4	96.30	11.06	-11.78
35.918	-36.75	314.9	96.66	10.38	-33.57
35.951	-38.59	314.9	96.99	8.856	-20.86
35.985	-40.03	314.8	97.25	8.650	14.95
36.018	-41.77	314.5	97.56	10.14	12.63
36.051	-43.75	314.3	97.92	9.717	-30.30
36.085	-45.32	314.1	98.21	7.831	-55.57
36.118	-46.60	313.8	98.45	6.079	-32.01
36.151	-47.54	313.7	98.62	5.487	4.539
36.185	-48.61	313.6	98.81	6.524	8.937
36.218	-49.96	313.6	99.05	6.346	-31.13
36.251	-50.95	313.4	99.23	4.283	-69.90
36.285	-51.48	313.1	99.34	1.666	-67.71
36.318	-51.52	313.0	99.35	-0.368	-35.54
36.351	-51.33	313.0	99.31	-0.720	-27.96
36.384	-51.25	313.0	99.30	-1.861	-18.64
36.418	-50.63	313.0	99.19	-2.514	-39.54
36.451	-50.32	313.1	99.13	-3.785	-36.73
36.484	-49.25	313.2	98.94	-5.673	-39.32
36.518	-48.23	313.3	98.75	-6.006	-13.14
36.551	-47.04	313.4	98.54	-6.677	-21.73
36.584	-45.82	313.9	98.31	-7.369	-28.78
36.618	-44.40	314.2	98.04	-8.604	-14.25
36.651	-42.66	314.1	97.73	-8.571	-17.24
36.684	-41.20	314.1	97.47	-9.224	-27.05
36.718	-39.26	314.3	97.12	-10.86	-26.18
36.751	-37.22	314.5	96.75	-10.85	-10.75
36.784	-35.31	315.0	96.40	-11.38	-3.592
36.818	-33.08	315.2	95.99	-11.44	-2.098
36.851	-31.09	315.2	95.63	-11.16	-2.288
36.884	-28.96	315.3	95.25	-11.77	-9.344
36.918	-26.76	315.4	94.85	-11.81	1.374
36.951	-24.64	315.9	94.46	-11.61	-8.868
36.984	-22.52	316.1	94.08	-12.31	-8.374
37.018	-20.10	316.0	93.64	-12.46	9.676
37.051	-17.92	316.1	93.24	-11.46	21.04
37.084	-15.89	316.1	92.88	-11.02	7.020
37.118	-13.86	316.0	92.51	-11.04	7.344
37.151	-11.82	316.0	92.14	-10.61	9.135
37.184	-9.954	316.1	91.80	-10.28	7.774
37.217	-8.037	316.0	91.46	-10.22	5.397
37.251	-6.193	316.1	91.12	-9.867	8.652
37.284	-4.411	316.2	90.80	-9.634	31.63
37.317	-2.649	316.0	90.48	-7.990	30.05
37.351	-1.472	316.1	90.27	-7.095	23.78
37.384	-4.216E-2	316.1	90.01	-6.943	16.86
37.417	1.081	316.1	89.80	-5.694	28.24
37.451	2.050	316.0	89.63	-5.089	15.58
37.484	2.951	316.0	89.46	-4.691	14.36
37.517	3.775	316.0	89.32	-4.147	6.029
37.551	4.475	315.9	89.19	-4.171	31.81
37.584	5.308	316.0	89.04	-2.472	50.31
37.617	5.384	316.0	89.02	-0.209	45.12
37.651	5.382	315.8	89.02	0.260	7.689
37.684	5.288	316.0	89.04	0.372	-1.681
37.717	5.247	315.9	89.05	8.580E-2	10.86
37.751	5.256	315.9	89.05	0.939	20.40
37.784	4.903	316.0	89.11	1.769	11.73
37.817	4.607	316.0	89.16	1.545	19.88
37.851	4.335	316.0	89.21	2.894	16.99
37.884	3.544	316.1	89.36	3.244	19.55
37.917	3.143	316.0	89.43	3.500	15.07
37.950	2.256	316.0	89.59	4.785	29.19
37.984	1.384	316.0	89.75	5.183	5.360
38.017	0.352	316.0	89.94	5.316	-15.19
38.050	-0.569	316.2	90.10	4.145	-10.73
38.084	-1.172	316.1	90.21	4.256	17.74
38.117	-2.134	316.1	90.39	5.668	25.35
38.150	-3.256	316.1	90.59	5.952	13.86
38.184	-4.322	316.1	90.78	6.402	29.73
38.217	-5.609	316.1	91.02	7.984	22.98
38.250	-7.259	316.1	91.32	8.232	13.34
38.284	-8.637	316.0	91.57	8.396	1.046
38.317	-10.35	316.1	91.87	8.743	10.70
38.350	-11.85	316.0	92.15	8.743	-1.794
38.384	-13.57	316.1	92.46	8.914	14.37
38.417	-15.13	316.0	92.74	9.392	18.34
38.450	-17.02	316.0	93.08	10.41	18.06
38.484	-18.97	316.0	93.44	10.52	6.369
38.517	-20.90	316.0	93.78	10.76	6.598
38.550	-22.93	315.8	94.15	11.05	2.545
38.584	-24.98	315.9	94.52	10.91	-2.085
38.617	-26.96	315.8	94.88	10.86	-3.130
38.650	-28.98	315.7	95.24	10.78	-1.444
38.684	-30.94	315.6	95.60	10.69	7.139
38.717	-32.93	315.6	95.96	11.23	0.606
38.750	-35.08	315.4	96.35	10.95	-7.936
38.783	-36.91	314.9	96.69	10.40	-15.38
38.817	-38.87	314.7	97.04	10.15	-4.972
38.850	-40.66	314.6	97.36	9.891	-32.63
38.883	-42.53	314.6	97.70	8.336	-23.51
38.917	-43.74	314.5	97.92	7.654	-3.435
38.950	-45.36	314.4	98.21	8.660	3.935
38.983	-46.94	314.3	98.50	7.863	-33.88
39.017	-48.20	313.8	98.73	6.306	-40.48
39.050	-49.21	313.7	98.92	5.102	-29.35
39.083	-50.06	313.5	99.07	4.394	-18.95
39.117	-50.83	313.5	99.21	3.845	-44.93
39.150	-51.51	313.6	99.33	1.652	-57.72
39.183	-51.47	313.6	99.32	-0.495	-49.14
39.217	-51.34	313.6	99.30	-1.312	-18.66
39.250	-50.97	313.6	99.23	-1.892	-15.97
39.283	-50.62	313.6	99.17	-2.224	-35.34
39.317	-50.16	313.7	99.08	-4.138	-44.39
39.350	-49.12	313.9	98.89	-5.584	-36.17
39.383	-48.11	314.0	98.71	-6.199	-17.56
39.417	-46.79	313.8	98.48	-6.965	-31.24
39.450	-45.54	314.2	98.25	-8.046	-18.72
39.483	-43.84	314.2	97.94	-8.569	-20.71
39.516	-42.34	314.1	97.68	-9.002	-28.55
39.550	-40.51	314.3	97.34	-10.70	-30.22
39.583	-38.39	314.4	96.96	-11.14	-14.28
39.616	-36.40	314.5	96.60	-11.37	-0.643
39.650	-34.26	315.1	96.20	-11.46	-3.488
39.683	-32.23	315.2	95.84	-11.35	2.843
39.716	-30.07	315.2	95.45	-11.47	-7.621
39.750	-28.00	315.3	95.07	-11.68	-1.352
39.783	-25.77	315.4	94.67	-11.77	-4.116
39.816	-23.70	316.0	94.29	-11.74	-14.99
39.850	-21.48	316.0	93.89	-12.80	-9.226
39.883	-18.98	316.1	93.44	-12.65	19.04
39.916	-16.82	316.1	93.05	-11.25	22.15
39.950	-14.83	316.0	92.69	-11.10	8.818
39.983	-12.73	316.1	92.31	-10.92	4.015
40.016	-10.82	316.1	91.96	-10.59	7.612
40.050	-8.828	316.1	91.60	-10.58	2.543
40.083	-6.922	316.0	91.25	-10.33	13.64
40.116	-5.030	316.1	90.91	-9.776	10.11
40.150	-3.329	316.1	90.60	-9.475	12.70
40.183	-1.546	316.0	90.28	-9.145	25.67
40.216	3.355E-2	316.1	89.99	-7.703	49.66
40.250	1.286	316.1	89.77	-5.806	33.36
40.283	2.167	316.0	89.61	-5.253	17.35
40.316	3.216	315.9	89.42	-5.021	3.801
40.349	4.013	316.0	89.27	-4.688	16.42
40.383	4.940	316.0	89.10	-4.242	12.36
40.416	5.572	316.0	88.99	-3.566	43.41
40.449	6.251	316.0	88.87	-1.773	46.22
40.483	6.224	316.0	88.87	8.806E-2	35.43
40.516	6.215	315.8	88.87	0.263	10.64
40.549	6.129	316.1	88.89	0.825	19.10
40.583	5.915	316.0	88.93	1.541	11.75
40.616	5.561	316.0	88.99	1.705	30.15
40.649	5.288	316.0	89.04	3.188	38.96
40.683	4.389	316.0	89.20	4.830	10.87
40.716	3.514	316.1	89.36	3.789	-8.571
40.749	2.997	316.0	89.46	3.842	15.34
40.783	2.102	316.1	89.62	5.199	22.80
40.816	1.086	316.0	89.80	5.334	9.347
40.849	0.140	316.0	89.97	5.648	6.707
40.883	-0.991	316.1	90.18	5.978	2.181
40.916	-2.058	316.1	90.37	5.689	-0.150
40.949	-3.082	316.1	90.56	5.912	5.055
40.983	-4.231	316.1	90.77	6.153	8.223
41.016	-5.344	316.1	90.97	6.342	6.483
41.049	-6.563	316.1	91.19	6.675	28.96
41.082	-7.798	316.1	91.41	8.053	16.29
41.116	-9.531	316.3	91.73	8.290	17.14
41.149	-10.85	316.0	91.97	8.504	15.08
41.182	-12.65	316.0	92.29	9.826	5.390
41.216	-14.47	316.1	92.62	8.825	-8.168
41.249	-15.90	316.0	92.88	8.842	9.944
41.282	-17.72	316.0	93.21	9.918	5.995
41.316	-19.56	316.0	93.54	9.216	-7.627
41.349	-21.13	316.1	93.82	9.100	4.578
41.382	-22.91	315.9	94.15	9.798	27.96
41.416	-24.73	315.8	94.48	10.76	3.340
41.449	-26.89	315.9	94.87	10.44	-18.34
41.482	-28.58	315.7	95.17	9.085	-17.03
41.516	-30.24	315.8	95.47	9.379	16.98
41.549	-32.02	315.4	95.80	10.29	16.68
41.582	-34.01	315.3	96.16	10.59	-7.629
41.616	-35.87	314.6	96.50	9.759	-29.39
41.649	-37.59	314.9	96.81	8.549	-16.94
41.682	-39.07	314.8	97.07	8.493	2.726
41.716	-40.70	314.5	97.37	8.959	-0.384
41.749	-42.40	314.8	97.67	8.455	-13.84
41.782	-43.82	314.3	97.94	7.916	-25.51
41.816	-45.24	314.0	98.20	6.934	-34.46
41.849	-46.33	313.8	98.40	5.450	-27.84
41.882	-47.26	313.9	98.56	5.026	-12.57
41.915	-48.18	313.6	98.73	4.789	-11.05
41.949	-49.02	313.7	98.88	4.190	-18.50
41.982	-49.75	313.7	99.01	3.602	-42.43
42.015	-50.35	313.7	99.12	1.531	-53.27
42.049	-50.33	313.7	99.11	-0.354	-31.73
42.082	-50.23	313.7	99.10	-0.412	-13.80
42.115	-50.18	313.8	99.09	-1.096	-22.24
42.149	-49.81	313.6	99.02	-2.115	-42.54
42.182	-49.41	313.9	98.95	-3.680	-36.91
42.215	-48.49	314.0	98.78	-4.945	-37.12
42.249	-47.56	313.9	98.62	-5.798	-15.23
42.282	-46.33	314.1	98.39	-6.307	-12.65
42.315	-45.25	314.2	98.20	-6.318	-4.499
42.349	-43.98	314.1	97.97	-6.792	-16.23
42.382	-42.72	314.2	97.74	-7.277	-33.06
42.415	-41.28	314.2	97.49	-8.950	-47.94
42.449	-39.42	314.3	97.15	-10.68	-29.53
42.482	-37.35	314.4	96.77	-10.93	-11.46
42.515	-35.38	314.5	96.42	-11.21	-9.990
42.549	-33.29	315.3	96.03	-11.79	-6.135
42.582	-31.08	315.1	95.63	-11.58	4.403
42.615	-29.00	315.3	95.26	-11.42	-1.763
42.648	-26.89	315.4	94.87	-11.72	-7.344
42.682	-24.72	315.9	94.47	-11.97	-18.07
42.715	-22.52	316.0	94.08	-12.78	-7.993
42.748	-20.02	316.2	93.62	-12.83	9.315
42.782	-17.78	316.0	93.22	-11.86	21.32
42.815	-15.64	316.1	92.83	-11.48	-12.03
42.848	-13.56	316.2	92.46	-12.48	-11.90
42.882	-11.04	316.1	92.00	-12.75	15.82
42.915	-8.861	316.1	91.61	-11.11	31.93
42.948	-6.955	316.1	91.26	-10.52	8.658
42.982	-4.994	316.1	90.90	-10.68	3.680
43.015	-3.026	316.0	90.55	-10.31	13.92
43.048	-1.202	316.1	90.22	-9.677	14.32
43.082	0.531	316.1	89.90	-9.352	25.72
43.115	2.235	316.0	89.59	-8.139	28.30
43.148	3.523	316.0	89.36	-7.134	28.35
43.182	4.858	316.0	89.12	-6.549	23.53
43.215	5.931	316.0	88.92	-5.405	28.29
43.248	6.844	315.9	88.76	-4.685	30.98
43.282	7.652	316.0	88.61	-3.454	50.46
43.315	8.115	316.0	88.53	-1.273	53.02
43.348	8.120	315.9	88.53	0.258	35.47
43.382	8.020	316.0	88.55	0.940	25.02
43.415	7.776	316.0	88.59	1.913	34.97
43.448	7.317	316.0	88.67	3.269	18.74
43.481	6.574	316.0	88.81	3.394	24.26
43.515	6.070	316.0	88.90	4.358	27.73
43.548	4.972	316.0	89.10	5.819	29.77
43.581	3.931	316.0	89.29	6.016	1.188
43.615	2.762	316.2	89.50	6.064	-1.410
43.648	1.702	316.1	89.69	5.782	-0.304
43.681	0.635	316.1	89.88	6.057	6.161
43.715	-0.525	316.1	90.10	6.268	30.21
43.748	-1.669	316.2	90.30	7.798	20.14
43.781	-3.392	316.1	90.61	8.229	16.05
43.815	-4.694	316.1	90.85	8.163	-8.208
43.848	-6.395	316.2	91.16	8.287	11.28
43.881	-7.741	316.1	91.40	8.345	-7.440
43.915	-9.463	316.1	91.71	8.358	13.94
43.948	-10.82	316.1	91.96	8.659	15.94
43.981	-12.65	316.1	92.29	9.934	0.817
44.015	-14.47	316.1	92.62	8.696	-12.40
44.048	-15.85	316.1	92.87	8.605	9.291
44.081	-17.65	316.1	93.20	9.801	4.057
44.115	-19.46	315.9	93.52	8.876	-5.497
44.148	-20.92	316.0	93.79	8.983	4.004
44.181	-22.78	316.0	94.12	9.662	-4.731
44.214	-24.47	315.9	94.43	8.494	-6.987
44.248	-25.91	315.9	94.69	8.881	17.20
44.281	-27.75	315.8	95.02	10.06	14.83
44.314	-29.62	315.7	95.36	9.771	-24.36
44.348	-31.37	315.7	95.67	8.472	-17.89
44.381	-32.75	315.6	95.92	8.251	-1.522
44.414	-34.42	315.6	96.22	8.750	6.342
44.448	-35.97	315.3	96.51	8.501	-16.15
44.481	-37.51	315.0	96.79	7.803	-11.47
44.514	-38.81	314.9	97.03	7.491	-11.74
44.548	-40.26	314.7	97.29	7.306	-19.34
44.581	-41.51	314.7	97.51	6.084	-30.28
44.614	-42.53	314.8	97.69	5.209	-17.73
44.648	-43.43	314.5	97.86	4.944	-1.128
44.681	-44.35	314.6	98.02	5.116	6.933
44.714	-45.35	314.7	98.20	5.461	-3.686
44.748	-46.35	314.3	98.39	4.961	-24.84
44.781	-47.11	314.0	98.53	3.703	-20.86
44.814	-47.66	313.8	98.63	3.425	-37.32
44.848	-48.37	313.9	98.76	1.707	-42.05
44.881	-48.30	313.8	98.75	-6.612E-2	-32.92
44.914	-48.34	313.8	98.76	-5.980E-2	-9.710
44.948	-48.28	313.8	98.74	-0.782	-17.04
44.981	-48.05	313.8	98.70	-1.265	-10.26
45.014	-47.81	313.9	98.66	-1.411	-34.85
45.047	-47.56	314.1	98.61	-3.340	-42.91
45.081	-46.58	314.0	98.44	-4.834	-11.99
45.114	-45.73	313.9	98.29	-3.864	3.594
45.147	-45.16	314.2	98.18	-4.315	-26.04
45.181	-44.14	314.0	98.00	-5.919	-27.61
45.214	-42.95	314.1	97.79	-6.191	-16.19
45.247	-41.86	314.2	97.59	-6.732	-29.85
45.281	-40.47	314.3	97.34	-8.333	-29.60
45.314	-38.77	314.3	97.03	-8.857	-15.35
45.347	-37.21	314.6	96.75	-9.089	-23.47
45.381	-35.50	315.2	96.43	-10.48	-26.54
45.414	-33.39	315.1	96.05	-11.08	-8.404
45.447	-31.41	315.3	95.69	-10.83	0.841
45.481	-29.41	315.4	95.33	-11.05	-12.65
45.514	-27.34	315.5	94.95	-11.66	-2.383
45.547	-25.13	315.7	94.55	-11.40	1.017
45.581	-23.19	316.2	94.19	-11.26	4.831
45.614	-20.99	316.1	93.80	-11.39	-1.119
45.647	-18.97	316.1	93.43	-11.11	2.070
45.681	-16.89	316.1	93.06	-11.34	-2.492
45.714	-14.79	316.1	92.68	-11.30	8.383
45.747	-12.73	316.1	92.31	-10.79	8.588
45.780	-10.82	316.1	91.96	-10.60	1.559
45.814	-8.827	316.1	91.60	-10.80	-2.971
45.847	-6.842	316.1	91.24	-10.77	4.439
45.880	-4.865	316.1	90.88	-10.53	10.46
45.914	-2.969	316.1	90.54	-10.05	10.76
45.947	-1.169	316.1	90.21	-9.774	10.27
45.980	0.625	316.0	89.89	-9.448	30.32
46.014	2.304	316.1	89.58	-7.851	22.57
46.047	3.511	316.1	89.36	-7.489	27.80
46.080	5.056	316.0	89.08	-6.691	24.45
46.114	5.970	316.0	88.92	-5.203	37.93
46.147	6.969	316.0	88.74	-4.596	11.55
46.180	7.659	316.0	88.61	-4.109	33.96
46.214	8.480	316.0	88.46	-2.792	45.74
46.247	8.687	316.0	88.43	-0.607	42.76
46.280	8.704	316.0	88.42	-4.173E-2	43.15
46.314	8.702	316.0	88.42	1.934	54.84
46.347	7.994	316.1	88.55	4.119	48.03
46.380	7.188	316.0	88.70	4.864	19.41
46.414	6.203	316.0	88.88	5.494	20.95
46.447	5.169	316.1	89.06	6.158	10.54
46.480	3.941	316.0	89.29	6.368	2.995
46.514	2.827	316.0	89.49	6.177	-2.593
46.547	1.670	316.1	89.70	6.277	5.730
46.580	0.520	316.2	89.91	6.502	32.50
46.613	-0.720	316.0	90.13	8.293	22.12
46.647	-2.530	316.2	90.46	8.564	11.51
46.680	-3.870	316.1	90.70	8.328	-6.658
46.713	-5.592	316.2	91.01	8.697	17.28
46.747	-7.068	316.1	91.28	8.999	22.56
46.780	-8.902	316.1	91.61	10.50	28.14
46.813	-10.93	316.1	91.98	10.90	2.990
46.847	-12.91	316.1	92.34	10.61	-5.602
46.880	-14.84	316.1	92.69	10.49	-2.309
46.913	-16.78	316.0	93.04	10.50	5.432
46.947	-18.70	315.9	93.39	10.79	2.902
46.980	-20.75	316.0	93.76	10.83	-1.381
47.013	-22.70	315.9	94.11	10.57	-4.468
47.047	-24.65	315.9	94.46	10.58	-22.19
47.080	-26.61	315.9	94.81	9.274	-11.89
47.113	-28.07	315.8	95.08	9.236	9.622
47.147	-30.01	315.7	95.43	10.47	15.97
47.180	-31.93	315.6	95.78	10.15	-2.716
47.213	-33.76	315.5	96.11	10.17	0.649
47.247	-35.69	315.4	96.46	10.34	-22.91
47.280	-37.58	315.4	96.80	8.767	-24.50
47.313	-38.87	314.8	97.04	8.190	-23.23
47.346	-40.56	314.9	97.34	7.845	-2.474
47.380	-41.76	314.6	97.56	7.441	-17.06
47.413	-43.31	314.6	97.84	7.252	-25.58
47.446	-44.47	314.6	98.05	5.451	-17.48
47.480	-45.31	314.4	98.20	5.830	-8.199
47.513	-46.61	314.3	98.43	5.567	-14.28
47.546	-47.33	314.0	98.57	4.273	-26.41
47.580	-48.12	313.8	98.72	4.104	-11.71
47.613	-48.81	313.7	98.84	3.428	-41.78
47.646	-49.40	313.8	98.95	1.492	-48.77
47.680	-49.38	313.7	98.94	-0.208	-29.50
47.713	-49.32	313.8	98.93	-0.286	-7.237
47.746	-49.27	313.8	98.92	-0.611	-20.62
47.780	-49.12	314.0	98.89	-1.670	-18.59
47.813	-48.65	313.8	98.81	-2.043	-28.86
47.846	-48.34	313.8	98.76	-3.191	-45.35
47.880	-47.51	314.1	98.60	-5.422	-38.02
47.913	-46.35	314.1	98.39	-5.789	-6.652
47.946	-45.34	314.0	98.22	-5.614	-6.996
47.980	-44.28	314.2	98.02	-6.306	-15.39
48.013	-43.00	314.1	97.79	-6.747	-4.480
48.046	-41.76	314.2	97.57	-6.552	-27.99
48.080	-40.59	314.3	97.36	-8.298	-28.79
48.113	-38.70	314.4	97.02	-9.185	-24.17
48.146	-37.21	314.5	96.75	-9.195	-11.72
48.179	-35.37	315.1	96.41	-10.39	-28.62
48.213	-33.43	315.2	96.05	-10.94	-7.775
48.246	-31.33	315.2	95.68	-11.04	-1.567
48.279	-29.35	315.3	95.32	-10.88	0.279
48.313	-27.33	315.5	94.95	-11.10	-1.677
48.346	-25.31	316.0	94.58	-11.01	-3.423
48.379	-23.30	316.0	94.22	-11.22	-1.683
48.413	-21.17	316.1	93.83	-11.29	3.780
48.446	-19.14	316.1	93.46	-10.86	7.448
48.479	-17.16	316.0	93.11	-10.78	1.202
48.513	-15.16	316.2	92.75	-10.82	-0.817
48.546	-13.18	316.1	92.39	-10.81	0.539
48.579	-11.18	316.1	92.03	-10.80	5.805
48.613	-9.197	316.1	91.67	-10.46	8.625
48.646	-7.332	316.1	91.33	-10.14	4.105
48.679	-5.465	316.1	90.99	-10.22	9.449
48.713	-3.573	316.1	90.65	-9.631	30.90
48.746	-1.924	316.1	90.35	-8.087	27.99
48.779	-0.600	316.1	90.11	-7.557	19.33
48.813	0.854	316.0	89.85	-7.137	21.04
48.846	2.024	316.0	89.63	-5.941	27.83
48.879	3.039	316.1	89.45	-5.305	18.91
48.912	3.973	316.0	89.28	-4.731	9.082
48.946	4.778	316.0	89.13	-4.596	0.352
48.979	5.664	316.1	88.97	-4.821	12.52
49.012	6.547	315.9	88.81	-3.868	47.65
49.046	7.085	316.0	88.72	-1.566	58.19
49.079	7.125	316.0	88.71	0.199	29.69
49.112	7.011	316.0	88.73	0.374	2.457
49.146	6.987	316.0	88.73	0.221	16.70
49.179	6.930	316.0	88.74	1.392	24.43
49.212	6.478	316.1	88.83	2.187	35.83
49.246	6.126	316.0	88.89	3.338	37.17
49.279	5.248	316.0	89.05	5.074	33.72
49.312	4.263	316.1	89.23	5.452	5.495
49.346	3.245	316.0	89.41	5.434	8.393
49.379	2.264	316.0	89.59	5.891	8.238
49.412	1.079	316.1	89.80	6.193	5.811
49.446	-1.232E-2	316.1	90.00	6.104	-2.423
49.479	-1.165	316.1	90.21	6.134	6.933
49.512	-2.268	316.1	90.41	6.440	13.42
49.546	-3.533	316.1	90.64	7.138	34.23
49.579	-4.892	316.1	90.89	8.565	36.38
49.612	-6.682	316.1	91.21	9.843	8.393
49.646	-8.515	316.2	91.54	9.109	-4.463
49.679	-10.03	316.1	91.82	9.162	16.63
49.712	-11.88	316.0	92.15	10.53	24.82
49.745	-13.91	316.1	92.52	10.84	7.733
49.779	-15.87	316.0	92.88	10.90	8.727E-2
49.812	-17.92	316.0	93.25	10.95	1.401
49.845	-19.91	316.0	93.61	10.90	0.559
49.879	-21.94	316.0	93.97	11.04	2.031
49.912	-23.98	315.9	94.34	11.03	-0.873
49.945	-26.01	315.9	94.71	10.97	-1.071
49.979	-28.03	315.8	95.07	10.96	-4.073
50.012	-30.06	315.7	95.44	10.74	-3.016
50.045	-31.99	315.5	95.79	10.67	5.025
50.079	-34.01	315.7	96.15	11.11	4.143
50.112	-36.09	315.4	96.53	11.06	-11.30
50.145	-38.02	314.8	96.89	10.28	-15.17
50.179	-39.84	314.7	97.21	9.957	-9.485
50.212	-41.71	314.7	97.55	9.780	-36.45
50.245	-43.47	314.7	97.87	7.691	-37.88
50.279	-44.57	314.7	98.06	6.667	-4.576
50.312	-45.91	314.3	98.31	7.814	-4.083
50.345	-47.37	313.9	98.58	6.612	-29.62
50.379	-48.30	313.8	98.75	5.304	-34.53
50.412	-49.34	313.8	98.94	4.729	-20.45
50.445	-50.03	313.6	99.07	3.693	-24.07
50.478	-50.69	313.6	99.18	3.226	-40.43
50.512	-51.26	313.7	99.28	1.203	-46.45
50.545	-51.16	313.7	99.26	-0.360	-50.19
50.578	-51.13	313.7	99.26	-1.628	-44.29
50.612	-50.57	313.8	99.15	-3.673	-28.90
50.645	-49.77	313.8	99.01	-3.606	-14.74
50.678	-49.22	313.8	98.91	-4.206	-22.97
50.712	-48.23	314.0	98.73	-5.571	-35.91
50.745	-47.16	314.0	98.54	-6.356	-13.76
50.778	-45.86	314.0	98.31	-6.710	-9.532
50.812	-44.67	314.1	98.10	-6.754	-27.22
50.845	-43.37	314.3	97.86	-8.477	-40.15
50.878	-41.54	314.2	97.53	-9.776	-11.11
50.912	-39.74	314.3	97.21	-9.093	-8.271
50.945	-38.19	314.5	96.92	-9.949	-15.82
50.978	-36.15	315.1	96.54	-10.75	-21.99
51.012	-34.27	315.1	96.21	-10.89	-3.780
51.045	-32.12	315.2	95.82	-11.38	-6.104
51.078	-30.09	315.4	95.45	-11.09	5.776
51.112	-28.07	315.8	95.08	-11.06	0.863
51.145	-26.05	316.0	94.71	-11.00	-5.024
51.178	-24.03	316.2	94.35	-11.36	2.159
51.212	-21.85	316.0	93.96	-11.05	6.569
51.245	-19.94	316.1	93.61	-10.65	3.842
51.278	-17.93	316.1	93.25	-10.95	-1.789
51.311	-15.90	316.1	92.88	-10.78	4.245
51.345	-13.95	316.1	92.53	-10.59	5.723
51.378	-12.00	316.1	92.17	-10.47	1.885
51.411	-10.10	316.1	91.83	-10.40	3.319
51.445	-8.170	316.1	91.48	-10.32	15.48
51.478	-6.304	316.1	91.14	-9.410	38.58
51.511	-4.710	316.2	90.85	-7.703	21.57
51.545	-3.471	316.1	90.63	-7.665	11.82
51.578	-1.890	316.0	90.34	-7.480	24.59
51.611	-0.722	316.3	90.13	-5.673	35.60
51.645	0.195	315.9	89.96	-5.061	8.388
51.678	1.139	316.0	89.79	-5.221	5.411
51.711	2.114	316.1	89.62	-4.786	7.494
51.745	2.898	316.0	89.47	-4.525	6.472
51.778	3.777	316.0	89.32	-4.538	13.42
51.811	4.566	316.0	89.17	-3.620	37.40
51.845	5.109	316.1	89.07	-2.020	42.32
51.878	5.308	316.0	89.04	-0.689	33.80
51.911	5.361	316.0	89.03	0.153	16.58
51.945	5.253	316.0	89.05	0.496	2.855
51.978	5.178	316.0	89.06	0.272	10.51
52.011	5.152	316.0	89.07	1.044	17.71
52.044	4.797	316.1	89.13	1.755	8.645
52.078	4.508	316.1	89.18	1.453	16.35
52.111	4.262	316.1	89.23	2.652	19.51
52.144	3.533	316.1	89.36	3.246	18.27
52.178	3.068	316.0	89.44	3.359	24.94
52.211	2.298	316.0	89.58	5.116	32.82
52.244	1.187	316.1	89.78	5.736	10.78
52.278	0.189	316.1	89.97	5.591	-2.706
52.311	-0.868	316.1	90.16	5.659	4.182
52.344	-1.891	316.1	90.34	5.789	3.320
52.378	-2.997	316.1	90.54	5.963	9.152
52.411	-4.085	316.2	90.74	6.298	9.233
52.444	-5.313	316.1	90.96	6.694	11.21
52.478	-6.548	316.2	91.19	6.959	25.55
52.511	-7.872	316.1	91.43	8.309	20.34
52.544	-9.601	316.1	91.74	8.693	21.54
52.578	-11.07	316.2	92.01	9.209	19.84
52.611	-12.99	316.2	92.35	10.47	24.66
52.644	-14.92	315.9	92.70	10.66	6.137
52.678	-16.92	316.1	93.06	10.91	5.004
52.711	-18.94	316.0	93.43	10.99	2.351
52.744	-20.96	315.9	93.80	11.05	0.808
52.778	-23.01	315.9	94.17	11.06	-0.236
52.811	-25.05	315.9	94.53	11.01	-0.735
52.844	-27.08	315.8	94.90	11.01	0.881
52.877	-29.11	315.8	95.27	11.07	0.279
52.911	-31.17	315.7	95.64	11.05	3.928
52.944	-33.20	315.6	96.00	11.27	-3.749
52.977	-35.31	315.4	96.39	10.98	-4.450
53.011	-37.21	315.1	96.74	10.72	-2.453
53.044	-39.24	314.9	97.10	10.99	-5.227
53.077	-41.21	314.4	97.47	10.39	-17.10
53.111	-43.01	314.1	97.80	9.719	-14.32
53.144	-44.76	313.9	98.12	9.498	-34.19
53.177	-46.51	313.9	98.43	7.676	-23.89
53.211	-47.61	313.8	98.63	7.244	-24.17
53.244	-49.19	313.7	98.91	6.910	-27.41
53.277	-50.17	313.7	99.09	4.836	-40.37
53.311	-50.98	313.6	99.23	4.331	-30.35
53.344	-51.78	313.6	99.38	3.039	-51.41
53.377	-52.13	313.7	99.44	0.714	-51.13
53.411	-52.03	313.4	99.42	-0.485	-39.16
53.444	-51.95	313.7	99.40	-1.626	-52.03
53.477	-51.47	313.8	99.32	-4.033	-57.60
53.511	-50.45	313.7	99.14	-5.673	-28.98
53.544	-49.37	313.9	98.94	-5.854	-7.947
53.577	-48.31	314.1	98.75	-6.097	-12.93
53.610	-47.09	313.9	98.53	-6.769	-12.70
53.644	-45.78	314.0	98.29	-7.011	-29.02
53.677	-44.52	314.2	98.06	-8.409	-19.41
53.710	-42.68	314.3	97.73	-8.896	-20.29
53.744	-41.21	314.2	97.47	-9.082	-23.91
53.777	-39.31	314.3	97.13	-10.89	-33.39
53.810	-37.22	314.7	96.75	-11.33	-9.547
53.844	-35.18	315.0	96.37	-11.37	-4.693
53.877	-33.07	315.2	95.99	-11.71	-2.441
53.910	-30.89	315.4	95.59	-11.58	5.048
53.944	-28.83	315.8	95.22	-11.28	2.898
53.977	-26.76	315.9	94.84	-11.39	-2.938
54.010	-24.64	316.1	94.46	-11.52	-20.85
54.044	-22.51	316.1	94.07	-12.60	-8.069
54.077	-19.99	316.1	93.62	-12.54	17.19
54.110	-17.89	316.1	93.24	-11.02	27.37
54.144	-15.92	316.1	92.88	-10.76	3.553
54.177	-13.92	316.1	92.52	-10.87	1.809
54.210	-11.92	316.1	92.16	-10.65	8.156
54.244	-9.997	316.1	91.81	-10.29	7.100
54.277	-8.132	316.1	91.47	-10.16	6.357
54.310	-6.257	316.1	91.13	-9.932	12.41
54.343	-4.481	316.3	90.81	-9.306	29.95
54.377	-2.834	316.1	90.51	-8.006	23.09
54.410	-1.535	316.1	90.28	-7.492	27.99
54.443	-8.031E-2	316.3	90.01	-6.585	26.37
54.477	0.885	316.0	89.84	-5.288	24.04
54.510	1.864	316.1	89.66	-5.201	10.38
54.543	2.798	316.1	89.49	-4.623	9.295
54.577	3.563	316.1	89.35	-4.429	11.05
54.610	4.425	316.0	89.20	-4.111	29.47
54.643	5.074	316.0	89.08	-2.419	54.21
54.677	5.315	316.0	89.04	-0.396	36.93
54.710	5.219	316.0	89.05	0.192	12.71
54.743	5.244	316.0	89.05	0.181	0.527
54.777	5.152	316.0	89.07	0.381	10.12
54.810	5.104	316.0	89.07	0.713	13.30
54.843	4.890	316.0	89.11	1.381	13.51
54.877	4.598	316.1	89.17	1.610	22.18
54.910	4.299	316.0	89.22	2.679	10.25
54.943	3.612	316.0	89.35	2.738	23.59
54.977	3.294	316.2	89.40	3.554	24.49
55.010	2.306	316.1	89.58	5.074	3.653
55.043	1.428	316.1	89.74	3.619	-11.26
55.077	0.975	316.1	89.82	3.839	16.03
55.110	1.627E-2	316.1	90.00	5.242	27.06
55.143	-0.952	316.1	90.17	5.429	6.397
55.176	-1.979	316.1	90.36	5.696	8.934
55.210	-3.047	316.2	90.55	6.003	6.177
55.243	-4.187	316.1	90.76	6.156	1.822
55.276	-5.310	316.1	90.96	6.085	5.470
55.310	-6.426	316.1	91.16	6.463	31.29
55.343	-7.689	316.2	91.39	8.111	27.01
55.376	-9.409	316.1	91.70	8.662	16.73
55.410	-10.87	316.1	91.97	8.738	15.95
55.443	-12.63	316.1	92.29	9.978	2.386
55.476	-14.55	316.1	92.64	9.112	-4.486
55.510	-15.98	316.1	92.89	9.049	10.58
55.543	-17.88	316.0	93.24	10.36	28.35
55.576	-19.80	316.0	93.58	10.72	6.265
55.610	-21.84	316.0	93.95	10.89	2.821
55.643	-23.82	316.0	94.31	10.81	-0.837
55.676	-25.82	315.9	94.67	10.88	0.684
55.710	-27.82	315.8	95.04	10.84	-0.552
55.743	-29.83	315.8	95.40	10.84	-3.941
55.776	-31.83	315.7	95.76	10.62	8.225
55.810	-33.74	315.5	96.10	11.20	-0.503
55.843	-35.96	315.4	96.50	10.99	-9.244
55.876	-37.75	314.8	96.84	10.16	-17.11
55.909	-39.64	314.6	97.18	10.09	-24.09
55.943	-41.49	314.8	97.51	8.627	-26.88
55.976	-42.86	314.7	97.76	7.913	-10.71
56.009	-44.40	314.5	98.04	8.252	4.774
56.043	-45.88	314.3	98.31	8.112	-19.75
56.076	-47.34	313.9	98.58	7.108	-43.11
56.109	-48.46	313.8	98.78	5.087	-35.57
56.143	-49.21	313.7	98.92	4.536	-17.02
56.176	-50.13	313.6	99.08	4.318	-13.06
56.209	-50.82	313.7	99.20	3.442	-52.54
56.243	-51.41	313.6	99.31	1.148	-49.42
56.276	-51.26	313.7	99.28	-0.480	-43.46
56.309	-51.27	313.8	99.28	-1.160	-16.87
56.343	-50.80	313.6	99.20	-2.030	-47.26
56.376	-50.51	313.8	99.14	-3.784	-46.97
56.409	-49.44	313.9	98.95	-5.777	-32.98
56.443	-48.37	313.9	98.76	-5.696	-9.864
56.476	-47.32	314.0	98.57	-6.323	-13.05
56.509	-46.03	314.1	98.34	-6.799	-16.20
56.543	-44.81	314.1	98.12	-7.162	-26.97
56.576	-43.38	314.2	97.86	-8.658	-49.40
56.609	-41.61	314.3	97.54	-10.51	-28.95
56.643	-39.49	314.4	97.16	-10.81	-17.11
56.676	-37.61	314.4	96.82	-11.19	-4.869
56.709	-35.43	315.2	96.41	-11.59	-8.726
56.742	-33.41	315.4	96.05	-11.40	4.368
56.776	-31.21	315.2	95.65	-11.54	-6.186
56.809	-29.13	315.3	95.28	-11.63	1.298
56.842	-26.94	315.6	94.88	-11.64	-0.496
56.876	-24.88	315.9	94.50	-11.49	0.960
56.909	-22.73	316.0	94.11	-11.68	-19.03
56.942	-20.58	316.2	93.72	-12.60	-7.189
56.976	-18.09	316.1	93.27	-12.56	12.22
57.009	-15.95	316.1	92.89	-11.41	21.91
57.042	-13.88	316.1	92.51	-11.18	9.741
57.076	-11.83	316.2	92.14	-10.82	5.424
57.109	-9.895	316.1	91.79	-10.71	7.417
57.142	-7.886	316.1	91.43	-10.50	2.259
57.176	-6.035	316.1	91.09	-10.36	6.949
57.209	-4.076	316.1	90.74	-10.23	12.02
57.242	-2.271	316.1	90.41	-9.453	19.40
57.276	-0.601	316.2	90.11	-8.921	31.48
57.309	1.009	316.1	89.82	-7.533	42.94
57.342	2.169	316.1	89.61	-5.805	31.18
57.376	3.143	316.0	89.43	-5.463	13.09
57.409	4.176	316.0	89.24	-5.124	13.52
57.442	5.026	316.0	89.09	-4.424	20.07
57.475	5.803	316.0	88.95	-3.855	17.86
57.509	6.444	316.1	88.83	-3.197	32.85
57.542	6.976	315.9	88.74	-1.796	44.47
57.575	7.102	316.0	88.71	-4.727E-2	41.58
57.609	6.995	316.0	88.73	0.946	26.60
57.642	6.757	316.1	88.78	1.684	30.43
57.675	6.372	315.8	88.84	2.910	22.62
57.709	5.688	316.2	88.97	3.427	17.62
57.742	5.117	316.0	89.07	3.771	19.78
57.775	4.299	316.0	89.22	4.918	23.90
57.809	3.308	316.0	89.40	5.401	11.82
57.842	2.314	316.0	89.58	5.614	2.861
57.875	1.245	316.0	89.77	5.668	3.239
57.909	0.230	316.0	89.96	5.728	4.500
57.942	-0.861	316.2	90.16	6.035	6.364
57.975	-1.987	316.0	90.36	6.149	1.824
58.009	-3.121	316.1	90.57	6.148	2.141
58.042	-4.249	316.1	90.77	6.265	7.445
58.075	-5.427	316.2	90.98	6.650	29.03
58.109	-6.692	316.0	91.21	8.084	16.19
58.142	-8.401	316.2	91.52	8.184	13.07
58.175	-9.708	316.2	91.76	8.304	-7.101
58.209	-11.45	316.1	92.08	8.372	12.29
58.242	-12.78	316.0	92.32	8.455	-2.504
58.275	-14.58	316.3	92.64	8.833	12.03
58.308	-16.04	316.0	92.91	8.736	9.973
58.342	-17.79	316.0	93.22	9.787	25.12
58.375	-19.65	316.0	93.56	10.36	-12.28
58.408	-21.61	316.0	93.91	9.200	-13.55
58.442	-23.04	316.0	94.17	8.857	6.861
58.475	-24.87	316.0	94.50	10.14	17.42
58.508	-26.79	315.9	94.85	9.977	-21.39
58.542	-28.54	315.7	95.17	8.707	-11.95
58.575	-30.00	315.8	95.43	8.829	9.538
58.608	-31.83	315.8	95.75	9.774	5.642
58.642	-33.60	315.6	96.08	9.119	-6.461
58.675	-35.17	315.4	96.36	9.110	1.346
58.708	-36.93	315.1	96.68	9.480	2.024
58.742	-38.61	314.8	96.99	9.128	-22.86
58.775	-40.29	314.8	97.29	8.071	-20.02
58.808	-41.62	314.8	97.53	7.511	-24.56
58.842	-43.07	314.7	97.79	6.809	-19.63
58.875	-44.13	314.6	97.99	5.843	-26.51
58.908	-45.24	314.6	98.18	5.303	-3.822
58.942	-46.12	314.6	98.34	5.312	-10.48
58.975	-47.16	314.2	98.54	5.005	-18.02
59.008	-47.88	313.9	98.67	3.793	-44.43
59.041	-48.54	313.9	98.79	2.276	-21.42
59.075	-48.70	313.7	98.82	1.925	-26.61
59.108	-49.21	313.6	98.92	1.168	-26.59
59.141	-49.17	313.9	98.90	-0.448	-25.18
59.175	-49.07	313.8	98.89	-0.286	-18.71
59.208	-49.04	313.8	98.88	-1.472	-40.58
59.241	-48.55	314.0	98.79	-3.312	-30.50
59.275	-47.83	313.9	98.66	-3.511	-13.47
59.308	-47.24	314.0	98.56	-3.938	-27.08
59.341	-46.37	314.0	98.40	-5.464	-27.28
59.375	-45.22	314.1	98.19	-5.917	-12.79
59.408	-44.18	314.2	98.01	-6.047	-4.808
59.441	-42.98	314.2	97.79	-6.425	-17.14
59.475	-41.81	314.3	97.58	-7.008	-34.66
59.508	-40.39	314.4	97.32	-8.775	-46.78
59.541	-38.56	314.4	96.99	-10.29	-9.836
59.575	-36.61	314.7	96.64	-9.553	-3.787
59.608	-35.16	315.6	96.36	-9.940	-22.92
59.641	-33.04	315.8	95.97	-11.65	-28.40
59.675	-30.87	316.0	95.58	-11.69	20.77
59.708	-28.74	316.2	95.19	-10.37	5.861
59.741	-27.03	316.1	94.89	-10.76	
59.775	-24.77	316.3	94.48		
