	mass A					
t	x	y	θ	ω	α	
1.766	-173.9	262.1	123.6		
1.799	-171.0	264.1	122.9	-25.29	
1.833	-166.1	267.2	121.9	-37.28	-341.1
1.866	-159.3	271.1	120.4	-48.13	-308.3
1.899	-150.8	275.8	118.7	-57.72	-290.1
1.933	-140.7	281.1	116.6	-67.38	-279.7
1.966	-128.7	286.7	114.2	-76.54	-267.4
1.999	-115.1	292.3	111.5	-85.04	-224.3
2.032	-99.65	297.6	108.5	-91.78	-191.6
2.066	-83.17	302.5	105.4	-97.40	-161.7
2.099	-65.23	306.4	102.0	-102.8	-139.8
2.132	-46.35	309.4	98.52	-106.7	-84.33
2.166	-26.75	311.2	94.91	-108.6	-35.39
2.199	-7.002	311.8	91.29	-108.9	3.550
2.232	12.73	311.3	87.66	-108.4	37.58
2.266	32.17	309.4	84.06	-106.4	91.86
2.299	50.89	306.4	80.57	-102.3	139.3
2.332	68.41	302.3	77.25	-96.94	176.1
2.366	84.74	297.6	74.11	-90.70	211.4
2.399	99.62	292.7	71.21	-82.83	256.3
2.432	112.7	287.5	68.59	-73.61	300.4
2.466	123.9	282.3	66.30	-62.84	335.5
2.499	133.0	277.6	64.40	-51.15	361.1
2.532	140.2	273.9	62.89	-38.84	378.2
2.566	145.3	271.1	61.81	-25.89	388.9
2.599	148.2	269.2	61.17	-12.90	391.7
2.632	149.1	268.5	60.95	0.174	400.7
2.666	148.0	269.0	61.18	13.78	404.4
2.699	144.9	271.1	61.87	27.24	390.7
2.732	139.7	274.1	62.99	39.80	387.8
2.765	132.5	278.0	64.52	52.90	372.1
2.799	122.8	282.7	66.52	65.01	344.5
2.832	111.4	288.0	68.85	75.52	309.9
2.865	97.80	293.2	71.55	85.78	292.7
2.899	82.37	298.5	74.57	95.03	253.2
2.932	65.08	303.1	77.88	102.8	210.0
2.965	46.35	307.1	81.42	108.9	174.1
2.999	26.34	310.0	85.14	114.3	121.1
3.032	5.239	311.6	89.04	117.3	67.50
3.065	-16.10	311.6	92.96	118.5	18.59
3.099	-37.73	310.4	96.93	118.7	-29.64
3.132	-59.02	307.4	100.9	116.5	-86.59
3.165	-79.47	303.1	104.7	112.8	-125.9
3.199	-98.97	297.7	108.4	108.2	-170.8
3.232	-117.2	291.5	111.9	101.5	-220.5
3.265	-133.5	284.3	115.2	93.34	-261.2
3.299	-148.2	277.3	118.1	84.17	-293.5
3.332	-160.8	270.1	120.8	73.74	-329.0
3.365	-171.5	263.6	123.0	62.28	-362.6
3.399	-180.1	258.1	124.9	49.59	-381.9
3.432	-186.4	253.4	126.3	36.68	-404.1
3.465	-191.0	250.2	127.4	22.90	-428.5
3.499	-193.2	248.4	127.9	7.933	-436.4
3.532	-193.1	248.1	127.9	-6.269	-410.7
3.565	-191.3	249.7	127.4	-19.39	-384.9
3.598	-187.5	252.6	126.6	-31.90	-375.7
3.632	-181.9	256.7	125.3	-44.37	-371.5
3.665	-174.3	262.0	123.6	-56.72	-355.8
3.698	-164.6	268.1	121.5	-68.12	-337.5
3.732	-152.9	274.7	119.1	-79.10	-313.1
3.765	-139.1	281.9	116.3	-89.18	-275.6
3.798	-123.5	288.8	113.2	-97.40	-241.3
3.832	-106.3	295.6	109.8	-105.1	-216.3
3.865	-87.20	301.2	106.1	-112.0	-171.2
3.898	-66.82	306.0	102.3	-116.6	-116.1
3.932	-45.59	309.4	98.38	-119.6	-80.81
3.965	-23.67	311.3	94.35	-122.0	-48.27
3.998	-1.373	311.8	90.25	-122.9	15.00
4.032	20.86	310.7	86.16	-121.1	79.59
4.065	42.26	307.9	82.18	-117.4	120.3
4.098	62.72	303.9	78.34	-113.1	162.2
4.132	82.00	298.7	74.65	-106.7	223.9
4.165	99.51	292.7	71.23	-98.04	267.9
4.198	115.0	286.4	68.12	-88.75	298.7
4.232	128.7	279.9	65.31	-78.33	338.1
4.265	140.2	273.9	62.90	-66.12	381.1
4.298	149.4	268.5	60.90	-52.94	412.0
4.331	156.3	264.0	59.37	-38.68	426.5
4.365	161.1	261.0	58.33	-24.35	443.6
4.398	163.6	259.2	57.75	-9.361	455.6
4.431	163.7	259.0	57.70	6.257	449.2
4.465	161.8	260.6	58.16	20.60	433.3
4.498	157.7	263.2	59.08	34.92	430.4
4.531	151.3	267.2	60.49	49.45	429.9
4.565	142.6	272.4	62.37	63.50	404.7
4.598	131.4	278.3	64.72	76.58	369.2
4.631	118.1	284.7	67.47	88.04	320.0
4.665	102.7	291.4	70.59	97.94	291.2
4.698	85.29	297.5	74.00	107.3	259.7
4.731	65.85	302.9	77.74	115.5	211.1
4.765	44.85	307.4	81.70	121.3	148.8
4.798	22.69	310.4	85.82	125.4	103.8
4.831	-0.291	311.7	90.05	128.2	58.71
4.865	-23.75	311.5	94.36	129.3	1.678
4.898	-47.18	309.3	98.67	128.3	-69.81
4.931	-69.98	305.3	102.9	124.7	-113.5
4.965	-91.60	299.9	107.0	120.4	-162.6
4.998	-112.2	293.3	110.9	114.4	-197.2
5.031	-130.8	285.7	114.6	106.8	-251.7
5.065	-147.9	277.5	118.1	98.04	-296.7
5.098	-162.6	269.1	121.1	86.77	-347.5
5.131	-175.2	261.3	123.8	74.87	-369.3
5.164	-185.5	254.1	126.1	62.20	-396.3
5.198	-193.6	248.0	128.0	48.45	-424.7
5.231	-199.7	243.5	129.4	33.87	-451.7
5.264	-203.3	240.2	130.2	18.39	-462.9
5.298	-204.7	239.0	130.6	2.868	-462.4
5.331	-204.1	239.6	130.4	-12.32	-438.1
5.364	-201.3	242.0	129.8	-26.52	-417.5
5.398	-196.6	245.7	128.7	-39.91	-399.5
5.431	-189.9	251.0	127.1	-53.26	-393.4
5.464	-181.1	257.6	125.1	-66.08	-381.8
5.498	-169.9	264.7	122.7	-78.69	-364.7
5.531	-156.6	272.6	119.9	-90.48	-335.1
5.564	-141.2	281.0	116.7	-101.0	-274.6
5.598	-123.4	288.9	113.1	-109.0	-237.1
5.631	-104.4	296.2	109.4	-116.3	-208.1
5.664	-83.23	302.4	105.4	-123.3	-165.5
5.698	-60.77	307.2	101.2	-127.3	-106.2
5.731	-37.58	310.3	96.91	-130.1	-49.41
5.764	-13.71	311.8	92.52	-130.9	-14.12
5.798	9.892	311.6	88.18	-130.6	53.55
5.831	33.48	309.0	83.82	-128.0	97.47
5.864	55.75	305.3	79.65	-123.4	165.9
5.897	77.08	300.0	75.59	-117.5	212.0
5.931	96.47	293.7	71.82	-108.9	258.5
5.964	113.9	286.8	68.33	-100.3	293.6
5.997	129.6	279.5	65.13	-89.66	352.7
6.031	142.6	272.3	62.36	-76.53	394.2
6.064	153.3	265.8	60.03	-63.30	408.9
6.097	161.8	260.4	58.14	-49.46	436.8
6.131	168.0	256.1	56.74	-34.15	473.1
6.164	171.8	253.4	55.87	-17.91	494.2
6.197	173.1	252.3	55.55	-1.188	480.9
6.231	172.1	253.1	55.79	14.34	461.3
6.264	169.0	255.4	56.50	29.26	449.8
6.297	163.6	259.2	57.74	44.47	444.8
6.331	156.0	264.4	59.46	58.90	423.3
6.364	145.8	270.4	61.66	72.67	405.0
6.397	133.4	277.3	64.31	85.88	387.9
6.431	118.5	284.6	67.38	98.52	338.0
6.464	101.2	291.8	70.87	108.7	278.5
6.497	82.05	298.4	74.63	116.8	235.1
6.531	61.02	304.1	78.65	124.4	200.4
6.564	38.32	308.5	82.92	130.2	144.1
6.597	14.49	311.0	87.33	133.9	80.60
6.631	-10.05	311.9	91.84	135.7	25.28
6.664	-34.70	310.7	96.37	135.6	-28.95
6.697	-59.09	307.5	100.9	133.8	-94.19
6.730	-82.65	302.3	105.3	129.4	-154.5
6.764	-104.7	295.7	109.5	123.3	-193.5
6.797	-125.3	288.2	113.5	116.6	-234.5
6.830	-144.0	279.4	117.3	107.8	-281.9
6.864	-160.4	270.3	120.7	97.54	-332.6
6.897	-174.8	261.5	123.8	85.85	-382.0
6.930	-186.7	253.2	126.4	71.95	-426.6
6.964	-196.1	246.0	128.6	57.34	-442.2
6.997	-203.2	240.2	130.2	42.48	-455.3
7.030	-208.0	236.0	131.4	27.05	-470.3
7.064	-210.7	233.8	132.0	11.10	-479.7
7.097	-211.2	233.5	132.1	-4.936	-469.5
7.130	-209.3	234.9	131.7	-20.28	-447.3
7.164	-205.5	238.2	130.8	-34.68	-434.8
7.197	-199.7	243.2	129.4	-49.17	-427.3
7.230	-191.6	249.7	127.5	-63.31	-403.4
7.264	-181.3	257.3	125.2	-76.06	-377.4
7.297	-168.7	265.5	122.4	-88.33	-352.6
7.330	-153.8	274.2	119.3	-99.73	-318.6
7.364	-136.7	282.9	115.8	-109.5	-274.1
7.397	-117.6	291.1	112.0	-118.0	-237.6
7.430	-96.56	298.5	107.9	-125.3	-194.0
7.463	-73.87	304.4	103.6	-131.0	-139.2
7.497	-50.00	308.8	99.20	-134.6	-83.10
7.530	-25.44	311.4	94.67	-136.5	-26.89
7.563	-0.557	311.8	90.10	-136.5	24.01
7.597	24.00	310.3	85.58	-134.8	88.63
7.630	47.93	306.9	81.12	-130.8	148.3
7.663	70.48	302.0	76.86	-124.6	201.4
7.697	91.40	295.5	72.82	-117.4	243.4
7.730	110.4	288.2	69.04	-108.5	299.6
7.763	127.3	280.4	65.59	-97.47	342.1
7.797	141.7	272.7	62.54	-85.49	383.1
7.830	154.0	265.6	59.89	-72.14	418.4
7.863	163.7	259.4	57.73	-57.42	457.3
7.897	171.0	254.2	56.07	-41.80	484.9
7.930	175.8	250.6	54.95	-25.01	505.9
7.963	178.2	248.9	54.40	-8.035	494.6
7.997	178.1	248.9	54.41	8.050	469.2
8.030	175.9	250.6	54.94	23.14	474.3
8.063	171.5	253.8	55.96	39.43	480.6
8.097	164.5	258.9	57.56	55.58	459.0
8.130	155.1	265.0	59.66	69.86	420.0
8.163	143.4	272.1	62.22	83.55	386.3
8.197	129.1	279.8	65.23	95.74	349.9
8.230	112.7	287.4	68.60	106.7	320.9
8.263	93.86	294.7	72.33	117.2	280.6
8.296	72.86	301.4	76.41	125.5	225.1
8.330	50.18	306.5	80.70	132.0	159.6
8.363	26.03	310.0	85.20	136.4	114.2
8.396	1.133	311.9	89.79	139.3	46.06
8.430	-24.43	311.5	94.48	139.9	-7.542
8.463	-49.53	308.8	99.11	138.4	-88.81
8.496	-74.26	304.5	103.7	134.4	-132.2
8.530	-97.36	298.4	108.1	129.0	-193.7
8.563	-119.1	290.5	112.3	122.1	-240.0
8.596	-138.7	281.8	116.2	112.6	-273.5
8.630	-156.3	272.9	119.8	103.8	-298.1
8.663	-171.9	263.5	123.1	93.16	-359.8
8.696	-185.0	254.5	126.0	79.51	-423.1
8.730	-195.5	246.4	128.4	64.97	-445.4
8.763	-203.7	239.8	130.3	49.79	-462.0
8.796	-209.5	234.8	131.7	34.17	-487.4
8.830	-213.3	231.8	132.6	17.41	-502.1
8.863	-214.3	230.6	132.9	0.480	-482.7
8.896	-213.3	231.5	132.6	-14.78	-460.1
8.930	-210.2	234.1	131.9	-29.93	-448.7
8.963	-205.0	238.7	130.7	-44.93	-435.6
8.996	-197.7	244.8	128.9	-58.84	-427.9
9.029	-188.2	252.2	126.7	-73.32	-410.6
9.063	-176.1	260.7	124.0	-86.57	-371.7
9.096	-161.8	269.7	121.0	-97.83	-318.1
9.129	-145.3	278.9	117.5	-107.9	-282.2
9.163	-126.6	287.5	113.8	-116.5	-252.4
9.196	-106.1	295.5	109.8	-124.7	-214.1
9.229	-83.53	302.0	105.5	-131.1	-169.6
9.263	-59.82	307.2	101.0	-135.7	-101.4
9.296	-34.94	310.6	96.42	-138.1	-46.30
9.329	-9.872	311.9	91.81	-138.4	17.15
9.363	15.27	311.2	87.19	-137.3	63.03
9.396	39.70	308.4	82.66	-134.1	124.6
9.429	63.14	303.7	78.26	-129.1	178.2
9.463	85.03	297.7	74.06	-122.1	240.5
9.496	105.1	290.5	70.12	-113.2	283.2
9.529	122.8	282.7	66.52	-103.1	340.0
9.563	138.5	274.8	63.25	-90.80	393.1
9.596	151.5	267.3	60.47	-76.52	421.7
9.629	161.8	260.5	58.15	-62.69	439.5
9.663	170.0	254.8	56.29	-47.53	471.3
9.696	175.6	250.7	54.99	-31.00	502.9
9.729	178.9	248.3	54.23	-14.14	513.2
9.763	179.7	247.7	54.05	3.290	504.9
9.796	178.0	249.0	54.44	19.64	483.9
9.829	174.1	252.0	55.35	35.33	455.9
9.862	167.9	256.5	56.80	50.24	455.5
9.896	159.4	262.2	58.70	65.32	442.2
9.929	148.2	269.1	61.15	80.14	413.3
9.962	134.7	276.7	64.04	92.73	358.0
9.996	118.9	284.6	67.33	104.0	328.8
10.029	100.7	292.0	70.97	114.5	298.3
10.062	80.35	299.1	74.96	124.0	239.4
10.096	57.94	304.8	79.24	130.6	177.0
10.129	34.31	309.2	83.67	135.5	111.3
10.162	9.420	311.5	88.27	138.4	70.17
10.196	-15.73	311.8	92.89	139.8	6.198
10.229	-41.28	310.1	97.58	139.3	-51.25
10.262	-66.03	306.2	102.2	136.0	-121.5
10.296	-89.84	300.5	106.6	131.3	-172.6
10.329	-112.1	293.3	110.9	124.5	-222.1
10.362	-132.4	284.8	114.9	116.4	-270.6
10.396	-150.9	275.9	118.7	106.6	-314.0
10.429	-166.9	266.6	122.0	95.26	-360.4
10.462	-180.6	257.7	125.0	82.78	-389.8
10.496	-192.0	249.6	127.6	69.14	-424.3
10.529	-200.9	242.6	129.6	54.61	-451.3
10.562	-207.3	236.8	131.2	38.97	-470.6
10.595	-211.6	233.1	132.2	23.20	-481.5
10.629	-213.7	231.2	132.7	6.989	-491.9
10.662	-213.5	231.4	132.7	-9.683	-493.0
10.695	-211.1	233.6	132.1	-25.89	-455.4
10.729	-206.4	237.7	131.0	-40.21	-431.7
10.762	-200.0	243.3	129.4	-54.26	-419.8
10.795	-191.0	250.2	127.4	-68.53	-418.0
10.829	-179.8	258.2	124.9	-81.92	-387.0
10.862	-166.2	267.1	121.9	-94.48	-351.1
10.895	-150.3	276.2	118.6	-105.3	-295.2
10.929	-132.3	285.1	114.9	-114.2	-259.5
10.962	-112.3	293.3	110.9	-122.4	-220.3
10.995	-90.29	300.4	106.7	-129.2	-162.9
11.029	-66.93	306.0	102.3	-133.2	-98.75
11.062	-42.77	310.0	97.86	-135.6	-60.29
11.095	-17.99	311.9	93.30	-137.2	-16.15
11.129	7.000	311.7	88.71	-136.8	57.80
11.162	31.55	309.7	84.18	-133.4	118.3
11.195	54.87	305.7	79.82	-128.7	157.3
11.229	77.02	300.2	75.61	-123.1	211.2
11.262	97.54	293.6	71.62	-114.7	276.0
11.295	115.7	285.9	67.97	-104.5	327.2
11.329	131.8	278.4	64.66	-93.06	369.4
11.362	145.5	270.9	61.77	-79.75	414.6
11.395	156.5	264.0	59.34	-65.40	440.3
11.428	165.1	258.3	57.41	-50.39	468.6
11.462	171.3	253.9	55.99	-34.28	477.7
11.495	175.0	251.1	55.13	-18.28	489.6
11.528	176.5	249.9	54.77	-1.975	498.9
11.562	175.6	250.7	55.00	15.21	485.3
11.595	172.2	253.2	55.78	30.52	449.6
11.628	166.8	257.2	57.03	44.89	443.4
11.662	159.1	262.3	58.77	60.10	448.1
11.695	148.8	268.8	61.03	74.89	422.2
11.728	136.1	276.2	63.76	88.23	376.4
11.762	120.9	283.6	66.91	99.98	335.9
11.795	103.6	291.2	70.43	110.5	289.5
11.828	83.92	298.1	74.28	119.4	247.0
11.862	62.49	304.0	78.38	126.8	185.2
11.895	39.33	308.4	82.73	132.0	127.3
11.928	15.31	311.1	87.18	135.0	71.46
11.962	-9.419	311.9	91.73	136.9	23.71
11.995	-34.35	310.8	96.31	136.7	-37.72
12.028	-58.87	307.6	100.8	134.4	-101.7
12.062	-82.51	302.4	105.3	129.9	-162.3
12.095	-104.7	295.8	109.5	123.5	-204.9
12.128	-125.2	288.2	113.5	116.2	-254.4
12.161	-143.9	279.5	117.2	106.8	-308.1
12.195	-160.1	270.7	120.6	95.36	-347.4
12.228	-174.1	262.1	123.6	83.67	-368.7
12.261	-185.8	254.0	126.2	70.88	-408.1
12.295	-195.1	246.9	128.3	56.47	-439.0
12.328	-202.1	241.3	129.9	41.48	-458.3
12.361	-206.8	237.2	131.1	26.05	-476.6
12.395	-209.3	235.1	131.7	9.679	-475.3
12.428	-209.4	234.9	131.7	-5.832	-456.0
12.461	-207.7	236.5	131.3	-20.50	-450.8
12.495	-203.8	239.9	130.4	-35.86	-440.9
12.528	-197.7	244.9	128.9	-50.14	-421.0
12.561	-189.5	251.3	127.0	-63.61	-402.3
12.595	-179.0	258.9	124.7	-77.12	-383.6
12.628	-166.2	267.3	121.9	-89.19	-338.4
12.661	-151.1	275.7	118.7	-99.67	-293.6
12.695	-134.1	284.5	115.2	-108.8	-259.1
12.728	-115.0	292.2	111.5	-116.9	-223.7
12.761	-94.09	299.4	107.4	-123.7	-179.5
12.795	-71.70	305.1	103.2	-128.8	-122.0
12.828	-48.22	309.3	98.86	-131.9	-74.84
12.861	-24.16	311.5	94.43	-133.7	-17.10
12.895	0.249	311.8	89.95	-133.3	48.19
12.928	24.16	310.4	85.55	-130.3	105.1
12.961	47.14	307.0	81.27	-126.3	148.0
12.994	69.02	302.2	77.14	-120.6	198.2
13.028	89.25	296.3	73.24	-112.9	256.5
13.061	107.6	289.5	69.61	-103.5	306.9
13.094	123.7	282.2	66.34	-92.44	357.5
13.128	137.5	275.2	63.45	-79.78	389.5
13.161	148.9	268.8	61.02	-66.32	408.9
13.194	157.9	263.1	59.03	-52.60	439.1
13.228	164.7	258.7	57.51	-37.19	467.8
13.261	169.0	255.8	56.55	-21.15	485.1
13.294	170.9	254.4	56.10	-5.056	491.0
13.328	170.4	254.7	56.22	11.68	477.0
13.361	167.5	256.8	56.88	26.93	445.5
13.394	162.5	260.2	58.01	41.11	435.7
13.428	155.3	264.9	59.62	55.96	434.6
13.461	145.5	270.8	61.74	70.24	399.5
13.494	133.5	277.4	64.30	82.61	355.6
13.528	119.2	284.3	67.24	93.81	318.6
13.561	102.8	291.2	70.55	104.0	296.0
13.594	84.43	297.8	74.17	113.4	247.1
13.628	63.90	303.5	78.11	120.8	191.2
13.661	42.06	307.8	82.22	125.8	130.2
13.694	19.05	310.9	86.49	129.6	89.70
13.727	-4.656	311.9	90.86	131.7	38.92
13.761	-28.71	311.3	95.27	132.3	-31.75
13.794	-52.55	308.5	99.67	129.7	-100.9
13.827	-75.37	304.2	103.9	125.2	-149.7
13.861	-96.98	298.3	108.0	119.9	-198.6
13.894	-117.1	291.3	111.9	112.1	-234.1
13.927	-135.2	283.7	115.5	103.9	-267.3
13.961	-151.6	275.5	118.8	94.74	-320.5
13.994	-165.7	267.3	121.8	82.38	-379.0
14.027	-177.4	259.8	124.3	69.30	-402.7
14.061	-186.8	253.2	126.4	55.71	-414.5
14.094	-193.8	247.9	128.0	41.51	-441.3
14.127	-198.9	244.0	129.2	26.48	-455.7
14.161	-201.4	241.8	129.8	10.92	-464.0
14.194	-202.1	241.6	129.9	-4.332	-448.9
14.227	-200.4	243.0	129.5	-19.12	-418.3
14.261	-196.6	245.9	128.6	-32.25	-406.0
14.294	-191.0	250.2	127.4	-45.83	-405.0
14.327	-183.1	256.0	125.6	-59.62	-387.2
14.361	-173.2	262.8	123.4	-71.55	-351.0
14.394	-161.2	270.2	120.8	-82.90	-326.0
14.427	-146.9	277.9	117.9	-93.42	-285.6
14.461	-130.8	285.9	114.6	-102.0	-254.9
14.494	-112.9	293.2	111.1	-110.1	-217.5
14.527	-93.04	299.7	107.2	-116.9	-170.7
14.560	-72.02	305.2	103.3	-121.2	-111.2
14.594	-49.87	309.0	99.17	-124.4	-76.71
14.627	-27.17	311.4	94.99	-126.3	-22.73
14.660	-4.111	311.9	90.76	-126.1	45.59
14.694	18.57	311.0	86.58	-123.1	103.8
14.727	40.31	308.3	82.55	-119.0	139.8
14.760	61.04	304.1	78.65	-114.0	178.8
14.794	80.37	299.0	74.96	-107.1	229.9
14.827	97.98	293.1	71.52	-98.62	278.0
14.860	113.7	286.9	68.38	-88.59	337.5
14.894	127.3	280.7	65.61	-76.23	369.6
14.927	138.3	275.0	63.30	-63.57	386.7
14.960	147.2	269.8	61.38	-50.80	410.9
14.994	153.9	265.8	59.92	-36.11	441.3
15.027	158.2	263.0	58.97	-21.24	448.1
15.060	160.2	261.5	58.50	-6.380	470.6
15.094	160.0	261.6	58.55	10.03	455.9
15.127	157.3	263.5	59.17	24.58	420.2
15.160	152.6	266.4	60.18	37.43	403.9
15.194	145.8	270.5	61.67	51.66	416.8
15.227	136.7	275.7	63.63	65.32	392.7
15.260	125.3	281.7	66.02	77.80	346.7
15.293	111.6	287.9	68.81	88.54	306.2
15.327	96.04	294.1	71.92	98.02	280.0
15.360	78.43	299.8	75.34	107.2	230.1
15.393	58.90	304.8	79.06	113.7	169.3
15.427	38.35	308.6	82.92	118.1	107.3
15.460	16.68	311.3	86.93	121.2	82.68
15.493	-5.390	312.0	90.99	123.2	28.11
15.527	-28.01	311.2	95.14	123.5	-26.65
15.560	-50.15	308.9	99.22	121.1	-87.85
15.593	-71.61	305.0	103.2	117.8	-132.6
15.627	-92.07	299.9	107.1	112.3	-185.6
15.660	-111.0	293.9	110.7	105.2	-229.2
15.693	-128.2	286.9	114.1	97.12	-262.9
15.727	-143.5	279.7	117.2	87.71	-303.4
15.760	-156.9	272.6	119.9	76.92	-338.6
15.793	-168.2	266.1	122.3	65.06	-366.1
15.827	-177.2	260.1	124.3	52.54	-396.9
15.860	-184.1	255.3	125.8	38.71	-421.3
15.893	-188.7	251.9	126.8	24.28	-442.3
15.927	-191.3	250.0	127.4	9.391	-424.4
15.960	-191.4	249.7	127.5	-4.388	-421.1
15.993	-190.0	251.1	127.1	-18.13	-405.4
16.027	-186.2	253.9	126.3	-31.93	-387.8
16.060	-180.5	257.8	125.0	-43.73	-368.4
16.093	-173.0	263.0	123.3	-56.32	-355.2
16.126	-163.2	269.0	121.2	-67.84	-327.6
16.160	-151.6	275.5	118.8	-77.79	-298.1
16.193	-138.1	282.4	116.1	-87.81	-286.5
16.226	-122.6	289.1	113.0	-96.91	-237.2
16.260	-105.3	295.8	109.6	-103.8	-184.1
16.293	-86.73	301.4	106.1	-109.0	-146.6
16.326	-66.96	306.1	102.3	-113.6	-113.0
16.360	-46.16	309.5	98.48	-116.6	-60.84
16.393	-24.89	311.4	94.57	-117.6	0.132
16.426	-3.528	311.8	90.65	-116.7	51.13
16.460	17.40	311.0	86.80	-114.1	82.63
16.493	37.64	308.7	83.05	-111.1	124.8
16.526	57.15	305.3	79.40	-106.1	185.8
16.560	75.08	300.7	75.98	-98.48	241.2
16.593	91.35	295.7	72.83	-89.96	260.8
16.626	105.8	290.4	69.99	-81.02	306.8
16.660	118.4	284.9	67.43	-69.85	345.3
16.693	128.6	280.0	65.33	-57.53	382.9
16.726	136.9	275.7	63.60	-44.71	382.6
16.760	142.8	272.5	62.35	-31.61	395.8
16.793	146.7	270.1	61.49	-18.69	418.5
16.826	148.5	269.1	61.11	-3.694	437.3
16.859	147.8	269.4	61.25	10.79	417.9
16.893	145.2	271.0	61.82	23.93	387.8
16.926	140.3	273.5	62.84	36.72	392.2
16.959	133.6	277.2	64.27	49.89	377.2
16.993	124.5	281.8	66.17	62.21	348.4
17.026	113.5	286.9	68.42	72.85	309.8
17.059	100.5	292.1	71.02	82.95	284.8
17.093	85.59	297.4	73.94	91.85	244.7
17.126	68.98	302.2	77.14	99.28	195.4
17.159	50.92	306.3	80.56	104.9	149.3
17.193	31.79	309.3	84.13	109.1	109.9
17.226	11.78	311.3	87.83	112.3	72.40
17.259	-8.776	311.8	91.61	113.9	23.37
17.293	-29.55	311.2	95.43	113.9	-26.59
17.326	-50.04	308.9	99.20	112.1	-90.90
17.359	-69.91	305.3	102.9	108.0	-133.3
17.393	-88.49	300.7	106.4	102.9	-176.4
17.426	-106.1	295.5	109.8	96.60	-215.3
17.459	-121.9	289.5	112.8	88.26	-263.9
17.493	-135.9	283.2	115.6	79.11	-299.3
17.526	-148.1	277.3	118.1	68.36	-327.2
17.559	-158.1	271.8	120.2	57.10	-336.8
17.593	-166.3	267.0	121.9	46.01	-350.9
17.626	-172.4	263.0	123.3	33.81	-384.1
17.659	-176.7	260.4	124.2	20.35	-405.5
17.692	-178.7	258.9	124.6	6.695	-406.9
17.726	-178.7	259.0	124.6	-6.739	-383.9
17.759	-176.8	260.5	124.2	-19.04	-375.1
17.792	-172.9	262.9	123.3	-31.41	-366.1
17.826	-167.0	266.6	122.1	-43.77	-347.5
17.859	-159.3	271.3	120.4	-54.46	-308.0
17.892	-149.7	276.4	118.4	-64.28	-283.0
17.926	-138.4	282.0	116.1	-73.33	-271.0
17.959	-125.5	287.9	113.6	-82.23	-248.5
17.992	-110.8	293.9	110.7	-90.10	-209.2
18.026	-94.62	299.2	107.5	-96.09	-167.0
18.059	-77.22	303.9	104.3	-101.2	-124.2
18.092	-58.73	307.7	100.8	-104.5	-81.19
18.126	-39.70	310.3	97.29	-106.4	-41.35
18.159	-20.25	311.7	93.72	-107.4	-3.519
18.192	-0.732	312.0	90.13	-106.6	59.20
18.226	18.42	311.1	86.61	-103.5	106.4
18.259	36.64	308.9	83.24	-99.32	139.8
18.292	53.98	305.9	79.99	-94.40	169.4
18.326	70.06	302.2	76.95	-87.96	219.7
18.359	84.68	297.9	74.13	-79.83	266.7
18.392	97.48	293.5	71.63	-70.09	297.5
18.425	108.3	289.1	69.46	-59.94	319.7
18.459	117.3	285.1	67.63	-48.92	351.4
18.492	124.3	281.8	66.20	-36.46	356.0
18.525	129.2	279.6	65.20	-24.91	369.2
18.559	132.3	277.8	64.54	-12.40	383.5
18.592	133.1	277.4	64.38	1.180	389.4
18.625	131.9	278.0	64.62	13.37	369.5
18.659	128.9	279.8	65.27	25.75	353.6
18.692	123.7	282.3	66.34	37.15	341.6
18.725	116.8	285.5	67.74	48.21	330.6
18.759	107.9	289.3	69.55	59.41	311.9
18.792	97.05	293.5	71.70	69.00	287.4
18.825	84.52	297.6	74.15	78.36	252.4
18.859	70.16	302.0	76.92	86.22	205.3
18.892	54.48	305.6	79.89	91.77	146.8
18.925	37.67	308.5	83.04	96.11	118.3
18.959	20.11	310.6	86.30	99.50	82.64
18.992	1.805	311.9	89.67	101.8	53.76
19.025	-16.78	311.9	93.08	102.9	7.781
19.059	-35.54	310.7	96.53	102.5	-55.90
19.092	-53.91	308.6	99.91	99.20	-114.5
19.125	-71.23	305.2	103.1	94.66	-142.7
19.158	-87.59	301.1	106.2	89.79	-173.8
19.192	-102.8	296.6	109.1	83.16	-213.3
19.225	-116.5	291.8	111.8	75.40	-249.3
19.258	-128.6	286.8	114.1	66.71	-277.1
19.292	-138.9	282.2	116.2	56.81	-308.2
19.325	-147.3	277.9	117.9	46.21	-314.5
19.358	-153.8	274.3	119.3	35.69	-334.0
19.392	-158.7	271.4	120.3	24.26	-353.4
19.425	-161.5	269.9	120.9	11.85	-365.5
19.458	-162.4	269.3	121.1	-1.829E-2	-359.0
19.492	-161.5	269.9	120.9	-12.06	-348.4
19.525	-158.8	271.7	120.3	-23.38	-326.3
19.558	-154.1	274.2	119.3	-33.70	-303.1
19.592	-147.9	277.5	118.0	-43.59	-298.9
19.625	-139.9	281.4	116.4	-53.53	-284.1
19.658	-130.2	285.9	114.5	-62.72	-252.6
19.692	-118.9	290.6	112.3	-70.30	-218.9
19.725	-106.4	295.5	109.8	-77.25	-194.5
19.758	-92.28	299.8	107.1	-83.35	-157.0
19.792	-77.12	303.8	104.2	-87.72	-120.1
19.825	-61.20	307.3	101.3	-91.22	-83.18
19.858	-44.43	309.6	98.17	-93.47	-42.98
19.892	-27.42	311.2	95.03	-93.96	-13.44
19.925	-10.37	311.9	91.90	-94.26	21.38
19.958	6.779	311.7	88.75	-92.86	68.54
19.991	23.26	310.5	85.72	-89.42	111.4
20.025	38.97	308.3	82.80	-85.47	139.8
20.058	53.79	305.7	80.02	-80.17	192.7
20.091	67.38	302.8	77.45	-72.69	227.9
20.125	79.23	299.4	75.18	-64.71	239.5
20.158	89.73	296.1	73.14	-56.91	265.3
20.191	98.65	292.9	71.38	-47.14	298.8
20.225	105.7	290.3	70.00	-36.70	331.4
20.258	110.9	288.1	68.94	-25.40	331.7
20.291	114.0	286.6	68.31	-14.13	357.5
20.325	115.5	285.9	68.00	-2.136	335.6
20.358	114.7	286.3	68.17	9.025	333.9
20.391	112.6	287.2	68.60	19.32	325.8
20.425	108.3	289.0	69.45	31.17	319.1
20.458	102.2	291.3	70.68	40.69	273.6
20.491	94.65	294.2	72.16	49.13	268.5
20.525	85.53	297.3	73.95	58.58	270.0
20.558	74.54	300.5	76.07	67.36	229.4
20.591	62.13	303.7	78.44	73.84	179.8
20.625	48.66	306.8	80.99	79.20	147.3
20.658	34.04	309.2	83.72	83.77	113.8
20.691	18.63	310.8	86.57	86.78	82.75
20.724	2.727	311.9	89.50	89.15	54.28
20.758	-13.68	311.9	92.51	90.58	11.83
20.791	-30.16	311.2	95.53	89.93	-42.74
20.824	-46.26	309.4	98.50	87.67	-81.87
20.858	-61.79	307.1	101.4	84.43	-106.2
20.891	-76.50	303.9	104.1	80.56	-143.0
20.924	-90.39	300.4	106.7	75.07	-186.9
20.958	-102.9	296.6	109.1	67.95	-242.2
20.991	-113.9	292.4	111.3	59.10	-262.7
21.024	-123.0	288.9	113.1	50.04	-267.8
21.058	-130.8	285.7	114.6	41.55	-271.0
21.091	-137.0	282.9	115.8	31.94	-288.7
21.124	-141.4	280.7	116.7	22.21	-309.2
21.158	-144.3	279.4	117.3	11.54	-313.2
21.191	-145.2	278.8	117.5	0.979	-303.0
21.224	-144.6	279.1	117.4	-8.440	-279.4
21.258	-142.4	280.1	116.9	-17.71	-279.0
21.291	-138.8	282.1	116.2	-26.94	-271.1
21.324	-133.5	284.4	115.1	-35.90	-283.0
21.358	-126.8	287.4	113.8	-45.55	-254.3
21.391	-118.2	291.0	112.1	-53.45	-225.9
21.424	-108.6	294.5	110.2	-59.94	-196.2
21.458	-97.52	298.1	108.1	-66.91	-191.7
21.491	-85.37	301.9	105.8	-72.60	-146.8
21.524	-72.02	305.1	103.3	-76.83	-110.8
21.557	-57.96	307.6	100.7	-79.80	-77.59
21.591	-43.36	310.0	97.96	-82.10	-54.59
21.624	-28.33	311.4	95.20	-83.41	-14.88
21.657	-13.10	311.9	92.40	-83.19	31.40
21.691	1.880	312.0	89.65	-81.23	70.34
21.724	16.36	311.2	86.99	-78.46	97.03
21.757	30.21	309.6	84.43	-74.84	125.8
21.791	43.24	307.8	82.00	-70.06	157.9
21.824	55.22	305.6	79.76	-64.31	185.3
21.857	65.99	303.2	77.72	-57.69	216.0
21.891	75.40	300.5	75.91	-49.97	240.0
21.924	83.29	298.1	74.39	-41.59	253.9
21.957	89.72	296.1	73.14	-33.08	285.5
21.991	94.55	294.2	72.19	-22.75	296.0
22.024	97.38	293.2	71.63	-12.84	292.9
22.057	98.91	292.7	71.33	-3.705	285.7
22.091	98.70	292.9	71.38	6.410	308.3
22.124	96.80	293.7	71.76	16.74	296.0
22.157	93.08	295.1	72.49	26.37	274.3
22.191	87.87	296.9	73.51	34.85	259.6
22.224	81.13	299.0	74.82	43.62	247.2
22.257	72.82	301.5	76.42	51.52	229.1
22.290	63.19	303.8	78.25	58.67	201.2
22.324	52.16	306.1	80.33	65.15	172.5
22.357	40.09	308.3	82.59	70.07	134.7
22.390	27.12	310.0	85.00	74.11	105.9
22.424	13.42	311.2	87.53	77.16	76.55
22.457	-0.776	311.9	90.14	79.20	39.30
22.490	-15.30	312.0	92.81	79.84	5.348
22.524	-29.76	311.1	95.46	79.43	-35.32
22.557	-44.09	309.8	98.10	77.66	-69.21
22.590	-57.84	307.9	100.6	74.65	-100.6
22.624	-70.93	305.4	103.1	71.03	-138.1
22.657	-83.12	302.3	105.4	65.53	-176.1
22.690	-94.04	299.3	107.4	59.07	-195.7
22.724	-103.8	296.1	109.3	52.60	-210.4
22.757	-112.2	293.2	110.9	45.09	-239.4
22.790	-119.2	290.4	112.3	36.59	-255.3
22.824	-124.7	288.3	113.4	28.00	-266.6
22.857	-128.6	286.5	114.2	18.96	-290.4
22.890	-131.0	285.6	114.6	8.635	-290.2
22.924	-131.5	285.2	114.8	-0.688	-288.3
22.957	-130.7	285.5	114.6	-10.11	-276.1
22.990	-128.1	286.6	114.1	-19.56	-261.4
23.024	-124.3	288.6	113.3	-27.31	-238.9
23.057	-118.9	290.5	112.3	-35.41	-234.6
23.090	-112.2	293.1	110.9	-43.12	-213.0
23.123	-104.2	296.0	109.4	-49.56	-189.1
23.157	-95.07	299.0	107.6	-55.65	-169.1
23.190	-84.74	301.9	105.7	-60.96	-149.1
23.223	-73.56	304.7	103.6	-65.45	-120.1
23.257	-61.49	307.2	101.3	-69.10	-93.31
23.290	-48.80	309.2	98.97	-71.59	-69.42
23.323	-35.65	310.6	96.55	-73.69	-57.40
23.357	-22.11	311.6	94.06	-75.44	-12.58
23.390	-8.282	311.9	91.52	-74.80	37.32
23.423	5.035	311.8	89.07	-72.57	76.83
23.457	18.02	311.1	86.68	-69.88	102.2
23.490	30.28	309.8	84.42	-65.70	135.5
23.523	41.61	308.0	82.31	-60.82	150.6
23.557	51.98	306.2	80.36	-55.66	175.8
23.590	61.34	304.2	78.60	-49.25	203.5
23.623	69.29	302.1	77.08	-41.90	220.4
23.657	75.96	300.3	75.81	-34.61	239.6
23.690	81.29	298.7	74.78	-26.08	257.1
23.723	84.97	297.7	74.07	-17.21	276.4
23.757	87.24	297.0	73.63	-7.941	272.5
23.790	87.76	297.0	73.54	1.291	272.9
23.823	86.83	297.2	73.72	9.974	268.1
23.856	84.29	297.9	74.20	19.26	265.6
23.890	80.17	299.2	75.00	27.76	237.9
23.923	74.72	300.9	76.05	35.08	224.7
23.956	68.01	302.7	77.34	42.57	223.8
23.990	59.84	304.7	78.89	50.16	209.5
24.023	50.35	306.7	80.68	56.54	167.3
24.056	39.75	308.5	82.66	61.35	134.3
24.090	28.37	309.9	84.77	65.35	109.0
24.123	16.23	311.2	87.01	68.74	99.61
24.156	3.546	311.8	89.35	71.82	59.89
24.190	-9.803	312.0	91.80	73.11	16.68
24.223	-23.00	311.7	94.22	72.57	-16.74
24.256	-36.16	310.8	96.64	72.08	-46.48
24.290	-49.10	309.2	99.02	69.65	-79.85
24.323	-61.27	307.3	101.3	66.41	-111.4
24.356	-72.89	304.8	103.4	62.57	-139.8
24.390	-83.51	302.2	105.4	56.94	-182.0
24.423	-93.00	299.6	107.2	50.46	-199.1
24.456	-101.2	297.2	108.8	43.58	-212.5
24.490	-108.1	294.7	110.1	36.39	-219.9
24.523	-113.8	292.8	111.2	28.85	-249.6
24.556	-118.1	291.2	112.1	19.97	-256.6
24.590	-120.5	290.1	112.6	11.31	-257.1
24.623	-121.8	289.5	112.8	3.228	-256.0
24.656	-121.6	289.6	112.8	-5.903	-257.2
24.689	-119.8	290.3	112.4	-14.04	-248.9
24.723	-116.8	291.4	111.8	-22.21	-240.9
24.756	-112.3	293.2	111.0	-30.38	-213.6
24.789	-106.4	295.2	109.8	-36.46	-195.3
24.823	-99.66	297.5	108.5	-43.00	-183.5
24.856	-91.42	299.9	107.0	-49.19	-178.1
24.889	-82.43	302.5	105.2	-54.46	-150.0
24.923	-72.23	305.0	103.3	-59.51	-132.7
24.956	-61.25	307.1	101.3	-63.14	-86.98
24.989	-49.58	308.9	99.12	-65.44	-60.44
25.023	-37.67	310.5	96.92	-66.96	-47.77
25.056	-25.36	311.4	94.66	-68.69	-27.53
25.089	-12.74	311.8	92.34	-68.95	16.32
25.123	-0.328	312.0	90.06	-67.47	54.01
25.156	11.73	311.4	87.84	-65.33	79.47
25.189	23.30	310.3	85.71	-62.25	114.0
25.223	34.14	309.0	83.70	-57.75	140.1
25.256	44.02	307.7	81.86	-52.76	152.1
25.289	52.98	306.0	80.18	-47.69	172.8
25.323	60.92	304.3	78.68	-41.34	211.0
25.356	67.51	302.6	77.42	-33.57	227.0
25.389	72.66	301.3	76.44	-26.04	241.9
25.422	76.56	300.1	75.69	-17.76	239.5
25.456	78.79	299.5	75.26	-9.640	248.1
25.489	79.90	299.2	75.05	-1.675	252.7
25.522	79.33	299.1	75.15	7.452	259.6
25.556	77.31	299.9	75.54	15.67	239.2
25.589	73.94	300.9	76.19	23.31	225.9
25.622	69.21	302.1	77.10	30.76	227.7
25.656	63.22	303.7	78.24	38.39	205.5
25.689	55.77	305.5	79.65	44.74	185.1
25.722	47.39	306.9	81.22	50.36	163.7
25.756	37.84	308.7	83.01	55.93	155.4
25.789	27.40	310.1	84.95	60.56	113.1
25.822	16.05	311.1	87.05	63.69	92.73
25.856	4.381	311.8	89.20	66.37	58.31
25.889	-8.002	312.1	91.47	68.04	35.92
25.922	-20.31	311.7	93.73	68.35	-0.336
25.956	-32.81	311.0	96.02	68.27	-25.51
25.989	-45.06	309.7	98.28	66.57	-63.55
26.022	-56.88	308.1	100.5	64.02	-101.1
26.056	-68.07	305.9	102.5	59.95	-131.1
26.089	-78.28	303.7	104.5	55.05	-145.5
26.122	-87.63	301.4	106.2	50.34	-172.3
26.156	-95.97	298.8	107.8	43.78	-201.8
26.189	-102.9	296.7	109.1	36.52	-216.7
26.222	-108.7	294.7	110.2	29.57	-224.0
26.255	-113.1	293.2	111.1	21.57	-249.6
26.289	-116.0	291.9	111.7	12.92	-250.8
26.322	-117.5	291.4	112.0	4.719	-250.0
26.355	-117.6	291.2	112.0	-3.534	-258.0
26.389	-116.3	291.8	111.7	-12.58	-244.3
26.422	-113.4	292.9	111.2	-20.05	-210.4
26.455	-109.4	294.3	110.4	-26.31	-199.3
26.489	-104.3	296.1	109.4	-33.33	-205.5
26.522	-97.85	298.2	108.2	-40.14	-186.3
26.555	-90.29	300.4	106.7	-45.76	-168.0
26.589	-81.73	302.5	105.1	-51.19	-159.6
26.622	-72.14	304.8	103.3	-56.52	-132.1
26.655	-61.65	307.0	101.4	-60.09	-93.03
26.689	-50.64	308.8	99.31	-62.54	-69.05
26.722	-39.13	310.4	97.19	-64.77	-57.45
26.755	-27.21	311.3	95.00	-66.35	-27.74
26.789	-15.05	311.8	92.76	-66.70	12.86
26.822	-3.004	312.0	90.55	-65.46	45.91
26.855	8.694	311.7	88.40	-63.56	64.74
26.889	20.02	311.0	86.32	-61.20	98.61
26.922	30.79	309.8	84.32	-57.10	134.9
26.955	40.51	308.2	82.51	-51.99	160.6
26.988	49.36	306.7	80.86	-46.54	167.2
27.022	57.07	305.3	79.41	-40.72	178.0
27.055	63.72	303.6	78.15	-34.76	207.9
27.088	69.22	302.1	77.09	-27.01	232.8
27.122	73.15	301.1	76.35	-18.90	238.3
27.155	75.78	300.2	75.83	-11.35	229.7
27.188	77.07	299.9	75.59	-3.499	257.4
27.222	77.03	300.0	75.60	5.573	251.8
27.255	75.14	300.5	75.96	13.81	238.0
27.288	72.19	301.2	76.52	20.94	211.5
27.322	67.84	302.4	77.36	28.21	226.6
27.355	62.33	303.7	78.40	35.72	209.9
27.388	55.28	305.3	79.74	42.64	197.3
27.422	47.29	307.0	81.24	48.49	156.6
27.455	38.06	308.6	82.97	53.42	141.3
27.488	28.17	309.7	84.80	57.53	120.9
27.522	17.37	310.9	86.80	61.73	106.0
27.555	5.904	311.8	88.92	64.57	65.77
27.588	-6.017	312.0	91.10	66.13	37.91
27.622	-18.11	311.9	93.32	66.98	12.60
27.655	-30.35	311.3	95.57	67.09	-1.633
27.688	-42.41	309.9	97.79	66.73	-35.62
27.722	-54.43	308.2	100.0	64.98	-81.21
27.755	-65.79	306.3	102.1	61.13	-131.3
27.788	-76.30	304.0	104.1	56.26	-142.2
27.821	-85.75	301.6	105.9	51.49	-158.6
27.855	-94.47	299.3	107.5	45.98	-190.9
27.888	-101.9	296.9	108.9	38.62	-217.0
27.921	-107.9	294.9	110.1	31.38	-223.9
27.955	-112.7	293.2	111.0	23.90	-233.8
27.988	-116.1	292.0	111.7	15.68	-256.6
28.021	-118.0	291.1	112.1	6.902	-249.2
28.055	-118.4	291.0	112.1	-1.201	-252.0
28.088	-117.6	291.2	112.0	-9.494	-242.2
28.121	-115.2	292.2	111.5	-17.76	-228.7
28.155	-111.5	293.4	110.8	-24.52	-210.2
28.188	-106.7	295.2	109.9	-31.71	-206.5
28.221	-100.6	297.2	108.7	-38.47	-207.7
28.255	-93.38	299.5	107.3	-45.29	-180.4
28.288	-84.68	301.7	105.7	-50.92	-154.8
28.321	-75.40	304.2	103.9	-55.20	-137.4
28.355	-65.12	306.4	102.0	-60.20	-125.4
28.388	-53.86	308.2	99.91	-63.75	-95.98
28.421	-42.19	310.0	97.75	-66.33	-56.51
28.455	-29.90	311.1	95.49	-67.79	-31.31
28.488	-17.61	311.8	93.23	-68.13	-4.611
28.521	-5.180	312.0	90.95	-68.26	25.23
28.554	7.155	311.8	88.69	-66.53	63.13
28.588	18.92	310.9	86.52	-63.83	92.53
28.621	30.20	309.7	84.43	-60.53	113.4
28.654	40.68	308.4	82.48	-56.19	144.5
28.688	50.24	306.4	80.69	-50.96	162.5
28.721	58.71	304.5	79.09	-45.23	191.4
28.754	66.16	302.8	77.67	-38.42	210.6
28.788	72.18	301.3	76.53	-30.94	227.8
28.821	76.96	300.0	75.61	-23.41	243.1
28.854	80.31	299.1	74.97	-14.72	250.8
28.888	82.02	298.4	74.63	-6.482	260.8
28.921	82.49	298.2	74.54	2.304	255.1
28.954	81.23	298.7	74.78	10.96	248.7
28.988	78.79	299.6	75.27	18.56	239.3
29.021	74.88	300.8	76.02	26.96	245.4
29.054	69.43	302.3	77.06	35.03	220.8
29.088	62.63	303.9	78.36	41.71	205.1
29.121	54.77	305.7	79.84	48.45	197.8
29.154	45.49	307.5	81.58	55.15	171.3
29.188	35.10	308.9	83.52	59.89	135.7
29.221	24.02	310.4	85.57	63.99	112.5
29.254	12.06	311.3	87.78	67.58	92.44
29.288	-0.423	311.8	90.08	70.05	53.88
29.321	-13.35	312.0	92.45	71.29	21.37
29.354	-26.30	311.4	94.83	71.33	-9.359
29.387	-39.22	310.3	97.20	70.71	-26.33
29.421	-51.86	308.6	99.54	69.52	-69.52
29.454	-64.25	306.6	101.8	66.35	-108.6
29.487	-75.59	304.0	104.0	61.90	-146.3
29.521	-86.23	301.5	106.0	56.87	-161.6
29.554	-95.61	298.7	107.8	50.91	-195.6
29.587	-104.0	296.1	109.4	44.06	-226.2
29.621	-110.9	293.8	110.7	35.71	-245.8
29.654	-116.4	291.9	111.7	27.57	-243.4
29.687	-120.3	290.2	112.5	19.61	-254.1
29.721	-122.9	288.9	113.0	10.68	-269.9
29.754	-124.0	288.7	113.2	1.477	-264.8
29.787	-123.5	289.0	113.1	-6.968	-250.0
29.821	-121.6	289.7	112.8	-15.11	-235.0
29.854	-118.4	291.1	112.1	-22.73	-238.9
29.887	-113.9	292.7	111.3	-30.80	-227.2
29.921	-107.8	295.0	110.1	-38.26	-213.9
29.954	-100.7	297.3	108.7	-44.72	-194.2
29.987	-92.28	300.0	107.1	-51.36	-188.4
30.021	-82.65	302.4	105.3	-57.25	-149.4
30.054	-72.01	305.0	103.3	-61.47	-127.8
30.087	-60.77	307.2	101.2	-65.41	-97.49
30.120	-48.53	309.0	98.93	-68.42	-84.20
30.154	-36.10	310.5	96.63	-70.56	-56.00
30.187	-23.00	311.4	94.22	-72.50	-24.73
30.220	-9.788	311.8	91.80	-72.15	12.46
30.254	3.178	311.8	89.42	-71.46	40.68
30.287	16.11	311.2	87.04	-69.75	79.68
30.320	28.38	309.9	84.77	-65.97	116.6
30.354	39.83	308.4	82.64	-61.90	131.8
30.387	50.47	306.3	80.64	-57.31	157.4
30.420	60.13	304.3	78.82	-51.41	190.6
30.454	68.55	302.1	77.22	-44.56	206.5
30.487	75.70	300.3	75.85	-37.58	231.1
30.520	81.56	298.4	74.71	-29.39	244.1
30.554	85.81	297.2	73.89	-20.95	260.9
30.587	88.77	296.2	73.32	-12.35	265.6
30.620	90.09	296.0	73.07	-2.990	277.4
30.654	89.85	296.1	73.12	6.032	276.7
30.687	88.06	296.8	73.47	15.45	288.0
30.720	84.58	297.9	74.15	25.23	263.6
30.754	79.40	299.5	75.15	33.30	231.7
30.787	73.03	301.1	76.37	40.29	224.3
30.820	65.31	303.1	77.84	48.33	214.4
30.854	56.11	305.3	79.59	54.87	181.9
30.887	45.94	307.2	81.50	60.14	166.8
30.920	34.69	309.0	83.59	66.03	155.7
30.953	22.28	310.5	85.90	70.73	113.0
30.987	9.202	311.4	88.31	73.46	68.93
31.020	-4.298	311.7	90.79	75.27	46.68
31.053	-18.11	311.8	93.32	76.55	21.01
31.087	-32.10	311.1	95.89	76.76	-13.24
31.120	-45.91	309.5	98.44	75.63	-60.02
31.153	-59.38	307.4	100.9	72.84	-92.65
31.187	-72.05	304.9	103.3	69.24	-126.6
31.220	-84.03	302.1	105.5	64.65	-147.8
31.253	-94.86	299.0	107.6	59.15	-188.9
31.287	-104.7	296.0	109.5	52.35	-211.2
31.320	-113.0	293.0	111.1	44.71	-244.3
31.353	-120.0	290.3	112.5	36.41	-253.1
31.387	-125.4	288.1	113.5	27.51	-269.6
31.420	-129.3	286.3	114.3	18.69	-274.6
31.453	-131.6	285.2	114.8	9.085	-285.4
31.487	-132.3	285.0	114.9	-0.351	-273.7
31.520	-131.5	285.4	114.7	-9.199	-271.1
31.553	-129.2	286.3	114.3	-18.26	-259.1
31.587	-125.3	288.0	113.5	-26.74	-249.4
31.620	-120.3	290.3	112.5	-34.61	-221.4
31.653	-113.6	292.6	111.2	-41.78	-216.2
31.686	-106.0	295.6	109.7	-48.67	-204.2
31.720	-96.80	298.4	108.0	-55.67	-200.7
31.753	-86.46	301.2	106.0	-61.88	-178.4
31.786	-74.98	304.2	103.8	-67.68	-146.4
31.820	-62.44	306.7	101.5	-71.72	-108.4
31.853	-49.34	309.1	99.07	-74.71	-71.15
31.886	-35.54	310.6	96.53	-76.63	-51.50
31.920	-21.57	311.4	93.96	-77.91	-23.95
31.953	-7.274	311.9	91.34	-78.49	7.611
31.986	6.901	311.7	88.73	-77.31	53.38
32.020	20.73	310.8	86.18	-74.94	98.32
32.053	33.94	309.3	83.74	-70.83	121.9
32.086	46.13	307.4	81.47	-66.53	149.1
32.120	57.57	304.8	79.30	-61.28	172.6
32.153	67.75	302.6	77.38	-54.68	199.7
32.186	76.78	300.3	75.66	-48.12	228.8
32.220	84.41	297.8	74.17	-39.58	262.1
32.253	90.34	295.9	73.02	-30.33	261.2
32.286	94.78	294.4	72.15	-22.23	268.3
32.320	97.88	293.2	71.54	-12.76	292.9
32.353	99.01	292.6	71.30	-2.351	299.0
32.386	98.64	292.8	71.38	7.073	291.9
32.420	96.72	293.7	71.77	16.99	294.8
32.453	92.94	295.1	72.52	26.90	295.1
32.486	87.56	296.9	73.57	36.51	273.4
32.519	80.42	299.1	74.95	45.33	237.0
32.553	71.87	301.4	76.59	52.24	215.3
32.586	62.20	303.9	78.43	59.43	203.9
32.619	51.00	306.4	80.55	66.19	175.9
32.653	38.73	308.4	82.84	71.00	151.5
32.686	25.60	310.1	85.28	76.09	128.7
32.719	11.34	311.3	87.91	79.98	80.51
32.753	-3.317	311.8	90.61	81.27	33.00
32.786	-18.13	311.7	93.33	82.07	16.23
32.819	-33.11	310.9	96.08	82.45	-14.70
32.853	-48.00	309.3	98.82	81.18	-61.70
32.886	-62.35	306.8	101.5	78.26	-101.5
32.919	-76.02	304.1	104.0	74.40	-125.0
32.953	-88.79	300.8	106.4	69.89	-166.3
32.986	-100.6	297.2	108.7	63.51	-203.4
33.019	-110.9	293.8	110.7	56.03	-231.3
33.053	-119.9	290.4	112.4	48.30	-258.8
33.086	-127.2	287.2	113.9	38.80	-278.8
33.119	-132.8	284.6	115.0	29.42	-289.1
33.153	-137.1	282.9	115.9	19.87	-282.2
33.186	-139.4	281.6	116.3	10.27	-282.0
33.219	-140.5	281.3	116.5	1.325	-287.4
33.252	-139.9	281.6	116.4	-8.858	-290.1
33.286	-137.5	282.6	116.0	-18.31	-268.7
33.319	-133.9	284.4	115.2	-26.53	-258.9
33.352	-128.7	286.5	114.2	-35.51	-262.5
33.386	-121.9	289.5	112.8	-44.22	-252.6
33.419	-113.7	292.5	111.2	-52.22	-230.3
33.452	-104.0	296.0	109.4	-59.68	-209.0
33.486	-93.08	299.6	107.3	-66.10	-179.8
33.519	-80.87	302.7	105.0	-71.66	-140.3
33.552	-67.72	305.9	102.5	-75.56	-118.8
33.586	-53.95	308.4	99.92	-79.27	-96.00
33.619	-39.19	310.2	97.20	-82.33	-67.32
33.652	-24.15	311.4	94.43	-83.54	-24.26
33.686	-8.893	311.8	91.63	-84.01	15.74
33.719	6.327	311.6	88.84	-82.61	55.38
33.752	21.02	310.6	86.13	-80.09	85.01
33.786	35.22	309.1	83.50	-77.06	114.1
33.819	48.66	307.0	80.99	-72.52	156.5
33.852	60.99	304.3	78.67	-66.61	184.4
33.886	72.05	301.4	76.56	-60.15	216.1
33.919	81.93	298.6	74.66	-52.39	235.7
33.952	90.16	296.1	73.06	-44.14	260.6
33.986	97.00	293.6	71.72	-35.34	292.6
34.019	102.1	291.8	70.71	-24.54	303.1
34.052	105.2	290.5	70.08	-14.80	294.9
34.085	107.0	289.6	69.72	-5.335	311.2
34.119	107.0	289.8	69.73	6.069	326.3
34.152	105.0	290.5	70.13	16.67	311.3
34.185	101.4	291.7	70.84	26.54	298.0
34.219	96.08	293.9	71.90	36.65	283.4
34.252	89.04	296.4	73.28	45.52	262.4
34.285	80.49	298.9	74.93	53.94	250.5
34.319	70.37	301.8	76.87	62.34	228.1
34.352	58.77	304.7	79.08	69.21	194.0
34.385	46.02	307.4	81.49	75.12	159.4
34.419	32.03	309.4	84.09	80.01	135.2
34.452	17.28	310.9	86.82	83.95	91.32
34.485	1.721	311.8	89.68	86.34	62.67
34.519	-14.02	312.0	92.57	87.79	23.63
34.552	-30.15	311.2	95.53	88.28	-11.35
34.585	-46.02	309.6	98.45	86.81	-55.67
34.619	-61.44	307.0	101.3	84.61	-96.58
34.652	-76.32	304.0	104.1	80.51	-138.7
34.685	-90.05	300.4	106.7	75.14	-171.6
34.719	-102.7	296.5	109.1	69.19	-202.2
34.752	-114.0	292.4	111.3	61.70	-249.5
34.785	-123.8	288.6	113.2	52.57	-271.6
34.818	-131.7	285.2	114.8	43.37	-281.3
34.852	-138.2	282.1	116.1	34.05	-285.9
34.885	-143.0	279.8	117.1	24.14	-295.2
34.918	-146.2	278.4	117.7	14.44	-288.9
34.952	-147.7	277.4	118.0	4.848	-306.6
34.985	-147.7	277.4	118.0	-5.786	-312.8
35.018	-145.8	278.4	117.6	-16.36	-296.3
35.052	-142.4	280.1	116.9	-25.38	-268.0
35.085	-137.4	282.4	116.0	-34.19	-278.3
35.118	-131.1	285.4	114.7	-43.82	-270.9
35.152	-122.8	288.9	113.0	-52.58	-254.7
35.185	-113.3	292.8	111.2	-60.45	-216.0
35.218	-102.2	296.9	109.0	-67.34	-184.4
35.252	-90.03	300.6	106.7	-72.49	-155.4
35.285	-76.77	304.0	104.2	-77.68	-132.2
35.318	-62.44	307.0	101.5	-81.51	-112.1
35.352	-47.58	309.5	98.74	-84.83	-86.35
35.385	-31.81	310.8	95.84	-87.61	-46.95
35.418	-15.81	311.8	92.90	-87.89	-1.724
35.452	7.261E-2	312.0	89.99	-87.52	33.65
35.485	15.92	311.2	87.07	-85.94	66.34
35.518	31.12	309.6	84.26	-82.85	112.1
35.552	45.64	307.2	81.55	-78.64	154.9
35.585	59.11	304.7	79.02	-72.46	191.5
35.618	71.21	301.7	76.72	-65.75	211.4
35.651	82.05	298.6	74.64	-58.52	238.6
35.685	91.42	295.7	72.82	-49.84	267.0
35.718	99.07	293.0	71.32	-40.61	279.1
35.751	105.1	290.5	70.12	-31.30	306.7
35.785	109.5	288.6	69.23	-20.34	333.6
35.818	111.8	287.8	68.76	-8.750	337.1
35.851	112.4	287.5	68.65	2.008	323.1
35.885	111.1	287.9	68.89	12.77	317.4
35.918	108.1	289.2	69.50	23.21	312.6
35.951	103.4	291.0	70.44	33.52	299.2
35.985	96.89	293.5	71.73	43.29	278.4
36.018	88.77	296.3	73.32	52.01	270.4
36.051	79.11	299.4	75.20	61.16	260.4
36.085	67.61	302.5	77.40	69.65	217.7
36.118	54.75	305.5	79.84	75.63	169.3
36.151	40.91	308.2	82.44	80.73	144.3
36.185	25.94	310.2	85.22	85.40	119.6
36.218	10.17	311.7	88.13	88.70	84.22
36.251	-6.162	312.3	91.13	90.96	41.43
36.285	-22.87	311.9	94.19	91.57	0.590
36.318	-39.44	310.8	97.23	90.85	-53.08
36.351	-55.81	308.8	100.2	88.28	-91.43
36.384	-71.27	305.9	103.1	84.43	-125.8
36.418	-85.97	302.4	105.9	80.09	-162.2
36.451	-99.52	298.2	108.5	73.66	-204.7
36.484	-111.6	294.1	110.8	66.27	-240.7
36.518	-122.4	290.1	112.9	57.82	-268.3
36.551	-131.3	286.4	114.6	48.19	-276.6
36.584	-138.5	282.9	116.1	39.31	-280.9
36.618	-144.3	280.2	117.3	29.76	-305.5
36.651	-148.3	278.1	118.1	18.78	-316.2
36.684	-150.5	277.1	118.5	8.554	-317.9
36.718	-151.2	276.9	118.6	-2.094	-314.5
36.751	-149.9	277.6	118.4	-12.77	-305.1
36.784	-147.1	279.3	117.8	-22.24	-281.8
36.818	-142.7	281.5	116.9	-31.58	-285.2
36.851	-136.7	284.4	115.7	-41.16	-285.7
36.884	-129.0	287.9	114.1	-50.75	-282.7
36.918	-119.8	292.1	112.3	-59.92	-232.4
36.951	-108.7	296.4	110.1	-66.59	-183.1
36.984	-96.67	300.0	107.9	-71.64	-145.6
37.018	-83.55	303.9	105.4	-76.58	-154.7
37.051	-69.57	307.3	102.8	-81.63	-149.1
37.084	-54.30	310.1	99.93	-86.81	-109.9
37.118	-38.17	312.2	96.97	-89.09	-50.40
37.151	-21.90	313.4	94.00	-89.86	-5.730
37.184	-5.388	313.7	90.98	-89.70	19.79
37.217	10.84	313.4	88.02	-88.33	52.17
37.251	26.77	312.1	85.10	-86.33	96.94
37.284	42.11	310.0	82.26	-82.02	157.1
37.317	56.22	307.3	79.63	-75.70	179.3
37.351	68.96	304.0	77.22	-69.88	194.1
37.384	80.75	300.8	74.97	-63.14	221.9
37.417	90.89	297.5	73.01	-54.81	271.9
37.451	99.51	294.4	71.32	-45.27	294.9
37.484	106.2	291.7	70.00	-34.88	317.4
37.517	111.2	289.7	69.00	-24.32	318.2
37.551	114.3	288.4	68.38	-13.50	327.0
37.584	115.7	287.7	68.10	-2.670	335.7
37.617	115.2	288.1	68.20	8.913	335.2
37.651	112.8	289.2	68.69	19.84	320.3
37.684	108.7	291.0	69.52	30.09	309.3
37.717	102.8	293.4	70.70	40.50	316.0
37.751	94.96	296.1	72.22	51.09	300.3
37.784	85.24	299.3	74.10	60.72	255.5
37.817	73.94	302.5	76.27	68.10	213.1
37.851	61.42	305.7	78.64	74.74	196.1
37.884	47.53	308.7	81.25	81.26	168.3
37.917	32.39	311.1	84.06	86.07	128.8
37.950	16.48	312.6	86.98	89.66	83.91
37.984	-0.166	313.7	90.03	91.89	53.56
38.017	-17.02	313.7	93.11	92.97	15.12
38.050	-34.10	312.5	96.23	93.10	-24.19
38.084	-50.89	310.4	99.31	91.29	-84.12
38.117	-67.10	307.5	102.3	87.58	-131.6
38.150	-82.31	304.1	105.1	82.38	-168.4
38.184	-96.36	300.1	107.8	76.38	-175.7
38.217	-109.1	295.9	110.2	70.52	-207.1
38.250	-120.8	291.6	112.5	63.01	-257.3
38.284	-130.5	287.2	114.4	53.06	-297.0
38.317	-138.6	283.6	116.0	43.17	-290.2
38.350	-144.9	280.6	117.3	33.72	-290.2
38.384	-149.7	278.2	118.3	23.95	-318.6
38.417	-152.7	276.5	118.9	12.56	-334.1
38.450	-153.7	275.9	119.1	1.357	-329.6
38.484	-153.1	276.3	119.0	-9.152	-310.2
38.517	-150.7	277.5	118.5	-19.50	-306.7
38.550	-146.8	279.6	117.7	-29.45	-296.6
38.584	-141.0	282.3	116.5	-39.35	-280.6
38.617	-133.7	285.8	115.1	-48.19	-263.6
38.650	-125.0	289.7	113.3	-56.76	-238.8
38.684	-114.6	294.0	111.3	-64.37	-222.5
38.717	-102.9	298.2	109.0	-71.27	-205.6
38.750	-89.71	302.0	106.5	-78.25	-181.2
38.783	-75.31	305.9	103.8	-83.44	-129.0
38.817	-59.95	308.9	101.0	-86.79	-89.44
38.850	-44.01	311.3	98.05	-89.32	-56.61
38.883	-27.53	312.7	95.03	-90.67	-35.89
38.917	-10.97	313.4	92.00	-91.50	4.217
38.950	5.827	313.1	88.93	-90.77	40.99
38.983	22.06	312.0	85.96	-88.41	88.38
39.017	37.84	310.0	83.04	-85.12	128.6
39.050	52.64	307.4	80.28	-79.76	177.1
39.083	66.20	304.3	77.73	-73.29	210.7
39.117	78.40	301.0	75.40	-65.75	223.2
39.150	89.02	297.6	73.35	-58.21	255.4
39.183	98.32	294.2	71.52	-49.15	272.8
39.217	105.7	291.4	70.07	-39.50	318.6
39.250	111.6	288.9	68.89	-28.56	331.4
39.283	115.1	287.3	68.17	-16.71	344.2
39.317	117.0	286.4	67.77	-6.024	330.1
39.350	117.1	286.4	67.77	5.415	341.5
39.383	115.2	287.1	68.14	16.73	333.4
39.417	111.7	289.1	68.88	27.67	323.1
39.450	106.1	291.3	69.98	38.22	305.5
39.483	98.83	294.1	71.43	48.10	291.5
39.516	89.85	297.3	73.18	57.54	271.8
39.550	79.13	300.8	75.26	66.35	248.7
39.583	66.84	304.2	77.61	74.05	209.5
39.616	53.10	307.3	80.20	80.41	175.9
39.650	38.24	309.9	82.96	85.64	141.9
39.683	22.35	312.0	85.90	89.94	97.86
39.716	5.694	313.1	88.96	92.22	61.57
39.750	-11.21	313.3	92.05	93.81	36.19
39.783	-28.49	312.5	95.21	94.87	-8.355
39.816	-45.70	310.6	98.37	93.31	-75.23
39.850	-62.31	308.3	101.4	89.69	-114.2
39.883	-77.99	304.9	104.3	85.63	-144.2
39.916	-92.77	300.9	107.1	80.29	-182.3
39.950	-106.2	296.7	109.7	73.32	-221.1
39.983	-118.3	292.4	112.0	65.58	-242.3
40.016	-128.6	287.8	114.1	57.15	-259.7
40.050	-137.4	283.9	115.8	48.28	-287.8
40.083	-144.7	280.4	117.3	38.08	-322.8
40.116	-149.9	277.6	118.4	26.64	-333.8
40.150	-153.3	275.9	119.1	15.72	-321.9
40.183	-155.0	274.9	119.4	5.312	-329.3
40.216	-155.0	274.9	119.4	-6.130	-330.2
40.250	-153.0	276.0	119.0	-17.01	-316.1
40.283	-149.5	277.8	118.3	-26.93	-290.8
40.316	-144.3	280.7	117.2	-36.56	-280.8
40.349	-137.6	284.0	115.8	-45.52	-267.7
40.383	-129.2	287.8	114.2	-54.42	-255.3
40.416	-119.3	292.0	112.2	-62.60	-231.7
40.449	-107.8	296.1	110.0	-69.84	-206.2
40.483	-95.04	300.2	107.6	-76.33	-177.1
40.516	-81.02	304.1	104.9	-81.69	-149.0
40.549	-66.04	307.5	102.1	-86.17	-118.1
40.583	-50.09	310.1	99.18	-89.68	-81.71
40.616	-33.58	311.9	96.14	-91.60	-34.18
40.649	-16.80	313.0	93.07	-91.97	-4.463
40.683	-8.296E-2	313.1	90.02	-91.75	35.81
40.716	16.59	312.1	86.96	-89.89	77.37
40.749	32.50	310.5	84.03	-86.30	117.4
40.783	47.66	308.1	81.21	-82.17	148.7
40.816	61.81	305.2	78.55	-76.43	193.3
40.849	74.64	301.9	76.11	-69.24	223.6
40.883	85.94	298.4	73.94	-61.47	254.7
40.916	95.78	295.1	72.02	-52.42	287.0
40.949	103.8	292.1	70.44	-42.17	312.6
40.983	110.0	289.6	69.21	-31.64	326.8
41.016	114.3	287.8	68.33	-20.41	347.0
41.049	116.7	286.7	67.85	-8.491	341.2
41.082	117.1	286.6	67.77	2.538	332.8
41.116	115.8	286.9	68.02	13.38	339.4
41.149	112.6	288.2	68.66	25.28	333.4
41.182	107.4	290.3	69.70	35.82	309.6
41.216	100.6	293.0	71.05	45.61	282.8
41.249	92.02	296.2	72.74	54.93	275.0
41.282	81.88	299.5	74.71	63.68	252.3
41.316	69.97	302.7	76.98	71.98	225.0
41.349	56.71	306.1	79.50	78.62	185.6
41.382	42.18	308.8	82.22	84.32	162.9
41.416	26.53	310.8	85.12	89.46	110.8
41.449	9.903	312.3	88.18	91.99	64.95
41.482	-6.837	312.8	91.25	93.29	29.65
41.516	-24.03	312.3	94.40	94.33	4.074
41.549	-41.13	310.8	97.54	93.43	-50.57
41.582	-57.86	308.4	100.6	91.00	-92.50
41.616	-73.85	305.2	103.6	87.19	-136.7
41.649	-88.91	301.4	106.4	81.98	-183.7
41.682	-102.7	297.1	109.1	74.94	-227.1
41.716	-115.0	292.9	111.4	66.77	-235.7
41.749	-125.6	288.6	113.5	59.07	-256.4
41.782	-134.9	284.6	115.4	50.09	-279.1
41.816	-142.2	280.9	116.9	40.05	-301.7
41.849	-148.0	277.8	118.0	30.23	-307.6
41.882	-152.0	275.6	118.9	19.46	-336.0
41.915	-154.2	274.4	119.3	7.900	-337.2
41.949	-154.4	274.2	119.4	-3.241	-321.4
41.982	-153.2	275.0	119.1	-13.37	-313.9
42.015	-150.1	276.5	118.5	-24.08	-304.7
42.049	-145.3	278.9	117.5	-33.95	-292.0
42.082	-139.0	282.0	116.2	-43.22	-271.0
42.115	-131.0	285.7	114.6	-52.28	-256.3
42.149	-121.5	289.7	112.8	-60.18	-234.9
42.182	-110.6	294.0	110.6	-67.91	-217.2
42.215	-98.17	298.0	108.2	-74.77	-187.1
42.249	-84.52	301.9	105.6	-80.32	-154.2
42.282	-69.81	305.3	102.9	-85.02	-127.7
42.315	-54.17	308.0	99.97	-88.84	-96.60
42.349	-37.85	310.1	96.96	-91.50	-58.08
42.382	-21.09	311.1	93.88	-92.74	-5.087
42.415	-4.237	311.3	90.78	-91.90	33.55
42.449	12.19	310.5	87.75	-90.23	69.38
42.482	28.31	309.1	84.77	-87.57	108.9
42.515	43.59	306.9	81.92	-82.86	144.4
42.549	57.77	304.1	79.24	-77.82	168.5
42.582	70.95	300.9	76.73	-71.83	211.0
42.615	82.75	297.5	74.46	-63.73	252.1
42.648	92.79	294.0	72.49	-54.88	290.5
42.682	101.3	290.9	70.80	-44.61	295.1
42.715	107.8	288.4	69.51	-34.70	309.5
42.748	112.8	286.2	68.49	-24.58	333.8
42.782	115.8	284.9	67.87	-12.17	362.0
42.815	116.8	284.4	67.68	-0.336	355.6
42.848	115.9	284.8	67.85	11.35	353.6
42.882	113.1	286.1	68.43	23.34	330.8
42.915	108.2	288.0	69.41	33.58	299.2
42.948	101.9	290.6	70.67	42.98	289.3
42.982	93.92	293.8	72.27	52.96	282.8
43.015	84.06	297.1	74.20	61.94	253.2
43.048	72.73	300.6	76.40	69.74	230.3
43.082	59.90	303.8	78.85	77.25	208.1
43.115	45.55	306.5	81.55	83.73	177.2
43.148	30.14	308.9	84.43	88.94	117.6
43.182	13.70	310.5	87.47	91.83	78.58
43.215	-2.969	311.1	90.55	93.75	35.20
43.248	-20.22	310.9	93.72	94.62	2.825
43.282	-37.24	309.8	96.85	93.59	-50.06
43.315	-54.03	307.8	99.96	91.51	-75.77
43.348	-70.11	304.9	103.0	88.35	-117.7
43.382	-85.47	301.2	105.8	83.89	-165.2
43.415	-99.62	297.0	108.5	77.22	-206.6
43.448	-112.3	292.7	111.0	70.00	-230.8
43.481	-123.6	288.2	113.2	62.02	-255.6
43.515	-133.1	283.9	115.1	52.85	-286.3
43.548	-141.1	280.2	116.7	42.97	-294.4
43.581	-147.2	277.0	118.0	33.10	-308.6
43.615	-151.8	274.6	118.9	22.64	-329.1
43.648	-154.4	272.9	119.5	11.02	-348.3
43.681	-155.2	272.5	119.7	-0.593	-326.6
43.715	-154.1	272.9	119.5	-10.91	-305.6
43.748	-151.7	274.3	118.9	-20.69	-298.3
43.781	-147.5	276.4	118.1	-30.91	-306.5
43.815	-141.7	279.4	116.9	-41.06	-290.3
43.848	-134.0	283.0	115.3	-50.42	-277.8
43.881	-124.9	286.9	113.5	-59.36	-245.3
43.915	-114.1	291.3	111.4	-67.09	-218.5
43.948	-102.0	295.4	109.1	-73.59	-183.8
43.981	-88.54	299.2	106.5	-79.55	-170.9
44.015	-74.11	302.8	103.8	-84.79	-133.9
44.048	-58.53	305.9	100.8	-88.76	-85.80
44.081	-42.40	308.1	97.84	-90.37	-58.01
44.115	-26.04	309.4	94.81	-92.35	-33.98
44.148	-9.096	309.8	91.68	-93.14	13.95
44.181	7.540	309.4	88.60	-91.16	70.57
44.214	23.66	308.0	85.61	-88.41	98.50
44.248	39.14	306.1	82.71	-84.64	129.0
44.281	53.73	303.7	79.97	-79.78	177.1
44.314	67.17	300.4	77.40	-73.01	
44.348	79.01	297.0	75.10		
