	mass A					
t	x	y	θ	ω	α	
2.732	-280.8	-115.9	-157.6		
2.765	-282.8	-110.5	-158.7	-52.23	
2.799	-287.1	-98.55	-161.1	-93.17	-1.197E3
2.832	-292.6	-79.16	-164.9	-132.5	-1.258E3
2.865	-297.5	-53.07	-169.9	-175.7	-1.143E3
2.899	-302.0	-18.11	-176.6	-211.5	-969.3
2.932	-301.5	21.00	-184.0	-237.7	-845.4
2.965	-294.9	64.89	-192.4	-268.5	-773.7
2.999	-280.2	112.5	-201.9	-290.6	-596.1
3.032	-256.9	159.1	-211.8	-306.5	-584.5
3.065	-223.6	203.4	-222.3	-329.3	-580.4
3.099	-178.9	243.8	-233.7	-347.2	-332.3
3.132	-126.0	275.6	-245.4	-350.9	-175.0
3.165	-67.86	296.4	-257.1	-357.0	-74.51
3.199	-4.118	304.8	-269.2	-358.5	49.28
3.232	58.37	300.4	-281.0	-351.6	210.4
3.265	118.2	283.2	-292.7	-345.5	172.6
3.299	172.3	255.3	-304.0	-339.3	380.9
3.332	219.3	217.3	-315.3	-322.4	563.1
3.365	255.1	175.3	-325.5	-298.8	724.7
3.399	281.5	130.2	-335.2	-276.0	725.3
3.432	298.8	86.33	-343.9	-249.3	868.6
3.465	308.0	44.44	-351.8	-219.3	992.4
3.499	311.4	8.159	-358.5	-182.5	1.107E3
3.532	311.1	-21.47	-363.9	-145.3	1.081E3
3.565	309.1	-44.43	-368.2	-110.3	1.135E3
3.598	304.6	-60.85	-371.3	-70.73	1.238E3
3.632	302.7	-69.29	-372.9	-26.68	1.288E3
3.665	302.5	-70.28	-373.1	14.97	1.218E3
3.698	303.9	-64.01	-371.9	54.58	1.185E3
3.732	306.1	-50.91	-369.4	93.63	1.151E3
3.765	308.8	-30.58	-365.7	131.6	1.130E3
3.798	309.8	-3.619	-360.7	168.6	1.151E3
3.832	307.9	30.06	-354.4	208.2	1.028E3
3.865	303.5	71.20	-346.8	238.9	861.1
3.898	289.7	114.1	-338.5	263.4	764.3
3.932	267.1	158.9	-329.2	290.7	798.1
3.965	234.6	203.0	-319.1	316.3	654.5
3.998	191.2	243.3	-308.2	335.2	507.6
4.032	138.9	275.2	-296.8	349.0	388.0
4.065	79.07	296.9	-284.9	361.7	204.9
4.098	14.36	305.8	-272.7	363.5	-45.52
4.132	-49.48	301.7	-260.7	357.3	-214.5
4.165	-109.8	284.3	-248.9	349.5	-358.6
4.198	-164.0	256.3	-237.4	334.0	-396.5
4.232	-208.4	220.5	-226.6	321.2	-373.7
4.265	-245.1	178.0	-216.0	311.1	-471.3
4.298	-272.0	132.0	-205.9	289.8	-722.3
4.331	-289.6	86.78	-196.7	262.2	-876.8
4.365	-299.0	44.23	-188.4	231.6	-974.2
4.398	-302.2	6.590	-181.2	197.1	-1.045E3
4.431	-301.6	-24.91	-175.3	161.7	-1.088E3
4.465	-298.3	-50.07	-170.5	124.9	-1.143E3
4.498	-294.9	-68.34	-167.0	85.42	-1.166E3
4.531	-291.8	-79.40	-164.8	46.82	-1.154E3
4.565	-290.8	-84.30	-163.8	8.932	-1.160E3
4.598	-291.5	-82.57	-164.2	-30.57	-1.197E3
4.631	-293.4	-73.85	-165.9	-70.88	-1.184E3
4.665	-296.8	-58.18	-168.9	-109.8	-1.118E3
4.698	-300.3	-35.88	-173.2	-145.4	-1.061E3
4.731	-301.9	-7.390	-178.6	-180.1	-995.9
4.765	-300.6	27.31	-185.2	-212.4	-976.9
4.798	-294.2	66.57	-192.7	-244.4	-862.4
4.831	-280.7	110.4	-201.5	-271.4	-721.3
4.865	-259.4	154.8	-210.8	-291.1	-588.5
4.898	-228.5	197.8	-220.9	-310.9	-455.3
4.931	-188.8	237.7	-231.5	-322.4	-302.6
4.965	-141.1	269.4	-242.4	-329.5	-202.5
4.998	-86.66	292.7	-253.5	-336.7	37.52
5.031	-27.74	304.8	-264.8	-328.5	97.74
5.065	29.17	308.8	-275.4	-325.8	57.49
5.098	88.36	298.1	-286.5	-329.0	66.36
5.131	143.0	276.9	-297.3	-319.6	308.0
5.164	191.6	246.9	-307.8	-308.7	409.4
5.198	232.2	210.0	-317.9	-292.7	589.9
5.231	263.5	169.1	-327.3	-269.4	740.7
5.264	285.5	128.1	-335.8	-242.7	803.8
5.298	299.8	88.90	-343.5	-215.9	849.0
5.331	307.8	53.02	-350.2	-186.4	940.5
5.364	311.3	22.27	-355.9	-153.1	1.025E3
5.398	311.0	-2.345	-360.4	-118.0	1.077E3
5.431	309.8	-20.41	-363.8	-81.44	963.5
5.464	308.5	-31.65	-365.9	-52.43	1.053E3
5.498	304.7	-38.83	-367.3	-14.87	1.233E3
5.531	304.6	-36.58	-366.8	33.10	1.324E3
5.564	306.4	-27.11	-365.1	72.71	1.171E3
5.598	307.7	-10.77	-362.0	110.9	1.101E3
5.631	308.3	12.55	-357.7	146.6	1.029E3
5.664	306.3	41.75	-352.2	179.1	985.3
5.698	300.2	76.33	-345.7	212.0	944.4
5.731	287.8	115.6	-338.1	242.6	843.2
5.764	267.6	157.2	-329.6	268.1	725.7
5.798	238.5	198.4	-320.2	290.8	616.4
5.831	200.6	237.5	-310.2	309.5	474.9
5.864	153.7	270.4	-299.6	322.4	360.2
5.897	99.77	294.6	-288.7	333.1	273.4
5.931	40.18	308.2	-277.4	341.0	125.9
5.964	-21.77	309.9	-266.0	341.6	-62.91
5.997	-82.05	299.2	-254.7	336.5	-463.3
6.031	-138.0	277.4	-243.6	313.0	-343.9
6.064	-182.6	249.6	-233.8	306.3	-289.0
6.097	-225.2	211.1	-223.1	302.9	-380.2
6.131	-256.5	170.5	-213.6	275.7	-712.7
6.164	-279.3	128.9	-204.8	256.2	-687.2
6.197	-294.4	87.48	-196.5	231.0	-825.4
6.231	-302.6	50.02	-189.4	200.0	-943.8
6.264	-305.9	17.20	-183.2	168.5	-1.002E3
6.297	-306.2	-9.851	-178.2	133.3	-1.069E3
6.331	-304.5	-30.21	-174.3	96.86	-1.103E3
6.364	-302.5	-44.12	-171.7	60.07	-1.111E3
6.397	-301.3	-51.33	-170.3	22.64	-1.095E3
6.431	-301.3	-52.08	-170.2	-13.00	-1.072E3
6.464	-302.4	-46.83	-171.2	-48.45	-1.065E3
6.497	-304.1	-35.06	-173.4	-84.23	-1.064E3
6.531	-305.6	-17.03	-176.8	-119.3	-1.061E3
6.564	-306.0	7.310	-181.4	-154.9	-968.6
6.597	-304.2	38.06	-187.1	-184.8	-858.3
6.631	-298.0	72.53	-193.7	-210.8	-834.8
6.664	-286.4	111.0	-201.2	-240.6	-752.9
6.697	-267.4	152.6	-209.7	-262.5	-554.2
6.730	-240.8	192.7	-218.7	-276.1	-232.3
6.764	-206.4	230.1	-228.1	-279.6	-314.6
6.797	-167.1	260.4	-237.3	-292.6	-420.4
6.830	-117.9	286.2	-247.6	-312.5	-409.5
6.864	-63.83	303.7	-258.1	-318.1	-126.3
6.897	-6.463	310.5	-268.8	-321.1	34.72
6.930	51.46	306.8	-279.5	-316.4	185.9
6.964	105.9	292.7	-289.9	-307.6	270.6
6.997	155.7	269.5	-300.0	-298.8	302.6
7.030	199.0	238.8	-309.8	-287.3	455.6
7.064	235.1	203.2	-319.2	-269.1	572.2
7.097	262.7	165.8	-327.7	-248.0	683.8
7.130	282.7	127.7	-335.7	-224.6	760.1
7.164	295.6	92.06	-342.7	-196.6	891.5
7.197	303.4	60.13	-348.8	-165.7	954.4
7.230	306.6	33.60	-353.7	-132.5	1.015E3
7.264	307.4	12.80	-357.6	-98.37	1.086E3
7.297	307.4	-1.607	-360.3	-60.21	1.126E3
7.330	307.5	-8.739	-361.6	-22.52	1.091E3
7.364	307.5	-9.667	-361.8	12.07	1.069E3
7.397	307.2	-4.418	-360.8	48.43	1.089E3
7.430	307.6	7.660	-358.6	85.13	1.073E3
7.463	307.4	26.08	-355.2	119.8	1.040E3
7.497	304.5	50.46	-350.6	154.3	994.1
7.530	298.5	80.71	-344.9	186.5	915.4
7.563	287.4	115.2	-338.2	215.0	808.5
7.597	270.2	152.7	-330.5	240.5	715.5
7.630	245.0	190.5	-322.1	262.6	625.3
7.663	211.9	226.9	-313.0	282.2	516.2
7.697	170.7	259.6	-303.3	297.3	402.4
7.730	122.5	285.5	-293.2	308.6	307.2
7.763	68.64	303.0	-282.8	318.0	164.3
7.797	11.05	310.6	-272.0	320.2	-0.979
7.830	-46.27	307.0	-261.4	317.0	-143.8
7.863	-101.3	292.8	-250.9	311.0	-413.8
7.897	-151.4	269.8	-240.7	290.6	-407.7
7.930	-192.4	242.3	-231.5	279.4	-335.5
7.963	-229.2	207.0	-222.1	273.4	-385.6
7.997	-257.4	169.3	-213.3	251.5	-694.6
8.030	-278.1	131.6	-205.3	227.2	-786.7
8.063	-291.9	95.89	-198.2	199.2	-830.4
8.097	-300.1	64.07	-192.1	171.3	-865.1
8.130	-304.6	36.15	-186.8	142.3	-941.1
8.163	-306.3	13.74	-182.6	108.3	-1.042E3
8.197	-306.7	-2.409	-179.6	72.68	-1.075E3
8.230	-306.7	-12.18	-177.7	36.67	-1.049E3
8.263	-306.4	-15.49	-177.1	2.486	-1.007E3
8.296	-306.7	-13.07	-177.6	-30.12	-1.006E3
8.330	-306.7	-4.743	-179.1	-64.45	-995.8
8.363	-306.8	9.938	-181.9	-97.11	-955.7
8.396	-305.4	29.86	-185.6	-127.6	-902.6
8.430	-302.1	55.22	-190.4	-157.5	-879.8
8.463	-295.3	85.16	-196.1	-186.1	-803.3
8.496	-283.7	119.0	-202.8	-211.5	-736.4
8.530	-266.4	154.9	-210.2	-234.6	-557.3
8.563	-241.4	191.3	-218.4	-249.9	-491.3
8.596	-211.3	225.3	-226.8	-265.0	-241.0
8.630	-173.1	257.1	-236.0	-269.8	-301.5
8.663	-132.0	280.6	-244.8	-279.1	-319.4
8.696	-82.17	299.3	-254.6	-296.5	-279.3
8.730	-29.44	309.6	-264.6	-296.0	14.76
8.763	23.75	310.5	-274.4	-294.8	77.93
8.796	76.49	302.0	-284.2	-291.7	166.3
8.830	125.8	285.1	-293.8	-283.3	301.0
8.863	170.2	261.1	-303.1	-271.8	401.1
8.896	208.0	231.7	-311.9	-256.6	486.5
8.930	238.8	199.1	-320.2	-239.2	571.2
8.963	262.7	165.0	-327.9	-218.7	699.4
8.996	280.6	132.2	-334.8	-192.7	790.9
9.029	292.1	102.3	-340.7	-165.3	882.6
9.063	299.8	75.94	-345.8	-134.9	955.4
9.096	303.9	55.29	-349.7	-100.7	986.1
9.129	306.3	40.33	-352.5	-69.17	959.2
9.163	306.6	30.62	-354.3	-37.21	1.008E3
9.196	307.5	27.02	-355.0	-2.023	1.027E3
9.229	307.4	29.96	-354.4	31.89	1.006E3
9.263	305.9	38.36	-352.9	64.35	987.8
9.296	304.3	52.88	-350.1	97.98	971.4
9.329	300.4	73.08	-346.3	129.3	907.4
9.363	293.4	98.04	-341.5	158.2	872.1
9.396	282.5	127.1	-335.8	187.3	830.6
9.429	265.8	159.4	-329.0	214.1	736.4
9.463	242.8	193.0	-321.5	236.2	586.3
9.496	213.2	226.2	-313.3	253.3	510.7
9.529	176.7	255.8	-304.6	269.5	426.7
9.563	133.1	280.9	-295.3	282.8	343.4
9.596	84.51	298.9	-285.8	291.6	192.2
9.629	32.05	309.2	-275.9	296.3	91.22
9.663	-21.42	309.6	-266.0	296.9	-63.80
9.696	-74.35	301.1	-256.1	292.9	-202.1
9.729	-123.4	284.2	-246.5	282.9	-501.2
9.763	-167.3	260.4	-237.3	260.9	-425.6
9.796	-202.4	234.0	-229.1	249.8	-354.6
9.829	-234.4	201.1	-220.6	243.0	-419.3
9.862	-258.3	167.4	-212.9	219.2	-688.3
9.896	-276.7	135.1	-206.0	197.1	-723.4
9.929	-289.0	104.1	-199.8	171.8	-800.4
9.962	-297.3	77.36	-194.6	143.0	-901.8
9.996	-302.1	54.82	-190.3	112.2	-960.6
10.029	-304.7	38.00	-187.1	78.60	-961.4
10.062	-305.7	27.00	-185.0	47.73	-933.4
10.096	-306.1	21.01	-183.9	17.09	-953.3
10.129	-306.1	20.91	-183.9	-16.10	-955.3
10.162	-305.6	26.74	-185.0	-46.95	-924.2
10.196	-304.3	37.56	-187.0	-77.07	-886.7
10.229	-302.4	54.06	-190.1	-106.6	-880.8
10.262	-297.9	75.07	-194.1	-135.2	-796.3
10.296	-290.5	100.9	-199.1	-160.6	-768.5
10.329	-279.2	129.2	-204.8	-185.2	-682.5
10.362	-262.7	160.9	-211.5	-207.5	-594.5
10.396	-240.7	192.6	-218.7	-223.9	-538.5
10.429	-213.1	223.8	-226.4	-243.1	-380.2
10.462	-177.9	252.8	-234.9	-251.5	-248.5
10.496	-139.8	276.3	-243.2	-256.3	-190.4
10.529	-96.05	294.8	-252.0	-266.3	-242.8
10.562	-49.12	306.9	-260.9	-271.8	-98.78
10.595	0.340	310.9	-270.1	-273.5	1.535
10.629	49.33	306.8	-279.1	-271.0	103.9
10.662	96.66	295.3	-288.1	-266.9	193.5
10.695	140.8	277.4	-296.9	-258.3	335.0
10.729	179.8	253.6	-305.3	-244.6	445.9
10.762	212.8	226.5	-313.2	-228.2	531.1
10.795	239.7	197.3	-320.5	-209.5	581.3
10.829	260.5	168.1	-327.2	-189.1	685.3
10.862	276.6	140.1	-333.1	-164.5	793.7
10.895	287.7	115.4	-338.1	-135.5	869.0
10.929	294.7	94.81	-342.2	-106.6	887.3
10.962	299.2	78.82	-345.2	-76.59	911.8
10.995	301.5	68.11	-347.3	-45.60	928.4
11.029	302.9	62.84	-348.3	-14.81	924.4
11.062	302.9	62.96	-348.3	16.07	916.7
11.095	301.2	68.38	-347.2	46.32	906.7
11.129	299.1	79.18	-345.2	76.39	900.5
11.162	294.5	95.01	-342.1	106.4	869.6
11.195	287.5	115.7	-338.1	134.5	832.4
11.229	276.7	140.1	-333.2	161.6	784.7
11.262	261.1	167.6	-327.3	187.2	711.6
11.295	240.2	196.7	-320.7	208.9	606.2
11.329	213.5	225.9	-313.4	227.5	523.9
11.362	180.5	252.9	-305.5	243.8	442.4
11.395	141.7	276.4	-297.1	257.2	347.9
11.428	97.96	294.8	-288.4	266.9	231.9
11.462	50.45	306.2	-279.4	272.7	106.3
11.495	1.139	310.7	-270.2	274.0	-3.066
11.528	-48.06	306.8	-261.1	272.3	-167.5
11.562	-95.54	295.2	-252.1	263.6	-253.1
11.595	-138.2	277.5	-243.5	253.8	-360.1
11.628	-176.7	253.8	-235.2	241.5	-392.4
11.662	-209.1	227.7	-227.4	225.9	-438.4
11.695	-236.1	198.8	-220.1	213.1	-506.5
11.728	-257.8	169.0	-213.2	192.8	-676.0
11.762	-273.7	141.0	-207.3	167.2	-741.1
11.795	-284.9	115.7	-202.1	143.3	-781.9
11.828	-292.8	93.45	-197.7	115.9	-823.6
11.862	-297.6	76.28	-194.4	87.25	-867.9
11.895	-300.5	63.25	-191.9	59.00	-909.3
11.928	-301.9	55.64	-190.4	26.40	-939.2
11.962	-302.6	54.05	-190.1	-4.224	-883.3
11.995	-301.8	57.17	-190.7	-31.95	-822.8
12.028	-300.1	65.20	-192.3	-59.22	-837.9
12.062	-296.9	77.73	-194.7	-87.44	-806.6
12.095	-292.1	95.38	-198.1	-113.7	-770.9
12.128	-284.3	116.3	-202.2	-138.0	-696.0
12.161	-273.8	141.2	-207.3	-160.8	-648.8
12.195	-258.6	167.7	-213.0	-180.8	-579.3
12.228	-238.7	195.6	-219.3	-199.7	-453.8
12.261	-213.5	223.2	-226.3	-211.6	-421.5
12.295	-184.2	248.3	-233.4	-225.8	-382.6
12.328	-148.8	272.0	-241.3	-239.5	-283.3
12.361	-109.2	290.4	-249.4	-243.7	-170.9
12.395	-66.89	303.2	-257.6	-250.3	-125.9
12.428	-21.35	310.1	-266.1	-253.5	-44.88
12.461	24.12	310.1	-274.4	-252.0	83.07
12.495	69.20	303.3	-282.9	-248.8	148.2
12.528	111.7	290.5	-291.0	-241.6	263.1
12.561	150.6	272.3	-299.0	-231.6	373.9
12.595	184.9	250.3	-306.5	-216.6	457.0
12.628	213.7	226.0	-313.4	-200.6	524.7
12.661	237.5	200.5	-319.8	-182.3	577.6
12.695	256.0	175.7	-325.5	-161.5	658.0
12.728	270.2	152.3	-330.6	-139.0	756.7
12.761	280.5	132.0	-334.8	-111.1	816.7
12.795	286.7	115.9	-338.0	-83.68	836.1
12.828	291.1	103.8	-340.4	-56.30	847.8
12.861	293.5	96.83	-341.7	-26.57	868.0
12.895	294.4	94.83	-342.1	1.488	863.6
12.928	293.8	97.50	-341.6	30.63	838.8
12.961	290.7	105.2	-340.1	58.12	815.1
12.994	286.3	117.0	-337.8	84.19	792.6
13.028	279.7	133.4	-334.5	111.4	798.7
13.061	269.3	153.3	-330.3	137.3	759.4
13.094	255.1	176.4	-325.3	162.0	675.7
13.128	236.3	201.5	-319.5	182.7	602.2
13.161	212.6	226.6	-313.2	201.6	532.4
13.194	183.4	251.3	-306.1	218.8	459.4
13.228	148.7	272.8	-298.6	231.9	343.9
13.261	109.7	290.8	-290.7	241.8	249.6
13.294	67.18	303.6	-282.5	248.4	139.2
13.328	22.27	309.7	-274.1	251.3	37.17
13.361	-23.10	309.7	-265.7	250.7	-88.02
13.394	-67.68	302.9	-257.4	245.7	-131.6
13.428	-109.4	290.5	-249.4	240.9	-274.5
13.461	-148.6	272.1	-241.4	229.4	-298.1
13.494	-181.6	250.6	-234.1	218.1	-437.4
13.528	-211.6	225.5	-226.8	203.7	-468.2
13.561	-235.0	200.7	-220.5	183.8	-568.7
13.594	-254.1	175.1	-214.6	167.6	-614.2
13.628	-268.5	150.9	-209.3	142.8	-748.7
13.661	-279.0	130.4	-205.1	116.7	-763.7
13.694	-286.3	113.1	-201.6	92.46	-753.8
13.727	-291.5	99.76	-198.9	66.47	-797.0
13.761	-294.1	90.58	-197.1	39.28	-859.7
13.794	-295.1	86.14	-196.3	9.442	-831.8
13.827	-295.0	87.35	-196.5	-17.24	-776.0
13.861	-293.3	92.04	-197.4	-41.13	-748.2
13.894	-290.9	101.5	-199.2	-67.48	-754.8
13.927	-286.1	115.1	-201.9	-91.69	-723.6
13.961	-278.3	131.8	-205.3	-115.2	-690.0
13.994	-268.1	152.3	-209.6	-138.2	-609.9
14.027	-254.1	175.0	-214.5	-156.0	-521.2
14.061	-236.4	198.3	-220.0	-172.2	-463.3
14.094	-214.6	222.5	-226.0	-187.5	-438.9
14.127	-188.3	245.3	-232.5	-201.0	-411.5
14.161	-157.6	266.8	-239.4	-215.0	-310.9
14.194	-122.0	284.9	-246.8	-222.6	-189.2
14.227	-84.17	298.5	-254.3	-226.4	-137.5
14.261	-43.71	307.3	-261.9	-232.1	-109.4
14.294	-1.485	310.5	-269.7	-234.1	7.508
14.327	40.60	308.2	-277.5	-231.4	120.4
14.361	81.33	300.5	-285.1	-226.1	210.3
14.394	119.5	287.5	-292.6	-217.5	279.6
14.427	153.6	270.0	-299.6	-207.1	335.1
14.460	184.3	250.2	-306.4	-195.4	444.6
14.494	210.6	228.5	-312.7	-177.9	534.0
14.527	231.7	207.0	-318.2	-158.8	615.2
14.560	248.9	185.9	-323.2	-137.9	629.5
14.594	261.5	167.1	-327.4	-115.7	725.6
14.627	271.4	150.7	-331.0	-90.88	727.8
14.660	277.5	138.5	-333.5	-65.61	789.4
14.694	281.6	129.4	-335.3	-39.93	784.5
14.727	283.3	125.3	-336.1	-11.95	794.2
14.760	283.3	125.4	-336.1	12.45	767.3
14.794	281.4	129.4	-335.3	38.92	777.2
14.827	277.5	138.2	-333.5	64.87	758.9
14.860	271.4	150.6	-331.0	89.03	737.1
14.894	262.2	166.4	-327.6	114.1	708.8
14.927	249.2	185.2	-323.4	136.7	649.1
14.960	232.5	205.7	-318.5	156.9	589.3
14.994	211.6	227.6	-312.9	176.1	536.8
15.027	185.9	249.0	-306.8	192.7	453.1
15.060	155.8	268.9	-300.1	206.4	388.2
15.094	121.4	286.0	-293.0	218.4	288.7
15.127	83.23	299.6	-285.5	226.1	184.0
15.160	42.91	308.1	-277.9	230.0	81.94
15.194	1.071	310.9	-270.2	232.0	22.34
15.227	-40.68	307.8	-262.5	231.3	-62.70
15.260	-81.45	299.5	-254.8	228.0	-170.8
15.293	-119.8	286.0	-247.3	220.0	-297.4
15.327	-154.4	268.8	-240.1	208.0	-356.4
15.360	-184.4	248.5	-233.4	195.9	-401.4
15.393	-210.6	226.4	-227.1	181.9	-473.7
15.427	-232.4	204.1	-221.3	164.0	-550.4
15.460	-249.2	182.0	-216.1	145.1	-586.9
15.493	-262.8	161.9	-211.6	125.0	-677.3
15.527	-272.3	143.7	-207.8	100.3	-736.6
15.560	-279.5	130.0	-204.9	74.97	-736.2
15.593	-283.6	119.3	-202.8	51.78	-727.3
15.627	-286.9	113.0	-201.5	26.60	-772.9
15.660	-287.4	110.6	-201.0	9.447E-2	-773.0
15.693	-286.9	112.9	-201.5	-25.10	-751.0
15.727	-284.2	119.0	-202.7	-49.66	-723.5
15.760	-279.6	129.2	-204.8	-73.60	-699.2
15.793	-272.7	142.7	-207.6	-96.10	-656.9
15.827	-263.7	159.7	-211.2	-117.5	-592.9
15.860	-251.2	178.8	-215.5	-135.8	-556.7
15.893	-235.5	199.3	-220.2	-154.0	-490.0
15.927	-216.0	221.4	-225.7	-169.4	-430.6
15.960	-192.5	242.4	-231.5	-181.7	-343.0
15.993	-164.9	262.1	-237.8	-192.9	-319.4
16.026	-134.0	279.7	-244.4	-202.5	-282.9
16.060	-99.41	294.0	-251.3	-212.1	-210.9
16.093	-61.77	304.3	-258.5	-216.9	-104.6
16.126	-22.93	309.9	-265.8	-218.4	-16.23
16.160	16.73	310.5	-273.1	-218.4	62.73
16.193	55.72	306.0	-280.3	-214.2	155.9
16.226	92.86	297.1	-287.4	-207.8	221.7
16.260	127.5	284.1	-294.2	-199.6	275.5
16.293	158.5	267.4	-300.7	-189.3	360.4
16.326	186.4	249.3	-306.8	-175.8	456.7
16.360	209.6	229.8	-312.4	-158.7	540.3
16.393	228.6	210.5	-317.4	-139.7	578.3
16.426	243.6	192.5	-321.7	-120.1	632.6
16.460	255.3	176.4	-325.4	-97.93	684.7
16.493	263.8	163.5	-328.2	-74.01	716.1
16.526	269.5	153.7	-330.3	-50.34	738.3
16.560	272.8	147.7	-331.6	-24.94	733.4
16.593	273.3	145.6	-332.0	-0.894	728.6
16.626	272.5	147.2	-331.6	22.88	731.2
16.660	269.4	152.9	-330.4	48.29	719.4
16.693	263.8	162.2	-328.4	70.98	705.4
16.726	255.9	174.6	-325.7	94.62	672.9
16.760	244.5	190.3	-322.1	116.9	633.5
16.793	230.2	207.9	-317.9	136.0	581.2
16.826	211.8	226.8	-313.0	155.8	551.1
16.859	189.0	246.1	-307.5	173.0	483.6
16.893	162.2	264.6	-301.5	187.8	386.9
16.926	131.4	281.6	-295.0	199.2	330.8
16.959	97.24	295.1	-288.2	209.1	220.1
16.993	59.72	305.1	-281.1	215.0	123.6
17.026	21.21	309.9	-273.9	216.3	14.49
17.059	-18.09	310.0	-266.7	216.5	-48.93
17.093	-56.64	305.2	-259.5	212.9	-133.5
17.126	-93.47	296.0	-252.5	207.5	-162.9
17.159	-127.9	282.6	-245.7	201.9	-238.9
17.193	-159.6	265.8	-239.0	192.2	-357.5
17.226	-187.1	246.9	-232.9	177.6	-455.5
17.259	-210.2	226.9	-227.2	161.8	-500.9
17.293	-229.3	207.0	-222.1	144.3	-524.4
17.326	-244.5	188.1	-217.6	126.5	-588.3
17.359	-257.0	171.0	-213.6	105.8	-637.4
17.393	-265.6	156.6	-210.5	83.22	-705.1
17.426	-271.8	145.0	-208.1	59.58	-716.7
17.459	-275.4	137.6	-206.5	34.75	-721.3
17.493	-277.6	134.0	-205.8	11.77	-713.1
17.526	-277.5	133.9	-205.8	-12.57	-701.0
17.559	-275.6	138.1	-206.6	-35.53	-652.0
17.592	-272.0	145.4	-208.1	-55.64	-644.6
17.626	-266.3	155.7	-210.3	-78.12	-670.4
17.659	-257.7	169.5	-213.3	-101.0	-612.1
17.692	-246.3	186.0	-217.0	-119.0	-509.4
17.726	-232.4	203.9	-221.3	-134.5	-465.8
17.759	-214.8	222.5	-226.0	-150.1	-424.7
17.792	-193.8	241.7	-231.3	-163.1	-409.4
17.826	-169.2	259.4	-236.9	-176.6	-362.2
17.859	-140.4	276.1	-243.0	-188.4	-232.7
17.892	-108.9	290.3	-249.4	-192.0	-176.1
17.926	-76.02	301.1	-255.8	-198.7	-138.2
17.959	-39.63	308.1	-262.7	-203.3	-104.6
17.992	-3.360	310.8	-269.4	-203.8	23.71
18.026	33.85	309.1	-276.3	-203.1	99.92
18.059	69.58	303.4	-282.9	-196.4	203.2
18.092	103.1	293.7	-289.3	-189.5	233.8
18.126	134.2	280.8	-295.5	-181.2	317.4
18.159	162.2	265.6	-301.4	-168.4	402.6
18.192	186.4	249.5	-306.8	-153.8	450.3
18.226	207.0	232.6	-311.7	-138.7	507.6
18.259	223.9	216.2	-316.0	-120.1	576.6
18.292	236.8	201.0	-319.7	-99.88	607.9
18.326	246.7	188.2	-322.7	-79.77	628.6
18.359	254.3	178.2	-325.0	-58.10	676.7
18.392	259.0	171.2	-326.5	-34.62	697.3
18.425	260.9	167.6	-327.3	-11.39	689.1
18.459	260.9	167.5	-327.3	11.13	666.3
18.492	258.5	170.8	-326.5	33.15	657.0
18.525	254.3	177.5	-325.1	54.77	668.9
18.559	247.4	187.1	-322.9	77.63	654.4
18.592	237.4	199.8	-319.9	98.86	585.6
18.625	224.5	214.5	-316.3	116.5	560.7
18.659	208.5	230.4	-312.2	135.7	523.0
18.692	188.2	247.4	-307.3	152.4	459.5
18.725	164.8	263.8	-302.0	165.4	392.7
18.759	137.7	279.1	-296.2	178.9	355.9
18.792	106.7	292.1	-290.1	189.3	247.5
18.825	73.24	302.0	-283.6	195.4	158.1
18.859	38.17	308.3	-277.1	199.5	114.8
18.892	1.825	310.7	-270.3	203.1	28.37
18.925	-35.04	308.6	-263.5	201.9	-56.53
18.959	-70.41	302.2	-256.9	198.5	-157.0
18.992	-104.6	292.0	-250.3	192.3	-252.2
19.025	-135.5	278.6	-244.1	181.1	-336.7
19.059	-163.2	263.5	-238.2	169.8	-351.6
19.092	-187.4	246.4	-232.7	157.9	-413.9
19.125	-208.4	229.1	-227.7	142.4	-448.7
19.158	-225.0	211.7	-223.3	127.2	-527.9
19.192	-239.4	195.5	-219.2	108.6	-600.6
19.225	-249.8	181.6	-216.0	85.98	-620.8
19.258	-257.5	170.4	-213.5	67.28	-615.0
19.292	-263.4	161.7	-211.5	45.82	-659.8
19.325	-266.5	156.6	-210.4	22.37	-692.2
19.358	-267.4	154.7	-210.0	0.179	-662.9
19.392	-266.0	156.2	-210.4	-22.10	-660.8
19.425	-263.2	161.4	-211.5	-43.67	-592.8
19.458	-258.1	169.8	-213.3	-62.14	-584.8
19.492	-250.9	180.1	-215.7	-81.54	-576.3
19.525	-241.0	193.6	-218.8	-101.7	-531.4
19.558	-228.0	208.5	-222.4	-116.6	-446.2
19.592	-212.9	224.7	-226.5	-131.1	-452.9
19.625	-194.0	241.1	-231.2	-146.9	-403.5
19.658	-171.7	257.8	-236.3	-158.7	-359.0
19.692	-146.9	273.4	-241.7	-169.6	-290.6
19.725	-118.0	287.0	-247.6	-179.3	-171.4
19.758	-87.21	298.1	-253.7	-180.8	-97.01
19.792	-55.62	305.7	-259.7	-184.5	-127.5
19.825	-21.73	310.0	-266.0	-190.5	-66.17
19.858	12.94	310.9	-272.4	-189.1	87.12
19.892	46.50	307.8	-278.6	-184.0	143.3
19.925	78.64	300.9	-284.6	-179.6	179.4
19.958	109.2	291.2	-290.6	-172.5	241.9
19.991	137.0	279.1	-296.1	-163.0	315.2
20.025	162.1	265.3	-301.4	-151.9	411.4
20.058	183.9	250.7	-306.3	-135.7	468.7
20.091	201.7	236.5	-310.5	-119.8	518.2
20.125	216.9	222.7	-314.2	-102.3	531.9
20.158	228.1	210.6	-317.3	-83.23	580.6
20.191	237.2	200.6	-319.8	-64.42	595.2
20.225	243.2	192.9	-321.6	-43.10	634.2
20.258	246.5	188.0	-322.7	-22.21	634.8
20.291	247.4	186.1	-323.1	-0.877	654.2
20.325	246.5	187.6	-322.7	21.39	629.2
20.358	242.8	192.3	-321.6	41.49	593.9
20.391	237.4	199.5	-320.0	60.39	581.2
20.425	229.3	209.4	-317.6	80.47	587.9
20.458	218.0	221.1	-314.6	99.63	547.7
20.491	203.6	234.5	-311.0	117.0	486.2
20.525	186.2	249.0	-306.8	132.0	438.4
20.558	165.7	263.4	-302.2	146.0	414.2
20.591	141.6	277.1	-297.1	159.7	357.6
20.625	114.1	289.5	-291.5	170.2	268.1
20.658	84.25	299.3	-285.7	177.3	190.5
20.691	52.37	306.3	-279.7	182.9	140.9
20.724	19.14	310.3	-273.5	186.7	58.86
20.758	-14.84	310.4	-267.3	187.1	-33.47
20.791	-48.27	307.0	-261.1	184.2	-99.42
20.824	-80.41	299.8	-255.0	180.4	-176.7
20.858	-110.9	289.5	-249.0	172.9	-254.3
20.891	-138.4	277.2	-243.5	162.8	-328.7
20.924	-163.5	263.6	-238.2	151.4	-373.4
20.958	-184.8	248.6	-233.4	137.7	-404.5
20.991	-202.9	233.6	-229.0	124.3	-421.4
21.024	-218.4	219.1	-225.1	109.9	-484.5
21.058	-231.0	205.7	-221.7	92.05	-554.3
21.091	-240.4	194.3	-219.0	72.70	-586.2
21.124	-247.6	185.6	-216.8	53.11	-614.7
21.158	-251.9	179.1	-215.4	31.84	-637.9
21.191	-254.1	176.1	-214.7	10.30	-626.2
21.224	-254.0	176.1	-214.7	-9.841	-623.4
21.258	-251.9	178.9	-215.4	-30.96	-604.0
21.291	-247.5	185.1	-216.8	-50.71	-547.3
21.324	-241.1	193.6	-218.8	-67.09	-492.9
21.358	-232.3	203.8	-221.3	-83.41	-497.2
21.391	-221.2	216.0	-224.3	-100.3	-489.1
21.424	-207.4	230.0	-227.9	-116.2	-410.4
21.458	-190.2	244.0	-232.1	-127.9	-358.4
21.491	-171.2	258.4	-236.5	-139.2	-367.4
21.524	-148.7	272.2	-241.3	-152.8	-294.8
21.557	-122.9	284.7	-246.7	-159.7	-184.8
21.591	-95.92	295.0	-252.0	-163.7	-150.8
21.624	-66.86	303.3	-257.6	-170.4	-154.5
21.657	-36.02	308.5	-263.3	-174.2	-37.02
21.691	-4.455	310.3	-269.2	-173.0	41.94
21.724	26.43	310.1	-274.9	-170.7	61.45
21.757	57.06	306.3	-280.6	-169.4	107.4
21.791	86.56	298.8	-286.2	-163.9	210.7
21.824	113.9	289.5	-291.5	-154.9	302.7
21.857	138.6	278.3	-296.5	-143.9	340.5
21.891	160.5	266.5	-301.1	-131.8	408.0
21.924	179.8	254.3	-305.3	-117.3	452.6
21.957	195.2	242.2	-308.9	-101.0	473.1
21.991	207.9	231.0	-312.0	-86.02	475.5
22.024	218.3	221.3	-314.6	-69.44	552.3
22.057	225.9	213.5	-316.6	-49.34	601.6
22.091	230.5	208.3	-317.9	-28.79	601.1
22.124	232.6	205.5	-318.5	-9.597	576.4
22.157	232.5	205.4	-318.5	9.716	583.0
22.191	230.3	208.2	-317.9	29.16	556.3
22.224	225.7	213.5	-316.6	47.12	552.3
22.257	218.9	220.8	-314.8	65.39	540.0
22.290	209.1	230.4	-312.2	83.71	518.1
22.324	196.7	241.4	-309.2	99.63	453.4
22.357	181.1	253.0	-305.6	114.1	437.8
22.390	163.0	265.2	-301.6	128.5	411.4
22.424	141.5	277.3	-297.0	141.9	364.2
22.457	117.1	288.3	-292.1	152.5	259.2
22.490	90.23	297.6	-286.9	159.5	186.2
22.524	61.92	304.8	-281.5	164.4	168.8
22.557	32.05	309.6	-275.9	170.8	87.13
22.590	0.561	311.2	-270.1	171.3	20.91
22.624	-29.81	309.5	-264.5	170.5	-65.49
22.657	-60.64	304.6	-258.7	168.6	-95.76
22.690	-89.40	297.3	-253.3	162.8	-208.8
22.724	-116.7	287.3	-247.9	155.6	-246.5
22.757	-141.3	276.0	-242.9	145.6	-345.4
22.790	-163.6	263.7	-238.2	133.3	-372.7
22.824	-182.2	250.8	-234.0	119.9	-381.5
22.857	-198.2	237.9	-230.2	108.3	-418.2
22.890	-212.0	225.7	-226.8	92.45	-470.6
22.924	-222.4	215.0	-224.0	76.03	-543.3
22.957	-231.0	206.0	-221.7	57.43	-559.3
22.990	-236.3	199.8	-220.2	37.44	-587.1
23.024	-239.3	195.4	-219.2	19.18	-547.4
23.057	-240.6	194.3	-218.9	0.424	-581.6
23.090	-239.8	195.6	-219.2	-19.01	-552.7
23.123	-236.2	199.6	-220.2	-37.24	-527.1
23.157	-230.8	205.5	-221.7	-53.42	-464.1
23.190	-223.6	214.1	-223.8	-68.73	-478.2
23.223	-214.2	223.9	-226.3	-84.55	-470.0
23.257	-201.6	235.1	-229.4	-100.8	-438.8
23.290	-186.4	247.2	-233.0	-113.6	-337.8
23.323	-169.2	260.1	-237.0	-123.4	-328.8
23.357	-149.5	272.0	-241.2	-134.8	-301.1
23.390	-126.5	283.4	-245.9	-144.7	-241.0
23.423	-101.9	293.4	-250.8	-150.1	-125.0
23.457	-75.56	301.7	-255.9	-153.4	-126.3
23.490	-48.31	307.2	-261.1	-157.7	-122.6
23.523	-19.27	310.3	-266.4	-162.4	-48.58
23.557	10.26	310.9	-271.9	-160.9	79.92
23.590	38.89	309.0	-277.2	-156.6	133.2
23.623	66.48	304.3	-282.3	-152.2	175.0
23.657	92.67	297.2	-287.3	-145.2	219.2
23.690	116.6	288.6	-292.0	-137.1	268.6
23.723	138.5	278.4	-296.5	-127.8	319.4
23.757	157.9	267.8	-300.5	-115.6	400.6
23.790	174.5	257.3	-304.2	-101.2	431.9
23.823	188.0	247.1	-307.3	-86.39	470.1
23.856	199.3	238.3	-309.9	-70.38	503.0
23.890	207.5	230.8	-312.0	-52.52	500.0
23.923	213.1	225.3	-313.4	-36.83	515.5
23.956	217.1	221.7	-314.4	-19.00	570.8
23.990	218.2	220.6	-314.7	1.905	559.5
24.023	216.6	222.1	-314.3	18.62	518.5
24.056	213.5	225.5	-313.4	35.50	503.2
24.090	207.8	231.5	-311.9	53.03	495.0
24.123	199.6	238.7	-309.9	68.06	474.2
24.156	188.8	247.2	-307.4	84.51	471.4
24.190	175.0	256.9	-304.3	99.94	428.0
24.223	158.8	267.2	-300.7	112.8	390.7
24.256	139.9	277.5	-296.8	125.8	339.8
24.290	118.1	287.4	-292.3	136.0	274.9
24.323	94.47	296.2	-287.7	143.5	215.6
24.356	68.73	303.3	-282.8	150.7	168.3
24.390	41.40	308.3	-277.6	154.8	138.0
24.423	13.30	310.8	-272.5	159.3	3.737
24.456	-16.10	310.5	-267.0	156.7	-93.87
24.490	-43.25	308.1	-262.0	150.9	-84.06
24.523	-70.09	303.0	-257.0	151.9	-72.41
24.556	-96.58	295.3	-251.9	147.1	-221.5
24.590	-120.5	286.2	-247.2	136.1	-254.2
24.623	-141.8	276.0	-242.8	129.6	-292.4
24.656	-161.8	264.4	-238.5	118.5	-314.2
24.689	-178.3	253.9	-234.9	106.3	-418.2
24.723	-193.1	242.3	-231.5	92.99	-452.2
24.756	-204.4	232.9	-228.7	74.39	-519.6
24.789	-213.2	224.6	-226.5	58.94	-445.3
24.823	-219.5	218.0	-224.8	44.45	-486.6
24.856	-224.5	213.3	-223.5	27.31	-529.6
24.889	-226.3	210.9	-223.0	8.263	-537.3
24.923	-226.4	210.9	-223.0	-8.232	-484.5
24.956	-224.4	213.1	-223.5	-24.02	-493.6
24.989	-220.4	217.2	-224.6	-40.87	-507.8
25.023	-214.2	223.7	-226.2	-58.19	-481.1
25.056	-205.3	231.7	-228.5	-73.02	-440.1
25.089	-194.4	241.1	-231.1	-87.19	-391.7
25.123	-181.0	251.6	-234.3	-99.63	-346.0
25.156	-165.6	262.4	-237.8	-109.8	-278.1
25.189	-147.6	272.9	-241.6	-118.5	-249.2
25.223	-128.0	282.9	-245.6	-126.1	-243.7
25.256	-106.3	291.8	-250.0	-134.8	-233.7
25.289	-82.32	299.5	-254.6	-141.9	-173.8
25.323	-56.94	305.6	-259.4	-146.2	-52.53
25.356	-30.46	309.3	-264.4	-145.8	-28.25
25.389	-4.525	310.7	-269.2	-146.9	5.429
25.422	22.57	310.3	-274.2	-147.1	62.77
25.456	48.49	307.4	-279.0	-141.7	152.8
25.489	73.24	302.6	-283.6	-136.9	170.0
25.522	96.62	295.8	-288.1	-130.7	220.5
25.556	118.1	287.7	-292.3	-122.1	287.5
25.589	137.4	278.9	-296.2	-111.5	336.7
25.622	154.2	269.8	-299.7	-99.52	394.5
25.656	168.6	261.0	-302.9	-85.51	422.4
25.689	179.9	252.8	-305.4	-70.95	431.6
25.722	189.4	246.0	-307.6	-57.01	449.9
25.756	196.4	240.4	-309.2	-41.07	493.2
25.789	200.6	236.3	-310.3	-23.93	513.5
25.822	202.6	234.3	-310.8	-6.883	515.0
25.856	202.3	234.5	-310.8	10.38	477.4
25.889	199.8	236.8	-310.1	25.31	481.0
25.922	195.3	240.4	-309.1	41.55	442.4
25.956	188.2	246.3	-307.4	56.12	450.6
25.989	179.6	253.1	-305.4	70.09	455.5
26.022	168.1	261.7	-302.7	87.38	414.2
26.056	153.5	270.9	-299.5	98.19	340.4
26.089	137.3	279.5	-296.2	108.7	314.5
26.122	118.1	288.2	-292.3	120.3	331.7
26.156	97.02	296.0	-288.1	130.0	220.6
26.189	73.35	302.6	-283.6	136.0	148.3
26.222	49.15	307.5	-279.1	138.8	83.28
26.255	23.74	310.5	-274.4	142.1	100.6
26.289	-2.124	311.4	-269.6	145.1	56.00
26.322	-28.71	309.7	-264.7	146.5	-64.21
26.355	-54.79	305.9	-259.8	141.0	-172.1
26.389	-78.81	300.6	-255.3	134.1	-168.6
26.422	-101.6	293.7	-250.9	130.1	-194.7
26.455	-123.1	285.1	-246.6	121.8	-253.9
26.489	-142.0	276.2	-242.8	112.1	-294.6
26.522	-158.9	266.3	-239.2	103.0	-340.4
26.555	-173.7	256.9	-235.9	89.30	-391.1
26.589	-185.7	248.4	-233.2	76.25	-414.7
26.622	-195.8	240.6	-230.9	62.52	-457.8
26.655	-203.0	233.9	-229.1	45.31	-481.6
26.689	-208.0	229.6	-227.8	30.08	-461.6
26.722	-211.3	227.0	-227.0	15.13	-504.0
26.755	-211.9	225.8	-226.8	-3.518	-510.6
26.789	-210.1	227.5	-227.3	-19.76	-467.6
26.822	-206.6	230.6	-228.1	-33.78	-421.8
26.855	-201.1	235.7	-229.5	-48.35	-416.9
26.889	-193.6	242.2	-231.4	-61.38	-386.5
26.922	-184.0	249.8	-233.6	-74.13	-350.9
26.955	-172.0	258.0	-236.3	-84.97	-310.9
26.988	-158.5	266.8	-239.3	-94.53	-292.1
27.022	-142.8	275.5	-242.6	-104.5	-277.7
27.055	-125.0	284.1	-246.3	-113.2	-241.2
27.088	-105.4	291.9	-250.1	-120.4	-212.8
27.122	-84.04	298.5	-254.3	-127.4	-179.3
27.155	-61.22	304.6	-258.6	-132.6	-103.0
27.188	-37.26	308.6	-263.1	-134.3	-15.14
27.222	-13.10	310.4	-267.6	-133.4	4.414
27.255	10.88	310.6	-272.0	-133.7	18.92
27.288	35.15	308.9	-276.5	-132.8	108.4
27.322	58.59	305.5	-280.9	-126.4	185.0
27.355	80.18	301.0	-284.9	-119.7	219.5
27.388	100.5	294.7	-288.8	-112.5	230.6
27.422	118.7	287.8	-292.4	-103.8	283.9
27.455	135.2	280.2	-295.8	-94.14	305.9
27.488	149.3	272.8	-298.7	-82.99	372.9
27.522	161.4	265.6	-301.3	-69.77	398.9
27.555	171.0	260.0	-303.3	-55.73	442.0
27.588	178.6	255.1	-305.0	-40.98	428.1
27.622	183.4	251.7	-306.1	-26.42	441.5
27.655	186.4	249.6	-306.8	-12.31	446.5
27.688	186.9	249.0	-306.9	3.746	470.8
27.722	184.9	249.9	-306.5	19.04	427.4
27.755	181.1	252.8	-305.6	32.42	409.4
27.788	175.4	256.7	-304.3	45.85	418.9
27.821	167.4	262.0	-302.6	60.61	426.3
27.855	156.9	268.5	-300.3	74.32	363.2
27.888	144.2	275.6	-297.6	85.04	324.0
27.921	129.7	282.7	-294.6	95.32	298.1
27.955	112.8	290.0	-291.3	105.4	273.1
27.988	94.13	296.5	-287.6	113.3	235.8
28.021	73.75	302.2	-283.7	121.1	190.2
28.055	51.58	306.8	-279.5	126.4	103.9
28.088	28.71	310.0	-275.3	127.8	55.80
28.121	5.594	311.2	-271.0	129.7	12.18
28.155	-18.18	310.4	-266.6	129.4	-34.09
28.188	-41.08	308.1	-262.4	126.6	-51.30
28.221	-63.48	304.1	-258.2	126.1	-75.91
28.255	-85.63	298.7	-254.0	122.3	-195.9
28.288	-105.8	291.7	-250.1	112.7	-287.0
28.321	-123.8	284.7	-246.5	102.7	-245.9
28.355	-140.0	277.3	-243.2	96.21	-252.8
28.388	-154.9	269.2	-240.1	86.90	-340.9
28.421	-167.0	261.3	-237.4	72.74	-420.5
28.455	-176.8	254.7	-235.2	58.88	-400.5
28.488	-184.4	249.2	-233.5	45.94	-383.1
28.521	-190.2	244.9	-232.2	33.52	-421.2
28.554	-194.2	242.1	-231.3	18.21	-431.0
28.588	-195.5	241.1	-231.0	3.913	-435.4
28.621	-195.3	241.2	-231.0	-9.852	-405.2
28.654	-192.7	243.3	-231.6	-23.93	-431.7
28.688	-188.4	246.4	-232.6	-37.86	-376.7
28.721	-181.8	251.5	-234.1	-50.03	-337.3
28.754	-173.8	257.1	-235.9	-59.47	-337.6
28.788	-164.0	263.6	-238.1	-72.48	-358.1
28.821	-151.6	270.8	-240.8	-84.10	-310.8
28.854	-137.5	278.3	-243.7	-92.68	-236.6
28.888	-121.7	285.8	-246.9	-100.1	-198.9
28.921	-104.4	292.8	-250.4	-105.8	-215.8
28.954	-85.72	298.8	-254.0	-114.0	-182.9
28.988	-64.76	304.0	-258.0	-119.2	-74.65
29.021	-43.63	307.9	-261.9	-118.2	3.712
29.054	-22.48	310.0	-265.9	-118.7	-42.13
29.088	-0.843	310.8	-269.8	-121.2	-19.66
29.121	21.32	310.4	-273.9	-120.5	76.40
29.154	42.63	308.2	-277.9	-115.7	172.6
29.188	62.81	304.9	-281.6	-109.1	159.7
29.221	81.28	300.3	-285.1	-104.5	150.4
29.254	99.27	294.9	-288.6	-99.97	226.9
29.288	115.7	289.1	-291.8	-89.34	323.5
29.321	129.3	283.0	-294.6	-77.67	322.3
29.354	141.2	277.2	-297.0	-68.15	321.9
29.387	151.5	272.2	-299.1	-56.56	388.5
29.421	159.3	267.7	-300.8	-42.05	408.9
29.454	164.4	264.1	-301.9	-28.89	390.2
29.487	168.0	261.9	-302.7	-16.54	383.8
29.521	169.7	261.3	-303.0	-3.102	397.0
29.554	169.0	261.4	-302.9	9.913	413.8
29.587	166.5	262.9	-302.3	24.24	398.0
29.621	161.6	266.0	-301.3	37.08	383.5
29.654	155.0	269.8	-299.9	49.07	369.2
29.687	146.0	274.5	-298.0	62.13	332.3
29.721	135.0	280.1	-295.7	71.44	295.7
29.754	122.9	286.2	-293.2	81.02	302.9
29.787	108.2	291.9	-290.3	92.26	260.2
29.821	91.47	297.5	-287.1	98.68	195.4
29.854	74.02	302.4	-283.8	104.4	160.9
29.887	54.85	306.8	-280.1	110.2	159.1
29.921	34.83	309.8	-276.4	114.4	93.76
29.954	13.65	311.4	-272.5	117.0	64.13
29.987	-7.515	311.3	-268.6	118.1	-5.694
30.021	-29.06	309.8	-264.6	117.3	-59.33
30.054	-49.69	306.8	-260.8	113.6	-123.3
30.087	-69.56	303.0	-257.1	109.3	-150.8
30.120	-88.19	298.1	-253.5	103.5	-176.0
30.154	-105.5	292.6	-250.2	97.45	-197.9
30.187	-121.3	286.2	-247.0	90.50	-233.9
30.220	-135.4	279.3	-244.1	81.78	-316.6
30.254	-147.9	273.2	-241.6	69.72	-335.8
30.287	-157.6	267.5	-239.5	58.47	-332.1
30.320	-165.9	262.3	-237.7	48.45	-326.7
30.354	-172.4	258.2	-236.3	36.32	-356.6
30.387	-176.8	254.9	-235.3	24.70	-395.3
30.420	-179.5	252.8	-234.6	10.42	-428.6
30.454	-180.0	252.9	-234.6	-4.583	-404.8
30.487	-178.4	254.1	-234.9	-16.40	-342.3
30.520	-175.0	256.1	-235.7	-27.24	-329.8
30.554	-170.1	259.4	-236.7	-38.35	-349.6
30.587	-163.5	263.8	-238.2	-50.46	-364.6
30.620	-154.5	268.8	-240.1	-62.83	-329.9
30.654	-143.8	275.0	-242.4	-72.66	-227.4
30.687	-131.4	281.2	-244.9	-78.03	-191.5
30.720	-118.5	287.6	-247.6	-84.57	-225.0
30.754	-103.2	292.9	-250.6	-93.69	-226.5
30.787	-86.45	298.4	-253.8	-99.80	-153.2
30.820	-68.67	303.1	-257.2	-103.7	-113.3
30.854	-50.00	306.9	-260.7	-107.3	-85.17
30.887	-30.41	309.4	-264.4	-109.6	-14.71
30.920	-10.60	311.0	-268.0	-108.4	27.69
30.953	8.727	311.3	-271.6	-107.1	49.08
30.987	28.15	310.0	-275.2	-105.7	67.72
31.020	46.82	307.8	-278.6	-102.3	122.3
31.053	64.70	304.3	-282.0	-97.76	159.3
31.087	81.46	300.6	-285.2	-91.50	244.1
31.120	96.81	296.2	-288.1	-81.88	242.1
31.153	109.6	291.3	-290.6	-74.23	253.1
31.187	121.9	286.5	-293.0	-66.46	267.0
31.220	131.8	282.0	-295.0	-55.43	321.7
31.253	140.1	278.1	-296.7	-45.42	353.3
31.287	146.6	274.9	-298.1	-32.12	372.0
31.320	150.4	272.7	-298.9	-19.79	362.3
31.353	152.9	271.4	-299.4	-8.754	354.6
31.387	153.4	271.5	-299.5	4.169	376.1
31.420	151.7	272.4	-299.1	16.35	343.3
31.453	148.2	274.4	-298.4	27.10	335.9
31.487	143.2	277.3	-297.3	38.39	340.6
31.520	135.9	281.0	-295.8	50.15	325.5
31.553	126.7	284.9	-294.0	60.07	300.3
31.587	115.8	289.3	-291.8	69.92	282.7
31.620	102.9	293.8	-289.3	79.20	239.9
31.653	88.56	298.3	-286.5	85.89	205.9
31.686	73.12	302.6	-283.6	92.59	156.0
31.720	56.02	306.2	-280.4	96.98	139.1
31.753	38.59	308.9	-277.1	100.9	106.1
31.786	19.78	310.7	-273.6	104.9	75.51
31.820	0.713	311.1	-270.1	105.6	-8.547
31.853	-18.40	310.5	-266.6	104.5	-40.70
31.886	-36.97	308.6	-263.2	102.6	-72.46
31.920	-55.18	305.9	-259.8	99.92	-129.2
31.953	-72.45	302.0	-256.5	94.05	-123.8
31.986	-88.22	297.9	-253.5	90.76	-121.5
32.020	-103.9	292.7	-250.5	87.27	-231.6
32.053	-117.9	287.3	-247.7	75.20	-300.1
32.086	-129.2	282.8	-245.5	65.78	-279.7
32.120	-139.5	277.4	-243.3	58.18	-300.5
32.153	-147.9	273.2	-241.6	45.17	-328.9
32.186	-153.9	269.8	-240.3	35.57	-284.2
32.220	-158.9	266.6	-239.2	27.22	-336.0
32.253	-162.3	264.7	-238.5	13.19	-382.7
32.286	-162.9	264.1	-238.3	0.685	-335.4
32.320	-162.6	264.8	-238.4	-8.402	-295.2
32.353	-160.5	265.9	-238.9	-19.04	-330.8
32.386	-156.6	268.0	-239.7	-30.50	-331.2
32.420	-150.9	271.3	-240.9	-41.28	-292.3
32.453	-143.5	275.1	-242.5	-50.01	-285.8
32.486	-134.9	279.6	-244.2	-59.83	-238.9
32.519	-124.2	284.8	-246.4	-66.96	-181.7
32.553	-112.8	289.4	-248.7	-70.98	-180.6
32.586	-100.2	294.0	-251.2	-78.94	-251.0
32.619	-85.80	298.7	-254.0	-88.13	-194.5
32.653	-69.66	302.9	-257.0	-92.37	-96.89
32.686	-53.30	306.3	-260.1	-93.84	-53.49
32.719	-36.35	309.5	-263.3	-96.16	-37.50
32.753	-18.81	310.8	-266.5	-96.49	6.400
32.786	-1.464	311.4	-269.7	-95.49	30.30
32.819	15.77	311.4	-272.9	-94.54	57.69
32.853	32.75	310.0	-276.0	-91.83	90.13
32.886	48.86	307.8	-279.0	-88.20	135.4
32.919	64.33	305.1	-281.9	-83.21	169.2
32.953	78.38	301.7	-284.6	-76.59	191.0
32.986	91.23	298.2	-287.0	-70.52	232.3
33.019	102.9	294.3	-289.3	-61.56	283.2
33.053	112.3	290.9	-291.1	-51.00	283.1
33.086	120.0	287.5	-292.7	-42.78	271.3
33.119	126.5	284.5	-294.0	-33.35	299.7
33.153	131.1	282.7	-294.9	-22.42	300.8
33.186	133.9	281.2	-295.5	-13.22	317.1
33.219	135.4	280.6	-295.8	-1.920	348.1
33.252	134.5	280.9	-295.6	10.71	323.7
33.286	131.8	282.1	-295.1	19.64	279.7
33.319	128.0	283.8	-294.3	28.80	308.8
33.352	122.3	286.3	-293.1	40.45	294.6
33.386	114.5	289.6	-291.6	49.00	254.5
33.419	105.8	292.8	-289.9	56.54	239.8
33.452	95.28	296.5	-287.8	65.49	238.5
33.486	83.23	300.1	-285.5	72.42	179.8
33.519	70.01	303.5	-283.0	77.49	160.5
33.552	55.95	306.7	-280.3	82.80	165.6
33.586	40.52	309.0	-277.5	88.75	139.5
33.619	24.03	310.7	-274.4	92.30	46.10
33.652	7.172	311.2	-271.3	91.87	26.70
33.686	-9.231	311.3	-268.3	93.21	-1.390
33.719	-26.52	309.9	-265.1	93.08	-49.95
33.752	-42.76	308.1	-262.1	88.94	-86.22
33.786	-58.34	305.3	-259.2	87.36	-110.7
33.819	-73.78	302.1	-256.3	82.40	-186.5
33.852	-87.27	298.3	-253.7	74.10	-197.9
33.886	-99.56	294.8	-251.3	69.11	-149.2
33.919	-111.0	290.4	-249.1	64.66	-220.7
33.952	-121.3	286.3	-247.0	54.74	-283.5
33.986	-129.2	282.7	-245.4	44.66	-246.9
34.019	-136.0	279.5	-244.1	38.78	-272.0
34.052	-141.8	276.5	-242.9	27.43	-332.6
34.085	-144.8	275.0	-242.2	15.07	-340.1
34.119	-146.6	273.9	-241.8	5.728	-302.5
34.152	-146.6	274.0	-241.8	-5.365	-282.8
34.185	-145.0	275.1	-242.2	-13.51	-254.8
34.219	-142.3	276.2	-242.7	-21.55	-286.4
34.252	-138.1	278.6	-243.6	-32.90	-298.9
34.285	-131.6	281.3	-244.9	-41.96	-233.2
34.319	-124.3	285.1	-246.4	-48.05	-225.7
34.352	-115.7	288.3	-248.1	-56.62	-214.2
34.385	-105.3	292.6	-250.2	-63.32	-182.1
34.419	-94.20	296.2	-252.4	-67.80	-177.2
34.452	-81.88	299.9	-254.7	-75.33	-209.6
34.485	-67.93	303.4	-257.4	-82.12	-151.4
34.519	-52.93	306.5	-260.2	-85.45	-52.63
34.552	-37.52	308.9	-263.1	-85.54	-3.147
34.585	-22.27	310.9	-265.9	-85.32	29.15
34.619	-6.745	311.4	-268.8	-84.06	11.36
34.652	8.170	311.2	-271.5	-83.82	38.72
34.685	23.58	310.3	-274.3	-82.52	79.90
34.719	37.98	309.3	-277.0	-77.79	129.3
34.752	51.51	306.9	-279.5	-73.99	112.9
34.785	64.32	304.4	-281.9	-70.29	140.8
34.818	76.41	301.7	-284.2	-64.83	171.1
34.852	87.20	299.1	-286.3	-58.53	244.1
34.885	96.87	296.2	-288.1	-49.25	282.6
34.918	104.2	293.7	-289.5	-38.76	276.6
34.952	110.0	291.1	-290.7	-31.15	219.3
34.985	114.7	289.4	-291.6	-24.13	268.5
35.018	118.2	288.0	-292.3	-13.83	315.9
35.052	119.2	287.4	-292.5	-2.224	293.4
35.085	118.8	287.6	-292.5	5.597	261.4
35.118	117.3	288.1	-292.2	14.61	282.0
35.152	114.0	289.8	-291.5	24.96	269.7
35.185	109.1	291.8	-290.5	32.59	274.7
35.218	103.1	294.2	-289.3	42.53	254.9
35.252	94.47	296.7	-287.7	50.87	219.8
35.285	85.35	299.3	-285.9	56.12	177.1
35.318	74.80	301.8	-283.9	63.06	177.0
35.352	63.12	304.4	-281.7	68.04	117.9
35.385	50.76	307.0	-279.4	70.81	118.2
35.418	37.91	309.0	-277.0	75.45	129.7
35.452	23.69	310.7	-274.4	80.20	76.47
35.485	8.968	311.3	-271.7	80.47	8.935
35.518	-5.448	311.5	-269.0	80.29	13.52
35.552	-20.10	310.9	-266.3	81.60	26.47
35.585	-34.93	309.5	-263.6	82.15	-42.57
35.618	-49.57	307.0	-260.8	79.06	-148.9
35.651	-63.13	304.6	-258.3	71.96	-161.8
35.685	-75.11	302.0	-256.0	67.58	-122.1
35.718	-86.82	298.6	-253.8	64.71	-143.0
35.751	-97.49	295.1	-251.7	57.94	-238.1
35.785	-106.7	291.9	-249.9	48.74	-211.0
35.818	-114.0	288.9	-248.5	43.12	-202.3
35.851	-121.2	286.3	-247.1	36.65	-270.6
35.885	-126.3	284.1	-246.0	24.40	-299.1
35.918	-129.3	282.7	-245.4	16.02	-259.0
35.951	-131.5	281.6	-245.0	8.294	-230.8
35.985	-132.1	281.6	-244.9	-0.298	-261.7
36.018	-131.5	281.7	-245.0	-8.399	-292.9
36.051	-129.3	282.9	-245.4	-20.00	-289.9
36.085	-124.9	284.7	-246.3	-28.48	-209.9
36.118	-119.8	286.9	-247.3	-33.30	-196.1
36.151	-113.8	289.3	-248.5	-41.26	-244.6
36.185	-105.9	292.4	-250.1	-50.20	-238.8
36.218	-96.92	296.1	-251.9	-57.02	-138.0
36.251	-86.45	299.2	-253.9	-59.82	-102.1
36.285	-76.09	302.1	-255.9	-62.79	-107.5
36.318	-64.29	304.2	-258.1	-67.76	-115.9
36.351	-52.02	306.9	-260.4	-70.38	-95.05
36.384	-39.23	308.6	-262.8	-73.80	-52.28
36.418	-25.49	309.7	-265.3	-74.64	-45.92
36.451	-12.32	310.7	-267.7	-75.67	-6.248
36.484	1.839	310.9	-270.3	-76.32	18.63
36.518	15.27	310.5	-272.8	-73.60	92.11
36.551	28.41	309.6	-275.2	-70.57	111.2
36.584	40.69	308.3	-277.5	-65.96	103.0
36.618	52.11	306.8	-279.6	-63.40	136.3
36.651	63.39	305.0	-281.7	-57.91	164.0
36.684	72.65	302.7	-283.5	-51.21	216.9
36.718	81.45	300.7	-285.2	-44.54	191.5
36.751	88.25	298.6	-286.5	-37.42	216.2
36.784	94.38	296.6	-287.6	-31.00	220.3
36.818	98.82	294.8	-288.5	-22.30	258.9
36.851	101.9	293.7	-289.1	-13.82	261.1
36.884	103.7	293.6	-289.5	-4.912	259.0
36.918	103.8	293.7	-289.5	3.573	241.5
36.951	102.5	294.1	-289.2	11.12	228.4
36.984	99.88	294.7	-288.7	18.71	247.3
37.018	96.01	296.1	-288.0	27.51	242.7
37.051	90.51	298.1	-286.9	35.29	239.3
37.084	83.83	299.9	-285.6	42.93	176.4
37.118	75.44	301.9	-284.0	47.92	160.6
37.151	67.02	304.3	-282.4	52.44	149.7
37.184	56.94	306.2	-280.5	58.77	154.6
37.217	46.03	307.8	-278.5	62.51	96.62
37.251	34.50	309.1	-276.4	65.21	96.05
37.284	22.56	310.3	-274.2	68.65	58.72
37.317	9.749	311.3	-271.8	69.83	36.00
37.351	-2.680	311.3	-269.5	70.15	-14.33
37.384	-15.65	311.0	-267.1	69.74	-25.63
37.417	-27.93	310.5	-264.9	67.70	-13.09
37.451	-40.12	309.2	-262.6	68.91	-13.89
37.484	-52.63	306.9	-260.3	67.56	-121.3
37.517	-64.17	304.6	-258.1	60.50	-186.3
37.551	-74.02	302.2	-256.2	54.50	-164.0
37.584	-83.17	299.4	-254.5	50.12	-149.3
37.617	-91.45	297.2	-252.9	44.43	-185.2
37.651	-98.69	295.2	-251.5	37.86	-233.1
37.684	-104.4	292.8	-250.4	29.01	-251.9
37.717	-108.6	291.6	-249.6	20.56	-200.4
37.751	-111.5	290.4	-249.0	15.71	-186.9
37.784	-113.8	289.3	-248.5	8.860	-220.3
37.817	-114.5	289.4	-248.4	0.247	-251.7
37.851	-113.9	289.3	-248.5	-7.502	-215.9
37.884	-111.9	290.2	-248.9	-14.53	-187.6
37.917	-109.0	291.4	-249.5	-19.77	-203.7
37.950	-105.2	292.7	-250.2	-27.70	-222.7
37.984	-99.67	295.0	-251.3	-35.42	-195.0
38.017	-93.09	296.9	-252.6	-40.27	-140.2
38.050	-85.80	299.5	-254.0	-44.83	-131.3
38.084	-77.56	301.6	-255.6	-48.97	-80.04
38.117	-68.62	303.9	-257.3	-50.51	-117.5
38.150	-59.72	305.6	-258.9	-55.58	-116.2
38.184	-48.85	307.7	-261.0	-60.07	-112.3
38.217	-38.29	309.4	-262.9	-61.59	-11.93
38.250	-26.69	310.4	-265.1	-62.05	-7.365
38.284	-15.86	311.1	-267.1	-60.97	44.48
38.317	-4.634	311.4	-269.1	-59.98	10.08
38.350	5.861	311.3	-271.1	-59.36	11.40
38.384	16.85	310.7	-273.1	-60.01	28.96
38.417	27.52	309.7	-275.1	-57.31	120.5
38.450	37.50	308.9	-276.9	-52.02	142.4
38.484	46.23	307.7	-278.5	-47.34	112.9
38.517	54.38	306.0	-280.1	-44.76	114.3
38.550	62.21	305.0	-281.5	-40.05	164.8
38.584	68.63	303.4	-282.7	-33.42	180.1
38.617	74.07	302.6	-283.8	-27.98	189.9
38.650	78.60	301.5	-284.6	-21.20	220.9
38.684	81.53	300.8	-285.2	-12.85	202.7
38.717	83.07	300.2	-285.5	-7.452	193.6
38.750	84.13	300.1	-285.7	-0.795	180.5
38.783	83.33	300.1	-285.5	5.637	201.8
38.817	82.20	300.7	-285.3	11.62	206.5
38.850	79.38	301.6	-284.7	20.02	224.9
38.883	75.20	302.6	-284.0	26.60	177.2
38.917	69.90	303.5	-283.0	31.78	167.4
38.950	63.95	305.2	-281.8	37.51	139.3
38.983	56.58	306.1	-280.5	41.61	135.8
39.017	49.06	307.6	-279.1	45.78	99.59
39.050	40.19	308.5	-277.4	49.15	116.1
39.083	31.38	309.6	-275.8	52.49	95.38
39.117	21.30	310.5	-273.9	56.44	94.50
39.150	11.01	311.2	-272.0	58.26	-3.531
39.183	0.224	310.9	-270.0	56.88	-17.29
39.217	-9.580	310.9	-268.2	55.90	14.25
39.250	-20.02	310.9	-266.3	58.57	30.42
39.283	-30.74	309.7	-264.3	58.17	-56.93
39.317	-40.93	308.4	-262.4	54.57	-130.2
39.350	-50.33	307.2	-260.7	49.46	-126.4
39.383	-58.54	305.3	-259.1	45.76	-73.28
39.417	-66.58	304.0	-257.6	44.78	-96.36
39.450	-74.40	302.0	-256.2	40.05	-186.1
39.483	-80.68	300.6	-255.0	31.65	-204.6
39.516	-85.53	299.3	-254.1	26.20	-149.5
39.550	-89.93	298.5	-253.2	22.14	-115.4
39.583	-93.21	297.0	-252.6	18.23	-177.6
39.616	-96.10	296.1	-252.0	11.06	-205.0
39.650	-96.96	295.6	-251.8	3.409	-201.5
39.683	-97.35	295.9	-251.8	-1.645	-151.0
39.716	-96.51	296.1	-251.9	-6.962	-196.9
39.750	-94.89	296.5	-252.3	-14.21	-193.3
39.783	-91.48	297.3	-252.9	-20.77	-163.5
39.816	-87.65	298.5	-253.6	-24.49	-171.6
39.850	-83.02	299.9	-254.5	-31.90	-145.6
39.883	-76.48	301.4	-255.8	-35.56	-89.29
39.916	-70.54	303.1	-256.9	-36.35	-70.09
39.950	-63.68	304.4	-258.2	-40.80	-124.7
39.983	-56.05	305.9	-259.6	-44.71	-108.2
40.016	-47.73	307.0	-261.2	-47.98	-101.0
40.050	-38.88	308.4	-262.8	-51.35	-54.28
40.083	-29.36	309.8	-264.6	-52.08	-9.365
40.116	-20.16	310.3	-266.3	-51.33	8.560
40.150	-10.81	310.5	-268.0	-51.77	-1.440
40.183	-1.447	310.6	-269.7	-51.44	28.42
40.216	7.791	311.1	-271.4	-49.93	73.02
40.249	16.59	310.3	-273.1	-46.62	65.75
40.283	24.63	310.1	-274.5	-45.00	61.29
40.316	32.82	309.2	-276.1	-43.32	95.88
40.349	40.20	308.4	-277.4	-38.29	158.4
40.383	46.56	307.5	-278.6	-32.69	135.2
40.416	51.93	306.9	-279.6	-29.00	129.1
40.449	56.97	306.1	-280.5	-24.72	140.8
40.483	60.71	305.1	-281.3	-19.09	195.1
40.516	63.74	304.7	-281.8	-12.23	167.5
40.549	65.11	304.5	-282.1	-7.012	147.4
40.583	66.26	304.3	-282.3	-3.342	159.6
40.616	66.31	304.3	-282.3	3.831	159.7
40.649	64.89	304.6	-282.0	8.020	143.7
40.683	63.44	304.8	-281.8	12.26	149.5
40.716	60.57	305.6	-281.2	18.81	158.3
40.749	56.90	306.9	-280.5	22.69	137.8
40.783	52.54	307.4	-279.7	27.58	136.1
40.816	47.02	308.5	-278.7	32.33	127.6
40.849	40.97	309.3	-277.5	35.69	97.00
40.883	34.14	309.9	-276.3	38.99	79.33
40.916	26.89	310.7	-274.9	40.96	103.4
40.949	19.35	311.2	-273.6	45.37	105.4
40.983	10.45	311.2	-271.9	48.97	30.08
41.016	1.602	311.2	-270.3	47.06	-24.88
41.049	-6.577	310.5	-268.8	46.62	-33.85
41.082	-15.25	310.5	-267.2	45.76	-46.09
41.116	-23.11	310.0	-265.7	42.82	-57.76
41.149	-30.69	309.4	-264.3	42.04	-28.91
41.182	-38.33	309.3	-262.9	41.10	-19.63
41.216	-45.49	307.9	-261.6	40.46	-60.41
41.249	-52.77	306.8	-260.2	37.68	-94.07
41.282	-58.94	305.6	-259.1	33.48	-125.9
41.316	-64.64	304.4	-258.0	29.74	-110.7
41.349	-69.39	303.0	-257.1	25.77	-178.4
41.382	-73.68	302.1	-256.3	18.61	-201.4
41.416	-76.05	301.9	-255.9	11.17	-125.3
41.449	-77.75	301.7	-255.5	10.44	-87.74
41.482	-79.70	301.0	-255.2	6.559	-141.1
41.516	-79.99	300.9	-255.1	-0.233	-160.8
41.549	-79.57	300.8	-255.2	-3.768	-160.4
41.582	-78.58	300.9	-255.4	-10.40	-187.6
41.616	-75.97	301.9	-255.9	-17.21	-103.7
41.649	-72.62	302.7	-256.5	-17.35	-82.95
41.682	-69.86	303.3	-257.0	-21.22	-134.7
41.716	-65.14	304.4	-257.9	-27.97	-153.0
41.749	-59.97	305.5	-258.9	-30.75	-78.70
41.782	-54.25	306.8	-260.0	-33.33	-90.80
41.815	-48.13	307.9	-261.1	-36.56	-28.85
41.849	-41.20	309.1	-262.4	-36.11	-6.568
41.882	-35.16	309.7	-263.5	-35.62	-21.75
41.915	-28.32	310.1	-264.8	-38.46	-65.39
41.949	-21.23	310.3	-266.1	-39.77	-19.53
41.982	-13.92	310.5	-267.4	-39.92	-5.408
42.015	-6.800	310.6	-268.7	-39.85	6.884
42.049	0.475	310.6	-270.1	-39.72	-8.683
42.082	7.569	311.2	-271.4	-40.08	62.16
42.115	14.99	311.1	-272.8	-36.55	99.99
42.149	20.80	310.8	-273.8	-32.04	85.50
42.182	26.53	309.9	-274.9	-31.52	69.84
42.215	32.16	309.7	-275.9	-27.75	126.7
42.249	36.54	309.1	-276.7	-22.47	113.9
42.282	40.20	308.4	-277.4	-20.14	103.7
42.315	43.82	308.5	-278.1	-16.22	110.7
42.349	46.05	307.9	-278.5	-11.92	137.9
42.382	48.05	307.6	-278.9	-7.797	133.1
42.415	48.88	307.7	-279.0	-2.485	152.7
42.449	48.98	307.7	-279.0	2.087	158.1
42.482	48.11	307.7	-278.9	8.037	126.9
42.515	46.06	307.9	-278.5	11.16	121.2
42.549	44.12	308.3	-278.1	14.99	89.04
42.582	40.70	308.8	-277.5	18.38	101.3
42.615	37.50	309.0	-276.9	20.56	116.6
42.648	33.31	309.6	-276.1	26.60	113.0
42.682	27.93	310.1	-275.1	28.75	77.44
42.715	22.94	310.6	-274.2	30.59	28.72
42.748	16.88	310.7	-273.1	31.87	73.94
42.782	11.40	310.9	-272.1	34.09	68.45
42.815	4.542	311.0	-270.8	37.79	41.69
42.848	-2.264	311.0	-269.6	36.44	-27.01
42.882	-8.628	310.5	-268.4	35.61	-30.44
42.915	-15.13	310.4	-267.2	34.85	-36.19
42.948	-21.22	310.2	-266.1	32.95	-49.04
42.982	-27.03	309.8	-265.0	31.60	-38.12
43.015	-32.62	309.3	-264.0	30.44	-18.66
43.048	-38.04	309.2	-263.0	30.21	-53.24
43.082	-43.47	308.0	-262.0	27.52	-62.74
43.115	-47.91	307.8	-261.2	25.03	-108.0
43.148	-52.43	306.7	-260.3	21.51	-78.59
43.182	-55.57	306.4	-259.7	18.40	-130.7
43.215	-59.03	305.8	-259.1	14.37	-128.1
43.248	-60.66	305.3	-258.8	8.431	-141.9
43.282	-62.08	305.4	-258.5	5.632	-94.53
43.315	-62.73	305.2	-258.4	1.987	-90.88
43.348	-62.78	305.3	-258.4	-0.558	-80.93
43.381	-62.52	305.2	-258.4	-3.113	-89.12
43.415	-61.65	305.4	-258.6	-6.650	-157.2
43.448	-60.17	305.7	-258.9	-13.15	-107.5
43.481	-57.01	306.5	-259.5	-15.30	-49.95
43.515	-54.71	306.7	-259.9	-14.76	-64.05
43.548	-51.64	306.8	-260.4	-20.07	-95.05
43.581	-47.49	307.6	-261.2	-21.92	-97.82
43.615	-43.82	308.2	-261.9	-25.08	-48.91
43.648	-38.51	308.9	-262.9	-27.05	-47.77
43.681	-34.14	309.7	-263.7	-26.58	-7.064
43.715	-28.93	309.8	-264.7	-28.51	-38.63
43.748	-23.80	310.0	-265.6	-28.74	-8.278
43.781	-18.53	310.1	-266.6	-29.20	-27.78
43.815	-13.26	310.6	-267.6	-30.39	-10.28
43.848	-7.560	310.5	-268.6	-30.36	-2.715
43.881	-2.288	310.9	-269.6	-29.96	31.89
43.915	3.267	310.8	-270.6	-28.89	41.51
43.948	8.162	311.0	-271.5	-26.63	52.92
43.981	12.92	311.2	-272.4	-25.59	99.02
44.015	17.44	311.1	-273.2	-20.55	89.81
44.048	20.33	310.6	-273.7	-18.14	53.71
44.081	23.99	310.6	-274.4	-18.43	76.27
44.115	27.03	310.6	-275.0	-12.82	105.0
44.148	28.63	310.3	-275.3	-10.37	70.82
44.181	30.75	310.0	-275.7	-9.396	84.32
44.214	32.01	309.9	-275.9	-4.261	130.7
44.248	32.28	309.9	-275.9	-0.398	112.5
44.281	32.16	309.9	-275.9	2.851	98.17
44.314	31.25	309.9	-275.8	6.398	89.67
44.348	29.85	310.1	-275.5	8.782	80.97
44.381	28.06	310.0	-275.2	11.61	42.55
44.414	25.64	310.2	-274.7	12.19	61.50
44.448	23.68	310.6	-274.4	14.56	103.3
44.481	20.38	310.5	-273.8	20.03	119.1
44.514	16.41	310.5	-273.0	22.42	14.43
44.548	12.25	310.4	-272.3	21.15	-1.158
44.581	8.778	311.1	-271.6	21.44	46.33
44.614	4.511	310.9	-270.8	24.91	57.62
44.648	-0.238	311.0	-270.0	25.48	15.00
44.681	-4.698	310.6	-269.1	25.39	-15.20
44.714	-9.418	310.8	-268.3	24.94	1.210
44.748	-13.70	310.3	-267.5	24.89	-30.82
44.781	-18.41	310.5	-266.6	23.69	-36.47
44.814	-22.27	310.2	-265.9	21.62	-42.35
44.848	-26.21	309.9	-265.2	21.33	-17.60
44.881	-29.97	309.6	-264.5	20.34	-40.73
44.914	-33.54	309.2	-263.8	18.71	-53.82
44.947	-36.73	309.1	-263.2	16.63	-21.29
44.981	-39.57	309.0	-262.7	17.00	-58.46
45.014	-42.82	308.3	-262.1	13.88	-102.4
45.047	-44.49	307.9	-261.8	8.817	-125.4
45.081	-46.02	308.0	-261.5	6.251	-61.77
45.114	-46.78	307.9	-261.4	4.245	-66.58
45.147	-47.52	307.7	-261.2	2.335	-62.34
45.181	-47.63	307.8	-261.2	-0.311	-84.34
45.214	-47.41	307.7	-261.2	-2.984	-66.85
45.247	-46.54	307.8	-261.4	-5.143	-67.56
45.281	-45.56	307.9	-261.6	-7.067	-64.27
45.314	-44.01	308.2	-261.9	-9.709	-68.34
45.347	-42.07	308.4	-262.2	-11.56	-50.72
45.381	-39.80	308.3	-262.6	-13.09	-99.21
45.414	-37.35	308.8	-263.1	-17.68	-57.94
45.447	-33.44	309.0	-263.8	-18.42	-8.316
45.481	-30.73	309.5	-264.3	-16.58	22.50
45.514	-27.48	309.6	-264.9	-17.78	-44.35
45.547	-24.33	310.2	-265.5	-19.09	-17.39
45.581	-20.59	310.0	-266.2	-19.52	-19.42
45.614	-17.27	310.4	-266.8	-19.71	6.996
45.647	-13.47	310.2	-267.5	-19.73	-1.762E-2
45.681	-10.14	310.6	-268.1	-19.11	20.84
45.714	-6.572	310.5	-268.8	-18.81	2.068
45.747	-3.342	310.9	-269.4	-18.54	19.10
45.780	0.124	310.8	-270.0	-18.00	28.03
45.814	3.169	310.9	-270.6	-16.32	56.86
45.847	6.030	311.0	-271.1	-14.43	65.92
45.880	8.390	310.9	-271.5	-11.79	60.38
45.914	10.30	311.0	-271.9	-10.28	41.77
45.947	12.12	311.2	-272.2	-9.230	40.51
45.980	13.66	311.4	-272.5	-7.521	55.80
46.014	14.86	311.3	-272.7	-5.522	74.46
46.047	15.67	311.4	-272.9	-2.635	71.57
46.080	15.82	311.4	-272.9	-0.448	70.73
46.114	15.83	311.4	-272.9	1.683	73.80
46.147	15.20	311.2	-272.8	4.727	65.19
46.180	14.10	311.2	-272.6	6.133	36.82
46.214	12.97	311.3	-272.4	6.927	30.00
46.247	11.60	311.5	-272.1	8.226	43.64
46.280	9.990	311.2	-271.8	9.779	49.29
46.314	8.046	311.1	-271.5	11.57	33.23
46.347	5.798	311.2	-271.1	12.14	19.25
46.380	3.652	311.2	-270.7	12.55	29.97
46.414	1.253	310.9	-270.2	14.24	49.63
46.447	-1.499	310.6	-269.7	15.94	34.72
46.480	-4.507	310.6	-269.2	16.62	2.287
46.513	-7.499	310.4	-268.6	16.06	-34.51
46.547	-10.31	310.7	-268.1	14.35	-27.75
46.580	-12.68	310.3	-267.7	13.84	-14.61
46.613	-15.32	310.5	-267.2	13.84	-7.235
46.647	-17.67	310.1	-266.7	13.07	-26.92
46.680	-20.03	310.1	-266.3	12.23	-26.47
46.713	-22.10	310.1	-265.9	11.15	-28.03
46.747	-24.06	310.0	-265.6	10.44	-26.73
46.780	-25.86	309.8	-265.2	9.392	-22.39
46.813	-27.43	309.5	-264.9	8.805	-44.81
46.847	-29.06	309.8	-264.6	6.816	-54.73
46.880	-29.91	309.6	-264.5	4.582	-49.85
46.913	-30.70	309.5	-264.3	3.823	-46.63
46.947	-31.32	309.8	-264.2	1.570	-56.87
46.980	-31.30	309.8	-264.2	-0.325	-32.06
47.013	-31.19	309.7	-264.2	-0.414	-27.84
47.047	-31.14	309.7	-264.3	-1.878	-27.89
47.080	-30.48	309.5	-264.4	-2.844	-38.02
47.113	-30.11	309.7	-264.4	-3.776	-37.28
47.147	-29.14	309.8	-264.6	-5.803	-44.15
47.180	-28.01	309.8	-264.8	-6.577	-15.19
47.213	-26.75	309.7	-265.1	-6.849	-7.270
47.247	-25.51	309.7	-265.3	-6.978	-29.11
47.280	-24.24	310.1	-265.5	-8.634	-41.53
47.313	-22.42	310.3	-265.9	-10.14	-7.243
47.346	-20.56	309.9	-266.2	-9.068	8.377
47.380	-19.13	310.2	-266.5	-9.104	-11.12
47.413	-17.29	310.3	-266.8	-10.28	-19.51
47.446	-15.43	310.5	-267.2	-10.26	22.78
47.480	-13.57	310.3	-267.5	-8.922	16.48
47.513	-12.20	310.6	-267.8	-8.666	17.69
47.546	-10.44	310.3	-268.1	-8.401	-4.448
47.580	-9.165	310.7	-268.3	-8.281	18.91
47.613	-7.451	310.4	-268.6	-7.883	9.434E-2
47.646	-6.319	310.8	-268.8	-7.493	25.01
47.680	-4.748	310.6	-269.1	-7.012	25.69
47.713	-3.781	310.7	-269.3	-5.166	35.03
47.746	-2.883	310.8	-269.5	-4.876	6.550
47.780	-2.020	310.8	-269.6	-4.734	24.48
47.813	-1.172	310.9	-269.8	-3.427	50.63
47.846	-0.781	310.7	-269.9	-1.148	51.10
47.880	-0.757	310.7	-269.9	5.888E-2	23.77
47.913	-0.802	310.8	-269.9	0.334	10.82
47.946	-0.878	310.8	-269.8	0.731	20.45
47.980	-1.067	310.9	-269.8	1.684	39.87
48.013	-1.486	310.6	-269.7	3.375	20.40
48.046	-2.288	311.0	-269.6	3.399	17.50
48.079	-2.714	310.7	-269.5	3.882	18.57
48.113	-3.688	310.6	-269.3	5.236	26.09
48.146	-4.605	310.6	-269.2	5.326	3.917
48.179	-5.610	310.5	-269.0	5.588	9.546
48.213	-6.622	310.5	-268.8	5.891	1.318
48.246	-7.738	310.5	-268.6	5.807	-5.857
48.279	-8.719	310.4	-268.4	5.365	-3.692
48.313	-9.674	310.4	-268.2	5.556	-2.509
48.346	-10.72	310.4	-268.0	5.350	-4.764
48.379	-11.60	310.3	-267.9	5.042	-2.481
48.413	-12.54	310.2	-267.7	5.288	-7.954
48.446	-13.51	310.2	-267.5	4.620	-42.27
48.479	-14.22	310.5	-267.4	2.449	-43.80
48.513	-14.41	310.6	-267.3	1.355	-8.891
48.546	-14.70	310.2	-267.3	2.094	14.64
48.579	-15.16	310.4	-267.2	2.414	5.652
48.613	-15.57	310.1	-267.1	2.379	-20.96
48.646	-16.02	310.3	-267.0	1.220	-28.17
48.679	-16.02	310.3	-267.0	0.129	-23.08
48.713	-16.07	310.3	-267.0	-6.439E-2	-2.006
48.746	-16.00	310.3	-267.0	-0.147	-1.109
48.779	-16.01	310.3	-267.0	-1.137E-2	2.673
48.813	-15.99	310.3	-267.0	-4.073E-2	-10.53
48.846	-16.00	310.3	-267.0	-0.590	-9.607
48.879	-15.77	310.2	-267.1	-0.911	-6.443
48.912	-15.66	310.1	-267.1	-0.816	0.464
48.946	-15.47	310.1	-267.1	-0.986	-20.05
48.979	-15.32	310.5	-267.2	-1.968	-6.514
49.012	-14.77	310.3	-267.3	-1.874	6.575
49.046	-14.63	310.2	-267.3	-1.030	-5.625
49.079	-14.41	310.6	-267.3	-2.335	-15.15
49.112	-13.79	310.3	-267.5	-2.433	27.19
49.146	-13.51	310.2	-267.5	-0.279	18.53
49.179	-13.69	310.2	-267.5	-0.746	-15.02
49.212	-13.26	310.5	-267.6	-1.995	-13.43
49.246	-12.97	310.4	-267.6	-1.314	21.28
49.279	-12.77	310.3	-267.6	-0.629	
49.312	-12.74	310.3	-267.6		
