	mass A					
t	x	y	θ	ω	α	
0.000	290.1	106.6	20.18		
0.033	284.4	121.1	23.07	99.78	
0.067	276.1	139.6	26.83	126.2	753.5
0.100	264.1	161.7	31.48	150.4	662.6
0.133	247.9	185.8	36.85	170.3	387.9
0.167	227.4	210.7	42.82	177.5	147.8
0.200	204.0	232.0	48.67	178.0	423.7
0.233	177.5	250.5	54.68	203.3	731.7
0.267	142.5	270.6	62.22	232.2	642.9
0.300	103.4	286.5	70.15	243.7	261.2
0.333	60.67	297.2	78.46	250.3	173.0
0.367	16.71	301.8	86.83	254.2	56.30
0.400	-28.35	299.8	95.40	255.1	-83.89
0.433	-72.50	294.5	103.8	248.2	-257.6
0.466	-113.0	280.5	111.9	237.7	-370.1
0.500	-149.5	262.5	119.7	223.7	-391.1
0.533	-180.9	241.3	126.9	210.8	-434.0
0.566	-208.2	217.7	133.7	196.1	-544.4
0.600	-230.4	193.9	139.9	174.1	-686.6
0.633	-247.4	171.2	145.3	150.0	-727.8
0.666	-260.6	150.9	149.9	125.6	-765.0
0.700	-269.7	133.4	153.7	99.24	-790.0
0.733	-275.9	119.8	156.5	72.57	-807.1
0.766	-279.6	110.0	158.5	45.84	-822.9
0.800	-281.5	104.7	159.6	17.57	-843.3
0.833	-281.7	104.2	159.7	-10.46	-818.6
0.866	-280.2	108.2	158.9	-37.06	-760.6
0.900	-277.3	116.4	157.2	-61.22	-721.2
0.933	-272.2	128.0	154.8	-84.78	-699.3
0.966	-264.7	143.3	151.6	-108.1	-666.5
1.000	-254.1	161.2	147.6	-129.2	-613.8
1.033	-240.5	181.4	143.0	-148.9	-580.0
1.066	-222.9	202.9	137.7	-167.8	-527.0
1.100	-200.8	224.7	131.8	-184.2	-468.2
1.133	-174.8	245.9	125.4	-198.7	-371.3
1.166	-144.2	265.1	118.5	-209.6	-310.6
1.199	-110.7	281.9	111.4	-218.5	-220.2
1.233	-73.25	294.2	104.0	-225.1	-149.3
1.266	-34.10	302.1	96.44	-227.8	-51.99
1.299	6.394	304.9	88.80	-229.0	20.18
1.333	46.83	301.9	81.18	-226.4	119.8
1.366	85.91	294.0	73.71	-220.9	193.2
1.399	122.5	281.2	66.46	-213.5	257.2
1.433	156.2	265.1	59.48	-203.9	325.7
1.466	186.3	246.1	52.87	-191.7	421.7
1.499	212.3	225.3	46.71	-176.0	506.0
1.533	233.7	204.2	41.15	-157.7	565.0
1.566	250.7	183.5	36.20	-138.4	613.9
1.599	263.9	164.4	31.92	-116.8	672.1
1.633	273.6	148.0	28.41	-93.46	715.1
1.666	280.6	135.0	25.69	-69.24	807.9
1.699	285.1	125.7	23.80	-40.18	793.0
1.733	286.0	121.5	23.02	-14.65	725.4
1.766	286.4	120.5	22.82	6.539	685.5
1.799	284.8	123.6	23.45	31.49	750.8
1.833	281.7	130.9	24.92	56.61	751.8
1.866	276.1	142.0	27.23	81.58	715.3
1.899	267.9	156.9	30.36	104.5	676.7
1.933	256.5	174.3	34.19	126.3	640.9
1.966	241.5	194.0	38.77	147.5	585.9
1.999	222.6	215.2	44.02	165.5	518.5
2.032	199.6	236.2	49.80	181.7	470.7
2.066	172.2	256.6	56.13	197.1	406.1
2.099	140.3	274.5	62.93	208.9	317.8
2.132	104.9	289.2	70.05	218.0	240.5
2.166	66.50	299.0	77.46	225.1	140.2
2.199	26.37	304.7	85.05	227.6	14.57
2.232	-14.00	305.1	92.63	225.8	-58.34
2.266	-53.47	300.2	100.1	223.4	-127.3
2.299	-91.63	290.3	107.5	217.9	-227.0
2.332	-126.6	276.3	114.6	207.8	-320.3
2.366	-158.0	259.2	121.4	196.6	-406.7
2.399	-185.8	240.2	127.7	181.2	-482.7
2.432	-208.6	220.3	133.4	163.7	-552.8
2.466	-227.6	200.4	138.6	144.9	-602.9
2.499	-242.4	182.0	143.1	123.2	-671.4
2.532	-253.9	165.9	146.8	100.2	-715.3
2.566	-261.9	152.5	149.8	75.55	-726.9
2.599	-267.3	142.9	151.9	51.43	-744.3
2.632	-270.8	136.8	153.2	26.51	-745.3
2.666	-271.7	134.7	153.6	1.159	-718.7
2.699	-270.8	136.3	153.3	-21.26	-672.8
2.732	-267.9	141.2	152.2	-43.41	-663.6
2.765	-263.1	149.5	150.4	-65.68	-646.1
2.799	-256.6	161.3	147.8	-86.48	-612.2
2.832	-247.1	175.4	144.6	-106.4	-607.9
2.865	-234.8	191.8	140.8	-126.9	-573.9
2.899	-218.7	210.0	136.2	-145.1	-492.7
2.932	-199.4	228.7	131.1	-159.4	-420.1
2.965	-176.6	247.1	125.5	-173.0	-382.9
2.999	-149.9	264.4	119.6	-185.2	-345.2
3.032	-119.8	279.3	113.2	-195.7	-244.0
3.065	-86.44	291.6	106.5	-202.1	-173.6
3.099	-51.60	300.5	99.74	-206.4	-96.23
3.132	-14.68	304.8	92.76	-209.3	-46.59
3.165	22.41	304.9	85.80	-208.9	62.22
3.199	59.26	300.2	78.83	-205.7	124.7
3.232	94.25	291.6	72.09	-200.0	197.8
3.265	127.3	279.4	65.51	-192.9	268.5
3.299	157.2	264.1	59.23	-182.0	366.0
3.332	183.6	247.0	53.37	-168.5	428.1
3.365	206.2	229.0	48.00	-153.4	475.0
3.399	225.0	210.9	43.15	-136.9	540.1
3.432	240.5	193.9	38.88	-117.5	600.5
3.465	252.1	178.6	35.32	-96.61	631.5
3.499	261.2	166.0	32.44	-75.55	679.1
3.532	267.4	156.1	30.28	-51.65	699.3
3.565	271.5	150.5	29.00	-28.16	691.0
3.598	273.1	147.7	28.40	-6.223	685.6
3.632	272.6	148.5	28.59	17.64	712.3
3.665	269.9	153.2	29.58	41.41	689.8
3.698	265.0	161.4	31.35	63.64	647.4
3.732	257.6	172.6	33.82	84.50	619.7
3.765	247.6	186.4	36.98	104.9	611.8
3.798	234.4	202.4	40.81	125.3	568.9
3.832	217.6	220.1	45.32	143.1	491.9
3.865	197.4	238.1	50.35	157.8	417.3
3.898	173.5	255.7	55.84	171.0	380.5
3.932	146.1	271.7	61.74	183.1	348.9
3.965	115.2	285.6	68.04	194.3	276.3
3.998	81.17	296.5	74.69	201.8	175.2
4.032	45.43	303.6	81.49	205.6	69.09
4.065	8.615	306.3	88.39	206.6	-1.858
4.098	-28.02	304.6	95.26	205.2	-89.55
4.132	-63.88	298.8	102.1	200.9	-167.4
4.165	-97.46	288.8	108.6	193.8	-251.0
4.198	-128.6	276.0	115.0	184.5	-326.3
4.232	-156.3	260.8	120.9	171.9	-409.9
4.265	-180.4	244.4	126.4	157.1	-467.2
4.298	-200.8	227.7	131.4	140.8	-526.2
4.331	-217.5	211.4	135.8	122.2	-587.3
4.365	-230.7	196.7	139.6	101.4	-643.7
4.398	-240.6	184.1	142.6	79.35	-670.4
4.431	-247.7	174.5	144.8	56.62	-682.1
4.465	-252.1	167.8	146.3	33.94	-691.5
4.498	-254.3	164.5	147.1	10.60	-690.1
4.531	-254.2	164.8	147.1	-12.27	-655.2
4.565	-252.1	168.2	146.3	-33.07	-608.9
4.598	-247.9	174.5	144.9	-52.72	-574.4
4.631	-241.3	183.3	142.8	-71.45	-548.1
4.665	-232.5	194.5	140.1	-89.15	-532.2
4.698	-221.2	207.5	136.8	-106.9	-514.4
4.731	-206.9	222.1	133.0	-123.6	-457.5
4.765	-189.5	237.4	128.6	-137.4	-401.8
4.798	-169.2	252.6	123.8	-150.1	-352.8
4.831	-145.7	267.3	118.6	-161.3	-309.0
4.865	-119.3	280.3	113.1	-170.4	-243.8
4.898	-90.42	291.4	107.2	-177.7	-183.2
4.931	-59.44	299.7	101.2	-182.5	-111.9
4.965	-27.06	304.7	95.07	-185.2	-57.62
4.998	6.010	306.4	88.88	-186.3	14.78
5.031	39.21	304.4	82.66	-184.5	76.58
5.065	71.34	299.0	76.58	-180.8	151.7
5.098	102.2	290.3	70.61	-174.8	229.9
5.131	130.7	279.4	64.93	-165.2	279.4
5.164	156.2	266.2	59.60	-155.9	339.3
5.198	179.3	251.8	54.54	-143.4	400.4
5.231	198.6	237.1	50.05	-128.3	467.6
5.264	215.1	222.7	45.99	-112.8	510.2
5.298	228.3	209.4	42.53	-94.14	560.9
5.331	238.3	198.0	39.72	-75.20	582.1
5.364	246.0	188.9	37.52	-55.64	609.4
5.398	250.9	182.3	36.01	-34.44	632.3
5.431	253.3	178.8	35.22	-13.41	634.9
5.464	253.6	178.3	35.12	7.728	624.9
5.498	251.7	181.1	35.74	28.44	594.9
5.531	247.5	186.6	37.01	47.36	574.9
5.564	241.2	194.6	38.89	66.49	580.4
5.598	232.2	205.0	41.44	86.25	558.0
5.631	220.4	217.6	44.64	103.9	510.7
5.664	205.6	231.2	48.36	120.0	475.3
5.698	187.7	245.8	52.63	135.7	417.6
5.731	166.4	260.2	57.40	148.1	352.9
5.764	142.5	273.7	62.50	158.7	313.7
5.798	115.5	285.6	67.98	169.2	259.3
5.831	85.96	295.4	73.78	176.2	175.7
5.864	54.84	302.4	79.72	180.5	99.66
5.897	22.43	306.1	85.81	183.1	29.25
5.931	-10.29	306.2	91.92	182.5	-54.71
5.964	-42.42	303.0	97.97	179.4	-121.5
5.997	-73.23	296.4	103.9	174.4	-190.7
6.031	-102.2	287.3	109.6	166.8	-262.4
6.064	-128.7	276.1	115.0	156.8	-334.4
6.097	-152.3	263.5	120.0	144.6	-381.0
6.131	-172.8	250.2	124.6	131.1	-440.3
6.164	-190.2	236.8	128.8	115.6	-502.3
6.197	-204.4	224.4	132.3	97.40	-559.7
6.231	-215.6	213.6	135.3	78.32	-575.1
6.264	-223.8	204.7	137.5	58.96	-609.4
6.297	-229.5	198.1	139.2	38.02	-623.0
6.331	-232.5	194.6	140.1	16.93	-605.7
6.364	-233.3	193.5	140.3	-2.143	-565.8
6.397	-232.1	195.2	139.9	-20.75	-554.2
6.431	-228.8	199.3	138.9	-39.07	-526.6
6.464	-223.1	205.6	137.3	-56.00	-505.3
6.497	-215.4	213.8	135.2	-72.45	-477.5
6.531	-205.1	223.8	132.5	-88.14	-460.6
6.564	-192.5	234.9	129.3	-102.8	-424.2
6.597	-177.1	246.8	125.7	-116.7	-390.2
6.631	-159.1	259.0	121.6	-128.7	-340.3
6.664	-138.6	271.1	117.1	-139.4	-301.1
6.697	-115.5	282.0	112.3	-148.7	-230.5
6.730	-90.07	291.6	107.2	-155.0	-173.4
6.764	-63.20	299.0	101.9	-159.8	-131.9
6.797	-34.72	303.9	96.52	-164.2	-87.00
6.830	-5.332	306.2	91.00	-165.6	-14.10
6.864	24.18	305.8	85.48	-164.9	59.68
6.897	53.31	302.5	80.01	-161.8	112.8
6.930	81.20	296.7	74.69	-157.2	179.3
6.964	107.7	288.6	69.53	-150.2	236.3
6.997	131.9	278.8	64.68	-141.0	289.2
7.030	153.7	267.7	60.13	-131.1	333.5
7.064	173.0	255.9	55.94	-118.9	386.4
7.097	189.3	244.1	52.21	-105.2	431.0
7.130	203.2	233.2	48.94	-90.32	473.7
7.164	214.3	223.4	46.19	-73.59	520.8
7.197	222.6	215.2	44.03	-55.56	544.5
7.230	228.4	209.2	42.49	-37.22	552.9
7.264	231.8	205.4	41.55	-18.77	559.5
7.297	232.9	204.2	41.24	7.520E-2	560.2
7.330	231.8	205.5	41.56	18.64	550.1
7.364	228.4	209.1	42.48	36.68	525.5
7.397	222.7	215.1	44.00	53.76	505.4
7.430	214.7	222.9	46.06	70.20	491.7
7.463	204.1	232.2	48.68	86.60	471.0
7.497	191.0	243.0	51.83	101.7	438.2
7.530	175.2	254.5	55.46	115.7	397.9
7.563	156.5	266.1	59.54	128.4	346.5
7.597	135.1	277.2	64.01	138.8	283.8
7.630	111.5	287.2	68.79	147.2	224.7
7.663	85.74	295.5	73.82	153.8	176.7
7.697	58.44	301.6	79.04	158.9	119.8
7.730	29.90	305.4	84.41	162.0	51.21
7.763	0.915	306.4	89.83	162.2	-26.95
7.797	-27.84	304.8	95.22	160.2	-102.6
7.830	-55.70	300.5	100.5	155.4	-155.7
7.863	-81.98	294.1	105.6	149.5	-187.3
7.897	-106.6	285.6	110.5	143.1	-248.5
7.930	-129.2	275.7	115.1	133.2	-319.7
7.963	-149.0	265.1	119.3	121.4	-383.6
7.997	-166.5	254.4	123.2	108.1	-426.6
8.030	-181.0	244.1	126.5	92.61	-464.1
8.063	-192.7	234.8	129.4	77.12	-488.3
8.097	-201.8	226.6	131.7	60.26	-528.8
8.130	-208.4	220.4	133.4	41.74	-555.2
8.163	-212.5	216.5	134.5	23.19	-549.7
8.197	-214.3	214.8	134.9	5.117	-531.5
8.230	-213.8	215.3	134.8	-12.27	-494.8
8.263	-211.2	217.8	134.1	-27.96	-472.3
8.296	-206.8	222.2	132.9	-43.42	-452.6
8.330	-200.1	228.4	131.2	-58.46	-443.9
8.363	-191.4	235.9	129.0	-72.72	-424.3
8.396	-180.2	244.6	126.4	-86.93	-408.8
8.430	-166.7	254.3	123.3	-99.95	-366.1
8.463	-150.8	264.2	119.7	-111.4	-319.8
8.496	-132.7	274.0	115.8	-121.2	-265.8
8.530	-112.4	283.4	111.6	-129.2	-226.0
8.563	-90.32	291.4	107.2	-136.1	-190.9
8.596	-66.51	298.2	102.6	-142.0	-144.5
8.630	-41.27	303.0	97.76	-145.7	-82.04
8.663	-15.28	305.7	92.86	-147.4	-36.01
8.696	11.06	306.3	87.93	-148.1	6.933
8.730	37.44	304.6	82.99	-147.1	79.09
8.763	63.19	300.6	78.13	-142.9	147.7
8.796	87.52	294.9	73.47	-137.0	190.8
8.830	110.4	287.5	69.00	-130.4	230.6
8.863	131.3	278.8	64.78	-121.7	283.3
8.896	150.0	269.5	60.89	-111.3	334.3
8.930	166.5	260.0	57.36	-99.47	383.5
8.963	180.4	250.7	54.27	-85.74	427.1
8.996	191.8	242.4	51.65	-70.96	439.3
9.029	200.7	235.3	49.54	-56.35	454.8
9.063	207.4	229.5	47.90	-40.91	482.8
9.096	211.8	225.6	46.81	-24.01	496.0
9.129	213.7	223.6	46.30	-7.721	506.2
9.163	213.7	223.6	46.30	9.393	495.8
9.196	211.3	225.9	46.92	25.87	485.2
9.229	206.8	229.8	48.02	41.25	455.4
9.263	200.0	235.6	49.67	56.55	460.4
9.296	191.2	242.9	51.79	71.61	437.3
9.329	179.7	251.3	54.44	86.05	405.9
9.363	165.8	260.5	57.52	98.50	349.1
9.396	149.6	269.9	61.01	109.4	317.4
9.429	131.1	278.9	64.82	119.5	275.0
9.463	110.5	287.3	68.97	128.0	235.9
9.496	88.18	294.8	73.35	134.9	175.2
9.529	64.11	300.5	77.96	140.0	127.8
9.563	39.14	304.4	82.67	143.2	71.19
9.596	13.39	306.3	87.50	144.9	23.46
9.629	-12.46	306.0	92.33	144.6	-56.62
9.663	-38.00	303.6	97.13	141.4	-100.0
9.696	-62.20	299.0	101.8	137.4	-155.0
9.729	-85.55	292.7	106.3	131.7	-211.0
9.763	-106.9	285.4	110.5	122.9	-272.5
9.796	-126.2	277.1	114.5	113.6	-295.7
9.829	-143.4	268.5	118.1	103.2	-347.3
9.862	-158.3	259.7	121.4	90.59	-399.3
9.896	-170.6	251.6	124.1	76.40	-441.5
9.929	-180.5	244.4	126.4	61.29	-463.0
9.962	-188.0	238.6	128.2	45.42	-471.7
9.996	-193.1	234.4	129.5	29.85	-485.6
10.029	-196.2	232.0	130.2	13.25	-495.8
10.062	-196.8	231.6	130.4	-3.516	-476.1
10.096	-195.2	232.7	130.0	-18.44	-454.7
10.129	-191.7	235.6	129.1	-33.56	-442.8
10.162	-185.9	240.2	127.7	-48.28	-418.0
10.196	-178.2	246.0	125.9	-61.27	-385.9
10.229	-168.6	253.2	123.7	-73.95	-361.6
10.262	-156.6	260.8	121.0	-85.54	-333.5
10.296	-142.6	268.7	118.0	-96.00	-308.8
10.329	-126.7	276.8	114.6	-106.2	-280.5
10.362	-108.6	284.6	110.9	-114.8	-230.0
10.396	-88.84	291.7	106.9	-121.4	-186.8
10.429	-67.59	297.6	102.8	-127.1	-142.9
10.462	-44.99	302.3	98.46	-131.2	-90.27
10.496	-21.63	305.2	94.05	-133.0	-37.44
10.529	2.140	306.4	89.60	-133.7	11.93
10.562	25.96	305.6	85.14	-132.3	57.37
10.595	49.20	303.1	80.78	-129.6	100.5
10.629	71.76	299.0	76.51	-125.8	133.2
10.662	93.09	293.4	72.40	-120.6	194.2
10.695	113.1	286.6	68.47	-113.1	242.1
10.729	131.0	279.1	64.86	-104.1	292.8
10.762	147.2	271.4	61.53	-93.95	336.2
10.795	161.0	263.7	58.60	-81.56	365.2
10.829	172.3	256.3	56.10	-69.40	380.0
10.862	181.8	250.0	53.97	-56.56	411.5
10.895	188.9	244.6	52.33	-41.82	445.2
10.929	193.7	240.8	51.18	-26.83	446.6
10.962	196.4	238.6	50.54	-12.06	452.2
10.995	197.2	238.2	50.38	3.204	450.0
11.029	195.7	239.5	50.75	18.15	436.8
11.062	192.1	242.3	51.59	32.18	426.5
11.095	186.6	246.6	52.90	46.53	419.0
11.129	178.7	252.3	54.69	60.27	399.1
11.162	168.7	258.9	56.91	73.00	355.0
11.195	156.4	266.1	59.55	84.13	334.5
11.229	142.4	273.7	62.52	94.90	311.6
11.262	126.0	281.4	65.88	105.3	273.8
11.295	107.7	288.6	69.53	113.1	219.2
11.329	87.86	295.0	73.41	119.8	173.7
11.362	66.44	300.1	77.51	124.8	126.6
11.395	44.16	303.9	81.73	128.0	76.14
11.428	21.15	306.0	86.05	130.0	35.87
11.462	-2.113	306.5	90.40	130.4	-16.66
11.495	-25.28	305.1	94.74	128.9	-80.18
11.528	-47.80	302.2	98.99	125.1	-126.8
11.562	-69.10	297.7	103.1	120.3	-173.4
11.595	-89.22	291.8	107.0	113.9	-227.7
11.628	-107.5	285.3	110.7	104.9	-286.2
11.662	-123.9	278.4	114.0	94.78	-300.9
11.695	-138.1	271.3	117.0	84.65	-333.0
11.728	-150.5	264.5	119.6	72.99	-377.6
11.762	-160.5	258.5	121.8	59.20	-409.6
11.795	-168.2	253.4	123.6	45.66	-422.5
11.828	-173.9	249.5	124.9	31.23	-426.1
11.862	-177.2	246.9	125.7	16.93	-442.0
11.895	-178.6	245.8	126.0	2.196	-436.1
11.928	-177.8	246.5	125.8	-12.60	-412.0
11.962	-175.0	248.4	125.2	-25.12	-373.5
11.995	-170.6	251.7	124.1	-37.34	-364.3
12.028	-164.2	255.9	122.7	-49.51	-367.5
12.062	-155.9	261.1	120.8	-61.70	-336.6
12.095	-145.5	267.3	118.6	-72.28	-313.6
12.128	-133.5	273.6	116.0	-82.13	-282.4
12.161	-119.5	280.2	113.1	-91.55	-264.6
12.195	-103.9	286.7	109.9	-99.46	-218.4
12.228	-86.48	292.6	106.5	-106.3	-184.7
12.261	-67.82	297.7	102.8	-111.6	-145.1
12.295	-47.94	301.7	99.03	-116.1	-91.45
12.328	-27.18	304.6	95.10	-117.9	-43.89
12.361	-6.260	306.1	91.17	-118.6	-15.21
12.395	15.00	306.3	87.20	-119.2	7.658
12.428	36.18	304.8	83.23	-118.1	81.87
12.461	56.89	301.9	79.33	-113.9	133.5
12.495	76.24	297.8	75.64	-108.7	164.2
12.528	94.64	292.8	72.09	-103.3	190.9
12.561	111.6	287.0	68.75	-95.90	244.4
12.595	126.8	280.8	65.70	-87.00	276.1
12.628	140.2	274.5	62.96	-77.41	309.8
12.661	151.7	268.6	60.54	-66.53	341.0
12.695	161.2	263.3	58.52	-54.51	368.5
12.728	168.6	258.8	56.91	-42.05	382.3
12.761	173.9	255.2	55.72	-28.97	385.2
12.795	177.3	253.0	54.98	-16.29	402.2
12.828	178.7	251.8	54.64	-2.472	415.2
12.861	177.9	252.4	54.81	11.79	404.1
12.894	175.3	254.3	55.42	24.35	376.9
12.928	170.8	257.4	56.43	36.78	366.5
12.961	164.3	261.6	57.87	48.92	359.7
12.994	155.8	266.5	59.69	60.62	337.8
13.028	145.2	272.0	61.91	71.59	319.7
13.061	133.0	278.4	64.46	81.77	282.7
13.094	118.6	284.5	67.36	90.67	246.3
13.128	102.8	290.4	70.51	97.99	198.4
13.161	85.37	295.6	73.89	104.0	174.9
13.194	66.85	300.0	77.44	109.4	130.0
13.228	47.06	303.3	81.18	113.1	88.23
13.261	26.89	305.7	84.97	114.9	38.01
13.294	6.211	306.4	88.84	115.8	-0.238
13.328	-14.38	305.9	92.69	114.8	-56.83
13.361	-34.56	303.8	96.49	112.1	-110.9
13.394	-53.90	300.7	100.2	107.4	-137.5
13.428	-72.01	296.6	103.6	102.7	-176.0
13.461	-89.22	291.7	107.0	96.20	-228.0
13.494	-104.6	286.4	110.1	87.11	-276.7
13.528	-118.1	280.8	112.8	77.79	-303.7
13.561	-129.8	275.3	115.2	67.00	-329.2
13.594	-139.5	270.5	117.3	55.59	-346.3
13.628	-147.3	266.3	118.9	44.12	-349.9
13.661	-153.2	263.0	120.2	32.15	-372.0
13.694	-157.1	260.6	121.1	19.48	-383.9
13.727	-159.0	259.4	121.5	6.374	-396.7
13.761	-159.1	259.5	121.5	-6.814	-372.6
13.794	-157.0	260.7	121.1	-18.78	-347.7
13.827	-153.4	262.8	120.3	-29.64	-332.7
13.861	-147.9	265.8	119.1	-41.06	-323.6
13.894	-140.6	269.7	117.5	-51.35	-298.5
13.927	-131.8	274.3	115.7	-60.78	-273.7
13.961	-121.3	279.3	113.5	-69.71	-251.3
13.994	-109.3	284.4	111.0	-77.48	-234.9
14.027	-95.83	289.5	108.3	-85.23	-210.0
14.061	-80.73	294.3	105.3	-91.78	-172.7
14.094	-64.53	298.5	102.2	-96.52	-124.0
14.127	-47.30	301.9	98.91	-100.1	-89.40
14.161	-29.44	304.4	95.52	-102.4	-55.40
14.194	-11.12	306.0	92.08	-103.9	-31.49
14.227	7.468	306.5	88.60	-104.5	-2.914
14.261	26.12	305.7	85.12	-104.1	49.38
14.294	44.48	303.7	81.67	-101.3	109.1
14.327	61.96	300.9	78.36	-96.64	145.4
14.361	78.36	297.2	75.23	-91.61	164.1
14.394	93.77	293.1	72.26	-85.80	192.1
14.427	107.8	288.6	69.51	-78.75	218.9
14.460	120.4	283.7	67.01	-71.17	259.4
14.494	131.4	278.9	64.77	-61.72	298.2
14.527	140.5	274.5	62.90	-50.96	322.7
14.560	147.8	270.9	61.37	-40.33	321.3
14.594	153.2	267.7	60.21	-29.48	336.7
14.627	157.0	265.6	59.41	-18.02	361.4
14.660	158.9	264.6	59.01	-5.361	364.2
14.694	158.7	264.6	59.05	6.494	345.0
14.727	156.8	265.7	59.44	17.40	331.3
14.760	153.2	267.7	60.21	28.62	336.1
14.794	147.9	270.7	61.35	39.79	318.5
14.827	140.6	274.4	62.86	49.98	298.0
14.860	131.8	278.7	64.68	59.48	269.3
14.894	121.2	283.2	66.83	68.13	252.3
14.927	109.3	287.9	69.22	76.07	230.9
14.960	95.62	292.5	71.89	83.69	205.7
14.994	80.61	296.7	74.80	89.77	164.1
15.027	64.53	300.4	77.88	94.59	126.2
15.060	47.50	303.3	81.10	98.21	90.08
15.094	29.82	305.4	84.42	100.6	45.82
15.127	11.76	306.4	87.80	101.3	4.371
15.160	-6.276	306.3	91.17	100.8	-34.63
15.194	-24.11	305.2	94.52	99.10	-74.94
15.227	-41.39	303.0	97.78	95.76	-124.8
15.260	-57.80	300.2	100.9	90.77	-156.3
15.293	-72.98	296.6	103.8	85.20	-167.0
15.327	-87.05	292.4	106.6	79.71	-200.1
15.360	-99.99	288.2	109.1	72.11	-237.4
15.393	-111.2	283.9	111.4	63.47	-274.3
15.427	-120.8	279.6	113.4	54.19	-291.4
15.460	-128.6	275.9	115.0	43.78	-322.8
15.493	-134.8	272.9	116.3	32.86	-333.7
15.527	-139.0	270.6	117.2	21.36	-336.7
15.560	-141.5	269.3	117.7	10.44	-335.5
15.593	-142.3	269.0	117.9	-0.874	-333.6
15.627	-141.3	269.7	117.6	-12.00	-334.2
15.660	-138.6	271.1	117.1	-22.93	-310.0
15.693	-134.1	273.5	116.1	-32.97	-292.1
15.727	-128.2	276.5	114.9	-42.10	-276.8
15.760	-120.6	279.9	113.3	-51.54	-266.3
15.793	-111.4	283.7	111.4	-59.91	-242.1
15.827	-100.8	287.6	109.3	-67.55	-215.6
15.860	-88.89	291.7	106.9	-74.41	-184.0
15.893	-75.71	295.6	104.4	-79.77	-147.7
15.927	-61.57	299.2	101.6	-84.19	-129.9
15.960	-46.54	302.2	98.76	-88.38	-107.3
15.993	-30.61	304.5	95.74	-91.53	-69.16
16.026	-14.19	305.9	92.66	-92.91	-27.08
16.060	2.415	306.4	89.55	-93.28	1.563
16.093	19.04	306.1	86.44	-92.82	34.29
16.126	35.50	305.1	83.36	-91.06	75.67
16.160	51.38	302.9	80.37	-87.76	110.7
16.193	66.43	300.0	77.51	-83.60	143.6
16.226	80.65	296.9	74.80	-78.30	170.3
16.260	93.53	293.0	72.30	-72.11	197.9
16.293	105.3	289.4	70.00	-65.24	221.6
16.326	115.7	285.6	67.95	-57.27	247.3
16.360	124.5	281.9	66.18	-48.73	274.6
16.393	131.7	278.6	64.70	-39.07	294.8
16.426	137.2	276.0	63.58	-28.91	309.8
16.460	141.1	274.3	62.78	-18.56	315.9
16.493	143.2	273.3	62.34	-7.758	323.5
16.526	143.6	273.0	62.26	2.976	312.3
16.560	142.3	273.8	62.54	13.14	304.4
16.593	139.3	275.1	63.13	23.11	300.0
16.626	134.9	277.5	64.08	33.23	293.2
16.660	128.6	280.2	65.35	42.67	270.1
16.693	120.8	283.6	66.92	51.24	237.5
16.726	111.5	287.0	68.76	58.53	217.1
16.760	101.2	290.9	70.82	65.52	201.8
16.793	89.29	294.4	73.13	72.17	179.1
16.826	76.31	297.9	75.63	77.44	150.2
16.859	62.35	300.8	78.29	82.09	124.3
16.893	47.49	303.3	81.10	85.83	80.17
16.926	32.02	305.1	84.01	87.49	39.13
16.959	16.42	306.2	86.93	88.24	9.834
16.993	0.597	306.5	89.89	88.31	-17.41
17.026	-15.05	305.9	92.82	86.99	-59.56
17.059	-30.30	304.4	95.69	84.41	-100.2
17.093	-44.88	302.4	98.44	80.30	-125.8
17.126	-58.49	299.9	101.0	75.86	-148.2
17.159	-71.24	296.8	103.5	70.64	-191.4
17.193	-82.79	293.7	105.7	63.10	-219.6
17.226	-92.71	290.5	107.7	55.67	-228.2
17.259	-101.5	287.4	109.5	48.25	-238.6
17.293	-108.8	284.7	110.9	39.59	-268.9
17.326	-114.5	282.2	112.1	30.40	-284.0
17.359	-118.8	280.5	112.9	20.61	-286.0
17.393	-121.3	279.4	113.5	11.26	-291.6
17.426	-122.4	278.9	113.7	1.399	-303.7
17.459	-121.7	279.1	113.6	-9.171	-288.2
17.493	-119.4	280.3	113.1	-17.97	-257.2
17.526	-115.9	281.8	112.4	-26.00	-242.4
17.559	-110.9	283.8	111.4	-34.28	-230.2
17.592	-104.6	286.2	110.1	-41.38	-203.2
17.626	-97.25	289.1	108.6	-47.73	-199.0
17.659	-88.69	292.0	106.9	-54.57	-196.4
17.692	-78.75	294.8	105.0	-61.01	-173.1
17.726	-67.80	297.7	102.8	-66.04	-141.7
17.759	-55.95	300.3	100.6	-70.42	-109.7
17.792	-43.27	302.6	98.14	-73.50	-81.96
17.826	-30.17	304.5	95.66	-75.68	-64.72
17.859	-16.53	305.7	93.10	-77.86	-44.75
17.892	-2.501	306.3	90.47	-78.79	-6.303
17.926	11.53	306.4	87.85	-78.21	18.36
17.959	25.37	305.7	85.26	-77.45	42.48
17.992	39.08	304.4	82.68	-75.60	80.83
18.026	52.17	302.6	80.22	-71.94	124.1
18.059	64.47	300.5	77.89	-67.35	149.2
18.092	75.78	298.0	75.73	-61.96	165.7
18.126	85.97	295.2	73.76	-56.27	169.1
18.159	95.16	292.6	71.98	-50.68	187.5
18.192	103.3	289.9	70.38	-43.96	220.8
18.226	110.0	287.5	69.05	-35.80	246.8
18.259	115.4	285.5	68.00	-27.48	249.9
18.292	119.2	283.9	67.22	-19.16	261.9
18.326	121.7	282.9	66.72	-10.13	266.6
18.359	122.6	282.5	66.55	-1.186	259.6
18.392	122.1	282.7	66.64	7.053	250.2
18.425	120.3	283.6	67.02	15.48	259.7
18.459	117.0	284.9	67.67	24.33	244.4
18.492	112.1	286.6	68.64	32.02	230.6
18.525	106.2	288.8	69.81	39.33	219.9
18.559	98.86	291.4	71.26	46.95	208.4
18.592	90.25	294.0	72.94	53.19	178.4
18.625	80.57	296.6	74.80	58.76	159.1
18.659	69.89	299.2	76.85	63.83	128.5
18.692	58.31	301.5	79.06	67.42	94.28
18.725	46.21	303.5	81.34	69.96	72.35
18.759	33.58	305.0	83.72	72.27	52.10
18.792	20.53	305.8	86.16	73.51	24.31
18.825	7.396	306.1	88.62	73.79	-21.09
18.859	-5.759	306.1	91.08	72.33	-42.66
18.892	-18.35	305.6	93.44	70.54	-72.32
18.925	-30.80	304.4	95.78	67.98	-84.73
18.959	-42.37	302.8	97.97	64.44	-117.6
18.992	-53.45	300.9	100.1	60.51	-138.7
19.025	-63.46	298.6	102.0	55.01	-166.3
19.059	-72.47	296.4	103.7	49.40	-190.4
19.092	-80.49	294.4	105.3	42.51	-204.1
19.125	-87.02	292.5	106.6	35.46	-217.3
19.158	-92.53	290.8	107.7	28.37	-229.5
19.192	-96.58	289.3	108.5	20.00	-240.9
19.225	-99.26	288.5	109.0	12.21	-240.4
19.258	-100.7	287.8	109.3	4.201	-238.9
19.292	-100.6	287.7	109.3	-3.941	-228.1
19.325	-99.33	288.3	109.0	-10.95	-219.7
19.358	-96.97	289.2	108.5	-18.40	-205.5
19.392	-93.19	290.5	107.8	-25.01	-193.4
19.425	-88.60	292.1	106.9	-30.91	-184.8
19.458	-82.78	294.0	105.7	-37.50	-180.0
19.492	-75.82	295.9	104.4	-42.98	-162.1
19.525	-67.97	297.7	102.9	-48.11	-123.9
19.558	-59.14	299.7	101.2	-51.61	-107.3
19.592	-50.03	301.5	99.42	-54.72	-102.4
19.625	-40.02	303.2	97.52	-58.78	-105.4
19.658	-29.37	304.7	95.50	-61.68	-73.20
19.692	-18.20	305.6	93.41	-63.68	-48.88
19.725	-6.740	306.1	91.26	-64.92	-12.13
19.758	4.909	306.5	89.08	-64.62	10.83
19.792	16.29	306.3	86.95	-63.89	42.19
19.825	27.68	305.6	84.82	-62.19	55.74
19.858	38.41	304.5	82.81	-59.78	82.50
19.892	48.91	303.4	80.84	-57.04	93.78
19.925	58.57	301.6	79.01	-53.27	124.8
19.958	67.60	299.8	77.29	-48.92	146.6
19.991	75.68	298.0	75.75	-43.40	166.8
20.025	82.68	296.1	74.40	-37.76	178.9
20.058	88.76	294.6	73.23	-31.58	182.6
20.091	93.56	293.1	72.29	-25.41	188.8
20.125	97.46	292.0	71.54	-19.19	192.5
20.158	100.1	291.0	71.02	-12.46	227.8
20.191	101.7	290.4	70.71	-4.264	223.6
20.225	101.6	290.5	70.73	3.045	208.4
20.258	100.6	290.8	70.91	9.079	192.3
20.291	98.46	291.5	71.34	16.08	203.8
20.325	95.15	292.6	71.98	22.64	200.0
20.358	90.76	294.0	72.85	29.35	179.6
20.391	85.14	295.8	73.94	34.86	167.2
20.425	78.75	297.4	75.17	40.10	156.5
20.458	71.19	299.1	76.61	45.60	151.4
20.491	62.84	301.0	78.21	50.06	122.5
20.525	53.61	302.4	79.95	53.84	100.3
20.558	43.82	303.9	81.79	56.71	76.83
20.591	33.53	305.0	83.73	58.95	65.58
20.625	22.86	305.7	85.72	61.01	42.36
20.658	11.80	306.2	87.79	61.97	16.26
20.691	0.785	306.4	89.85	61.90	-25.22
20.724	-10.25	306.0	91.92	60.52	-53.17
20.758	-20.75	305.5	93.89	58.08	-70.42
20.791	-30.86	304.4	95.79	55.92	-71.70
20.824	-40.52	303.2	97.61	53.33	-95.89
20.858	-49.63	301.7	99.34	49.60	-117.8
20.891	-57.87	300.0	100.9	45.31	-140.5
20.924	-65.35	298.2	102.4	40.41	-162.3
20.958	-71.86	296.8	103.6	34.40	-170.8
20.991	-77.21	295.3	104.7	28.90	-188.4
21.024	-81.76	294.1	105.5	22.22	-210.9
21.058	-84.85	293.3	106.1	14.46	-215.3
21.091	-86.68	292.6	106.5	7.930	-201.3
21.124	-87.48	292.3	106.7	1.193	-188.2
21.158	-87.08	292.5	106.6	-4.884	-204.0
21.191	-85.85	292.9	106.3	-11.90	-194.7
21.224	-83.00	293.6	105.8	-18.55	-192.1
21.258	-79.51	294.7	105.1	-24.12	-172.4
21.291	-74.77	295.9	104.2	-30.37	-160.5
21.324	-69.07	297.3	103.1	-34.83	-146.6
21.358	-62.76	298.8	101.9	-39.79	-134.3
21.391	-55.28	300.4	100.4	-44.26	-121.3
21.424	-47.33	301.9	98.91	-47.49	-103.2
21.458	-38.64	303.2	97.26	-51.27	-93.92
21.491	-29.29	304.6	95.49	-53.88	-69.42
21.524	-19.60	305.5	93.67	-55.71	-36.07
21.557	-9.517	306.1	91.78	-56.49	-24.31
21.591	0.497	306.4	89.91	-57.00	2.584
21.624	10.79	306.4	87.98	-56.73	21.19
21.657	20.72	306.0	86.13	-55.25	37.96
21.691	30.48	305.4	84.30	-54.29	50.83
21.724	40.02	304.4	82.51	-52.02	82.66
21.757	48.91	303.1	80.83	-48.60	104.0
21.791	57.20	301.9	79.27	-45.12	120.8
21.824	64.80	300.4	77.83	-40.65	135.2
21.857	71.44	299.0	76.56	-35.90	151.7
21.891	77.30	297.5	75.44	-30.77	162.2
21.924	82.13	296.4	74.51	-24.92	188.6
21.957	85.98	295.5	73.77	-18.37	183.4
21.991	88.49	294.7	73.29	-12.35	182.0
22.024	90.20	294.2	72.95	-6.618	184.3
22.057	90.77	294.1	72.85	0.123	186.4
22.091	90.22	294.4	72.96	5.895	184.5
22.124	88.74	294.7	73.24	12.12	184.1
22.157	85.99	295.4	73.77	18.50	168.5
22.191	82.35	296.4	74.47	23.27	155.2
22.224	77.95	297.5	75.32	28.61	150.2
22.257	72.37	298.7	76.38	33.63	146.3
22.290	66.19	300.1	77.56	38.05	130.7
22.324	59.09	301.6	78.91	42.56	121.2
22.357	51.22	302.7	80.40	46.06	106.6
22.390	42.80	303.9	81.98	49.57	84.60
22.424	33.66	304.8	83.70	51.96	54.55
22.457	24.33	305.5	85.45	52.99	30.57
22.490	14.81	306.0	87.23	54.02	17.27
22.524	5.107	306.5	89.05	54.22	-8.177
22.557	-4.512	306.4	90.84	53.42	-28.03
22.590	-13.91	305.8	92.60	52.32	-34.64
22.624	-23.09	305.0	94.33	51.12	-51.40
22.657	-32.03	304.1	96.01	48.99	-87.57
22.690	-40.41	303.1	97.59	45.27	-126.2
22.724	-47.99	302.0	99.03	40.52	-132.0
22.757	-54.64	300.8	100.3	36.32	-124.6
22.790	-60.64	299.4	101.4	32.41	-138.1
22.824	-65.85	298.2	102.5	27.15	-153.2
22.857	-70.04	297.3	103.3	21.97	-169.5
22.890	-73.48	296.5	103.9	16.19	-179.1
22.924	-75.61	295.8	104.3	9.714	-198.5
22.957	-76.76	295.4	104.6	3.190	-183.9
22.990	-76.68	295.5	104.5	-2.845	-173.2
23.024	-75.79	295.7	104.4	-8.089	-168.8
23.057	-73.92	296.2	104.0	-14.13	-170.9
23.090	-70.94	297.0	103.4	-19.63	-149.3
23.123	-67.13	297.8	102.7	-24.01	-138.6
23.157	-62.62	298.9	101.8	-28.74	-136.2
23.190	-57.16	300.0	100.8	-33.30	-123.6
23.223	-51.02	301.2	99.62	-36.87	-114.2
23.257	-44.31	302.6	98.33	-40.82	-111.9
23.290	-36.72	303.6	96.90	-44.52	-90.04
23.323	-28.60	304.6	95.36	-46.80	-55.40
23.357	-20.16	305.4	93.78	-48.15	-37.29
23.390	-11.51	306.1	92.15	-49.25	-29.55
23.423	-2.649	306.5	90.50	-50.15	-12.44
23.457	6.354	306.5	88.81	-50.14	5.269
23.490	15.23	306.3	87.15	-49.66	25.58
23.523	24.06	305.9	85.50	-48.60	52.68
23.557	32.52	305.1	83.92	-46.12	71.42
23.590	40.46	304.4	82.43	-43.66	80.72
23.623	48.02	303.4	81.01	-40.95	103.4
23.657	54.95	302.4	79.70	-36.74	123.9
23.690	60.98	301.3	78.56	-32.52	121.9
23.723	66.38	300.3	77.53	-28.73	123.1
23.757	71.05	299.2	76.64	-24.35	154.7
23.790	74.90	298.4	75.91	-18.50	169.8
23.823	77.51	297.8	75.41	-12.73	172.2
23.856	79.27	297.1	75.06	-7.297	161.6
23.890	80.04	297.1	74.92	-1.756	180.7
23.923	79.95	297.3	74.95	4.461	174.8
23.956	78.51	297.6	75.22	10.33	154.7
23.990	76.31	298.0	75.63	14.52	146.0
24.023	73.40	298.6	76.19	19.90	155.1
24.056	69.36	299.5	76.96	25.20	145.0
24.090	64.61	300.5	77.87	29.37	118.6
24.123	59.07	301.5	78.92	33.18	118.5
24.156	52.93	302.6	80.08	37.11	115.3
24.190	45.97	303.6	81.39	41.03	86.92
24.223	38.41	304.6	82.81	43.01	55.99
24.256	30.71	305.4	84.26	44.46	49.17
24.290	22.60	306.0	85.77	46.43	30.90
24.323	14.17	306.3	87.35	46.68	17.08
24.356	5.958	306.4	88.89	47.14	0.990
24.390	-2.626	306.4	90.49	47.27	-20.98
24.423	-10.88	306.0	92.04	45.45	-52.31
24.456	-18.80	305.7	93.52	43.77	-47.89
24.490	-26.41	304.8	94.95	42.27	-66.67
24.523	-33.75	303.9	96.34	39.52	-77.87
24.556	-40.33	302.9	97.59	36.71	-105.3
24.590	-46.64	301.8	98.78	32.99	-123.8
24.623	-51.88	300.9	99.78	28.02	-138.6
24.656	-56.42	300.0	100.7	23.90	-130.4
24.689	-60.27	299.5	101.4	19.37	-133.8
24.723	-63.20	298.9	101.9	14.88	-155.6
24.756	-65.40	298.3	102.4	9.269	-173.5
24.789	-66.42	298.2	102.6	2.984	-170.2
24.823	-66.48	298.2	102.6	-2.023	-148.9
24.856	-65.75	298.4	102.4	-6.838	-131.5
24.889	-64.11	298.8	102.1	-10.96	-145.6
24.923	-61.90	299.1	101.7	-16.12	-142.2
24.956	-58.51	299.9	101.0	-21.04	-132.9
24.989	-54.58	300.6	100.3	-24.54	-106.4
25.023	-49.92	301.5	99.40	-28.32	-110.7
25.056	-44.68	302.4	98.40	-31.81	-97.78
25.089	-38.77	303.4	97.28	-34.96	-78.41
25.123	-32.37	304.2	96.07	-37.02	-67.61
25.156	-25.69	304.9	94.82	-39.29	-61.15
25.189	-18.45	305.5	93.46	-41.33	-42.64
25.223	-11.01	306.0	92.06	-42.06	-23.52
25.256	-3.496	306.1	90.65	-42.78	-22.33
25.289	4.226	306.5	89.21	-43.64	-6.504
25.323	12.05	306.3	87.75	-43.31	35.32
25.356	19.67	306.1	86.32	-41.27	55.18
25.389	26.77	305.7	85.00	-39.38	50.32
25.422	33.68	305.1	83.70	-38.10	51.67
25.456	40.31	304.4	82.46	-35.96	72.81
25.489	46.44	303.6	81.30	-33.19	93.04
25.522	52.04	302.7	80.25	-29.81	120.2
25.556	56.93	301.8	79.32	-25.21	129.7
25.589	60.87	301.0	78.57	-20.92	125.2
25.622	64.25	300.3	77.92	-17.10	132.7
25.656	66.88	299.9	77.43	-12.08	142.8
25.689	68.49	299.5	77.12	-7.361	142.0
25.722	69.50	299.5	76.94	-2.851	140.3
25.756	69.50	299.3	76.93	2.126	148.6
25.789	68.76	299.7	77.08	6.996	133.3
25.822	67.05	299.8	77.39	11.15	136.5
25.856	64.84	300.4	77.82	15.78	128.8
25.889	61.53	301.0	78.45	20.15	124.4
25.922	57.74	301.6	79.16	23.73	103.1
25.956	53.20	302.5	80.03	27.26	100.6
25.989	48.16	303.4	80.98	30.26	92.69
26.022	42.50	304.0	82.04	33.49	84.58
26.056	36.29	304.9	83.21	35.98	69.77
26.089	29.73	305.4	84.44	38.02	51.81
26.122	22.76	305.9	85.74	39.56	33.07
26.156	15.64	306.2	87.08	40.16	11.89
26.189	8.450	306.5	88.42	40.35	-7.420
26.222	1.258	306.6	89.76	39.72	-15.71
26.255	-5.711	306.4	91.07	39.11	-19.87
26.289	-12.67	305.9	92.37	38.58	-29.99
26.322	-19.42	305.4	93.64	37.09	-61.37
26.355	-25.83	304.8	94.84	34.53	-73.26
26.389	-31.65	304.2	95.94	32.00	-77.82
26.422	-37.16	303.7	96.98	29.55	-82.29
26.455	-42.07	302.8	97.91	26.43	-114.1
26.489	-46.41	302.0	98.74	22.11	-133.5
26.522	-49.81	301.5	99.38	17.26	-133.3
26.555	-52.48	301.1	99.89	13.30	-120.4
26.589	-54.49	300.8	100.3	9.303	-125.2
26.622	-55.73	300.5	100.5	4.941	-138.0
26.655	-56.20	300.4	100.6	0.128	-138.7
26.689	-55.77	300.5	100.5	-4.430	-129.6
26.722	-54.65	300.7	100.3	-8.424	-120.8
26.755	-52.83	301.0	99.95	-12.47	-108.0
26.789	-50.31	301.6	99.47	-15.75	-107.6
26.822	-47.34	302.1	98.91	-19.36	-103.6
26.855	-43.53	302.8	98.18	-22.98	-103.3
26.889	-39.25	303.3	97.37	-25.99	-87.65
26.922	-34.36	304.0	96.45	-28.98	-74.12
26.955	-29.02	304.6	95.44	-30.92	-65.41
26.988	-23.41	305.0	94.39	-33.16	-55.06
27.022	-17.27	305.7	93.23	-34.88	-40.73
27.055	-11.03	306.1	92.06	-35.64	-26.17
27.088	-4.589	306.5	90.86	-36.68	-23.86
27.122	2.036	306.5	89.62	-37.28	4.668
27.155	8.702	306.5	88.37	-36.47	20.13
27.188	15.04	306.3	87.19	-35.64	31.29
27.222	21.40	306.0	86.00	-34.69	38.64
27.255	27.39	305.6	84.88	-32.86	53.30
27.288	33.09	305.0	83.81	-31.20	63.62
27.322	38.50	304.7	82.80	-28.70	83.62
27.355	43.26	303.8	81.90	-25.52	92.38
27.388	47.49	303.2	81.10	-22.53	93.48
27.422	51.24	302.8	80.39	-19.37	105.5
27.455	54.33	302.2	79.81	-15.50	117.6
27.488	56.71	301.9	79.36	-11.45	117.8
27.522	58.36	301.5	79.04	-7.666	121.3
27.555	59.39	301.3	78.85	-3.453	120.9
27.588	59.60	301.4	78.81	0.559	119.2
27.622	59.21	301.5	78.89	4.328	112.2
27.655	58.08	301.7	79.10	8.155	117.8
27.688	56.32	301.9	79.43	12.05	125.0
27.722	53.80	302.2	79.91	16.53	108.1
27.755	50.50	302.9	80.53	19.50	93.83
27.788	46.93	303.3	81.21	22.34	82.35
27.821	42.59	303.9	82.02	25.39	84.89
27.855	37.94	304.5	82.90	27.73	58.62
27.888	32.76	305.1	83.87	29.54	47.01
27.921	27.46	305.6	84.87	30.65	44.31
27.955	21.87	306.0	85.91	32.50	43.09
27.988	15.87	306.1	87.03	33.70	21.61
28.021	9.855	306.5	88.16	33.81	-0.257
28.055	3.825	306.5	89.29	33.69	-1.517
28.088	-2.158	306.5	90.40	33.67	-25.93
28.121	-8.171	306.2	91.53	32.23	-41.42
28.155	-13.63	305.9	92.55	30.48	-36.08
28.188	-19.00	305.5	93.56	30.02	-45.74
28.221	-24.28	305.0	94.55	27.69	-76.49
28.255	-28.83	304.7	95.40	24.52	-92.36
28.288	-32.95	304.1	96.19	21.76	-81.89
28.321	-36.51	303.7	96.85	18.91	-87.58
28.355	-39.63	303.2	97.45	16.06	-86.92
28.388	-42.17	303.0	97.93	13.01	-100.6
28.421	-44.19	302.4	98.31	9.501	-120.6
28.455	-45.49	302.3	98.56	4.918	-129.4
28.488	-45.93	302.3	98.64	0.723	-120.4
28.521	-45.76	302.3	98.61	-2.965	-110.9
28.554	-44.91	302.5	98.44	-6.721	-98.32
28.588	-43.38	302.6	98.16	-9.597	-84.38
28.621	-41.49	302.8	97.80	-12.18	-81.59
28.654	-39.09	303.2	97.35	-15.11	-89.72
28.688	-36.20	303.8	96.80	-18.12	-99.64
28.721	-32.71	304.1	96.14	-21.71	-80.14
28.754	-28.53	304.7	95.35	-23.80	-62.09
28.788	-24.30	305.1	94.55	-25.37	-54.04
28.821	-19.54	305.6	93.66	-27.69	-46.57
28.854	-14.47	305.8	92.71	-28.50	-24.77
28.888	-9.398	306.0	91.76	-29.13	-17.14
28.921	-4.098	306.1	90.77	-29.82	-20.33
28.954	1.219	306.3	89.77	-30.34	0.409
28.988	6.711	306.4	88.75	-30.03	17.37
29.021	11.93	306.4	87.77	-28.94	18.73
29.054	17.03	306.2	86.82	-28.78	18.06
29.088	22.19	306.0	85.85	-27.96	33.38
29.121	27.00	305.8	84.95	-26.34	64.27
29.154	31.57	305.4	84.10	-23.90	75.27
29.188	35.49	304.9	83.36	-21.06	77.50
29.221	39.02	304.3	82.69	-18.86	69.20
29.254	42.18	304.2	82.10	-16.44	93.07
29.288	44.87	303.8	81.60	-12.80	96.32
29.321	46.70	303.5	81.25	-9.636	83.84
29.354	48.28	303.3	80.96	-7.518	90.42
29.387	49.39	303.3	80.75	-3.697	102.4
29.421	49.60	303.2	80.71	-0.301	108.5
29.454	49.50	303.3	80.73	3.084	90.27
29.487	48.52	303.5	80.92	6.202	90.18
29.521	47.31	303.6	81.14	8.662	79.21
29.554	45.42	303.7	81.49	11.73	90.22
29.587	43.11	303.9	81.93	14.55	76.44
29.621	40.26	304.3	82.46	16.97	75.20
29.654	37.11	304.7	83.06	19.36	69.91
29.687	33.39	305.0	83.75	21.81	62.11
29.721	29.34	305.3	84.51	23.44	38.65
29.754	25.06	305.7	85.31	24.42	45.25
29.787	20.65	305.9	86.14	26.21	46.06
29.821	15.71	306.0	87.06	27.87	25.97
29.854	10.74	306.4	87.99	27.79	-5.920
29.887	5.816	306.5	88.91	27.42	-8.459
29.921	0.958	306.5	89.82	27.21	-25.17
29.954	-3.885	306.4	90.73	25.94	-26.33
29.987	-8.283	306.2	91.55	25.06	-41.44
30.021	-12.81	306.1	92.40	23.70	-37.35
30.054	-16.72	305.9	93.13	22.02	-42.20
30.087	-20.63	305.4	93.86	21.26	-43.02
30.120	-24.25	305.1	94.55	19.11	-73.21
30.154	-27.41	304.8	95.14	16.32	-75.16
30.187	-30.03	304.4	95.63	14.01	-75.55
30.220	-32.36	304.3	96.07	11.48	-76.18
30.254	-34.11	304.2	96.40	8.735	-102.6
30.287	-35.46	304.0	96.65	4.953	-114.1
30.320	-35.86	304.0	96.73	0.730	-93.92
30.354	-35.69	303.7	96.70	-1.287	-65.25
30.387	-35.37	303.8	96.64	-3.319	-74.17
30.420	-34.52	303.9	96.48	-6.382	-79.14
30.454	-33.11	304.0	96.22	-8.694	-77.36
30.487	-31.44	304.2	95.90	-11.29	-78.06
30.520	-29.15	304.7	95.46	-14.15	-74.27
30.554	-26.45	304.9	94.96	-16.15	-54.76
30.587	-23.41	305.1	94.39	-17.81	-49.30
30.620	-20.14	305.6	93.77	-19.38	-49.98
30.654	-16.54	305.8	93.10	-21.15	-43.51
30.687	-12.62	305.9	92.36	-22.38	-28.64
30.720	-8.580	306.1	91.61	-22.98	-11.96
30.754	-4.443	306.4	90.83	-23.22	-9.042
30.787	-0.313	306.5	90.06	-23.48	-2.660
30.820	3.927	306.5	89.27	-23.53	-5.351
30.854	8.076	306.5	88.49	-23.67	4.443
30.887	12.36	306.4	87.69	-23.46	27.41
30.920	16.44	306.3	86.93	-21.77	39.40
30.953	20.13	306.1	86.24	-20.62	41.04
30.987	23.79	306.0	85.55	-19.35	36.33
31.020	27.00	305.5	84.95	-17.89	51.73
31.053	30.16	305.5	84.36	-16.21	69.93
31.087	32.79	305.2	83.87	-13.10	83.27
31.120	34.83	305.1	83.49	-10.52	65.50
31.153	36.53	304.9	83.17	-8.826	64.67
31.187	37.95	304.7	82.90	-6.350	74.13
31.220	38.78	304.6	82.74	-3.661	70.18
31.253	39.25	304.5	82.66	-1.758	78.59
31.287	39.40	304.5	82.63	1.372	94.40
31.320	38.76	304.6	82.75	4.861	78.77
31.353	37.66	304.6	82.95	6.596	58.22
31.387	36.41	304.8	83.19	8.494	67.18
31.420	34.64	304.8	83.52	11.22	61.91
31.453	32.41	305.0	83.94	12.76	47.69
31.487	30.09	305.1	84.37	14.12	48.78
31.520	27.40	305.6	84.88	16.17	51.44
31.553	24.36	305.8	85.44	17.58	38.14
31.587	21.14	305.9	86.05	18.64	38.49
31.620	17.71	306.0	86.69	20.10	33.56
31.653	13.99	306.4	87.39	21.04	6.280
31.686	10.23	306.5	88.09	20.49	-1.829
31.720	6.676	306.5	88.75	20.64	7.883
31.753	2.865	306.5	89.46	21.32	-8.445
31.786	-0.926	306.4	90.17	20.12	-27.86
31.820	-4.305	306.3	90.81	19.13	-29.20
31.853	-7.741	306.3	91.45	18.49	-30.14
31.886	-10.89	306.2	92.04	16.97	-43.43
31.920	-13.78	306.0	92.58	15.59	-41.97
31.953	-16.44	305.9	93.08	14.20	-44.87
31.986	-18.82	305.6	93.52	12.60	-53.99
32.020	-20.91	305.4	93.92	10.63	-56.00
32.053	-22.60	305.3	94.23	8.778	-48.84
32.086	-24.03	305.3	94.50	7.417	-60.63
32.120	-25.24	305.3	94.73	4.924	-88.47
32.153	-25.78	305.1	94.83	1.330	-77.95
32.186	-25.71	305.2	94.82	-0.490	-62.47
32.220	-25.61	305.2	94.80	-2.353	-65.40
32.253	-24.88	305.3	94.66	-5.194	-69.38
32.286	-23.77	305.3	94.45	-6.928	-41.86
32.320	-22.42	305.5	94.20	-7.973	-46.40
32.353	-20.93	305.5	93.92	-9.820	-53.19
32.386	-18.92	305.5	93.54	-11.81	-47.40
32.420	-16.73	305.7	93.13	-12.84	-24.68
32.453	-14.35	305.8	92.69	-13.51	-31.40
32.486	-11.92	305.8	92.23	-14.75	-24.60
32.519	-9.105	306.0	91.70	-15.49	-21.56
32.553	-6.412	306.0	91.20	-15.83	-18.23
32.586	-3.475	306.4	90.65	-16.90	-21.98
32.619	-0.398	306.5	90.07	-17.30	-2.499
32.653	2.691	306.5	89.50	-17.06	5.546
32.686	5.684	306.5	88.94	-16.84	7.609
32.719	8.696	306.5	88.37	-16.64	10.28
32.753	11.62	306.5	87.83	-16.12	13.44
32.786	14.44	306.4	87.30	-15.72	25.17
32.819	17.23	306.4	86.78	-14.58	45.43
32.853	19.64	306.2	86.33	-12.56	51.78
32.886	21.71	306.2	85.94	-11.06	35.67
32.919	23.59	306.0	85.59	-10.24	30.91
32.953	25.37	306.1	85.26	-9.093	52.95
32.986	26.84	305.9	84.99	-6.744	59.91
33.019	27.75	305.6	84.81	-4.833	50.79
33.053	28.54	305.5	84.66	-3.595	40.91
33.086	29.02	305.4	84.57	-2.016	51.84
33.119	29.25	305.4	84.53	-0.214	63.66
33.153	29.10	305.5	84.56	2.239	65.65
33.186	28.46	305.5	84.68	4.298	58.26
33.219	27.56	305.5	84.84	5.981	48.91
33.252	26.33	305.7	85.08	7.645	42.71
33.286	24.84	305.7	85.35	8.809	31.14
33.319	23.18	305.7	85.66	9.708	28.58
33.352	21.38	305.9	86.00	10.68	28.26
33.386	19.37	305.8	86.38	11.64	21.95
33.419	17.23	305.9	86.78	12.16	20.97
33.452	15.04	305.9	87.19	12.92	30.03
33.486	12.62	306.0	87.64	14.23	28.92
33.519	9.983	306.4	88.13	14.94	1.997
33.552	7.310	306.4	88.63	14.37	-7.823
33.586	4.860	306.4	89.09	14.17	-13.33
33.619	2.258	306.4	89.58	13.80	-4.121
33.652	-5.982E-2	306.4	90.01	13.53	-16.09
33.686	-2.566	306.4	90.48	13.13	-26.01
33.719	-4.739	306.4	90.89	11.55	-35.40
33.752	-6.679	306.2	91.25	10.74	-17.95
33.786	-8.563	306.2	91.60	10.42	-24.77
33.819	-10.39	306.2	91.94	9.219	-46.05
33.852	-11.85	306.1	92.22	7.214	-53.98
33.886	-12.96	306.0	92.42	5.593	-37.53
33.919	-13.84	306.1	92.59	4.694	-29.29
33.952	-14.63	306.1	92.74	3.766	-38.77
33.986	-15.19	306.1	92.84	2.088	-45.07
34.019	-15.38	306.1	92.88	0.645	-52.99
34.052	-15.42	306.1	92.88	-1.230	-55.92
34.085	-14.94	306.1	92.79	-3.325	-38.63
34.119	-14.23	306.2	92.66	-3.821	-28.05
34.152	-13.58	306.1	92.54	-4.871	-28.30
34.185	-12.50	306.2	92.34	-6.086	-37.05
34.219	-11.41	306.2	92.13	-7.024	-32.35
34.252	-9.994	306.3	91.87	-8.448	-28.67
34.285	-8.405	306.4	91.57	-8.932	-20.59
34.319	-6.812	306.4	91.27	-9.653	-11.22
34.352	-4.964	306.4	90.93	-9.940	-8.169
34.385	-3.270	306.5	90.61	-9.919	-5.041
34.419	-1.430	306.5	90.27	-10.44	-14.55
34.452	0.450	306.5	89.92	-10.82	-9.115
34.485	2.428	306.5	89.55	-11.10	-4.628
34.519	4.409	306.5	89.18	-11.10	5.626
34.552	6.385	306.5	88.81	-10.77	6.196
34.585	8.249	306.5	88.46	-10.58	17.84
34.619	10.16	306.4	88.10	-9.791	29.52
34.652	11.74	306.4	87.81	-8.402	27.52
34.685	13.16	306.4	87.54	-7.948	21.47
34.719	14.58	306.4	87.28	-7.162	27.95
34.752	15.71	306.4	87.06	-5.911	34.99
34.785	16.69	306.4	86.88	-4.901	25.96
34.818	17.46	306.3	86.74	-4.113	22.42
34.852	18.15	306.3	86.61	-3.486	36.38
34.885	18.70	306.3	86.51	-1.787	48.40
34.918	18.80	306.3	86.49	-1.895E-2	31.43
34.952	18.71	306.4	86.50	0.285	23.31
34.985	18.70	306.4	86.51	1.253	25.81
35.018	18.26	306.3	86.59	2.361	35.24
35.052	17.85	306.4	86.67	3.291	21.12
35.085	17.09	306.3	86.81	4.075	23.13
35.118	16.39	306.4	86.94	4.549	19.39
35.152	15.47	306.4	87.11	5.532	23.34
35.185	14.42	306.4	87.31	6.074	11.85
35.218	13.30	306.4	87.51	6.330	9.241
35.252	12.16	306.5	87.73	6.633	20.33
35.285	10.93	306.5	87.96	7.645	16.22
35.318	9.437	306.6	88.24	7.954	-0.386
35.352	8.094	306.5	88.49	7.403	-0.823
35.385	6.793	306.5	88.73	7.852	5.077
35.418	5.295	306.5	89.01	7.978	4.517
35.452	3.950	306.6	89.26	7.899	-9.356
35.485	2.479	306.5	89.54	7.610	-16.66
35.518	1.236	306.4	89.77	6.606	-21.56
35.551	0.123	306.4	89.98	6.171	-16.97
35.585	-0.963	306.4	90.18	5.579	-18.36
35.618	-1.865	306.4	90.35	4.842	-14.79
35.651	-2.689	306.5	90.50	4.608	-9.863
35.685	-3.508	306.4	90.66	4.259	-15.02
35.718	-4.206	306.3	90.79	3.565	-37.06
35.751	-4.777	306.3	90.89	1.918	-46.60
35.785	-4.889	306.3	90.91	0.205	-32.47
35.818	-4.849	306.3	90.91	-0.189	-5.422
35.851	-4.822	306.3	90.90	-9.471E-2	-6.113
35.885	-4.816	306.3	90.90	-0.515	-19.51
35.918	-4.639	306.4	90.87	-1.473	-25.78
35.951	-4.292	306.4	90.80	-2.256	-25.83
35.985	-3.836	306.4	90.72	-3.132	-16.87
36.018	-3.177	306.5	90.59	-3.525	-14.34
36.051	-2.580	306.4	90.48	-3.880	-13.84
36.085	-1.793	306.4	90.34	-4.598	-14.04
36.118	-0.941	306.4	90.18	-4.790	7.316
36.151	-8.578E-2	306.5	90.02	-4.175	5.898
36.185	0.547	306.5	89.90	-4.136	-9.675
36.218	1.388	306.5	89.74	-5.031	-17.99
36.251	2.341	306.5	89.56	-5.340	-3.063
36.285	3.292	306.5	89.38	-5.208	2.284
36.318	4.197	306.4	89.22	-5.143	6.744
36.351	5.125	306.4	89.04	-4.847	20.93
36.384	5.925	306.4	88.89	-3.742	16.08
36.418	6.459	306.4	88.79	-3.536	2.803
36.451	7.186	306.4	88.66	-3.849	7.135
36.484	7.832	306.5	88.54	-3.007	15.53
36.518	8.257	306.4	88.46	-2.636	17.20
36.551	8.773	306.5	88.36	-2.126	11.32
36.584	9.017	306.5	88.31	-1.599	18.04
36.618	9.343	306.5	88.25	-1.187	14.74
36.651	9.440	306.4	88.24	-0.420	18.44
36.684	9.491	306.4	88.23	-4.776E-2	6.984
36.718	9.457	306.4	88.23	0.109	10.63
36.751	9.454	306.5	88.23	0.529	11.00
36.784	9.268	306.5	88.27	1.004	18.74
36.818	9.094	306.4	88.30	1.606	21.01
36.851	8.695	306.4	88.37	2.546	12.21
36.884	8.187	306.5	88.47	2.471	3.113
36.918	7.814	306.5	88.54	2.537	-3.502
36.951	7.283	306.5	88.64	2.491	8.154
36.984	6.926	306.5	88.71	2.765	-0.359
37.018	6.296	306.4	88.82	2.854	4.437
37.051	5.909	306.5	88.90	2.684	-9.667
37.084	5.339	306.5	89.00	2.545	-7.076
37.117	5.001	306.4	89.07	1.946	
37.151	4.645	306.5	89.13		
