	mass A					
t	x	y	θ	ω	α	
0.000	-293.9	72.17	166.2		
0.033	-292.1	78.89	164.9	-52.94	
0.067	-288.8	90.11	162.7	-79.91	-777.8
0.100	-283.4	105.6	159.6	-105.0	-728.0
0.133	-275.5	124.6	155.7	-128.2	-684.0
0.167	-264.7	146.6	151.0	-150.7	-637.3
0.200	-249.6	170.7	145.6	-170.8	-582.5
0.233	-230.5	195.9	139.6	-189.2	-615.9
0.267	-206.4	221.1	133.0	-211.4	-455.9
0.300	-178.4	249.6	125.6	-222.3	-249.5
0.333	-145.3	270.9	118.2	-224.9	-137.1
0.367	-108.2	288.3	110.6	-232.6	-165.7
0.400	-67.85	300.8	102.7	-236.1	-63.77
0.433	-26.02	307.8	94.83	-236.5	-9.158
0.466	16.47	309.4	86.95	-236.6	55.42
0.500	58.90	304.9	79.06	-233.3	141.7
0.533	98.99	294.2	71.40	-226.7	226.5
0.566	136.3	279.0	63.96	-218.5	317.1
0.600	170.2	260.5	56.84	-205.7	394.3
0.633	199.1	239.4	50.25	-191.5	465.6
0.666	223.8	216.7	44.08	-175.5	558.3
0.700	243.6	194.2	38.56	-154.1	677.0
0.733	258.9	173.4	33.81	-130.2	714.1
0.766	270.1	155.2	29.88	-106.3	746.9
0.800	278.2	140.1	26.73	-80.87	747.0
0.833	283.3	129.1	24.49	-55.80	771.4
0.866	286.4	121.6	23.01	-30.30	785.1
0.900	287.6	119.0	22.47	-2.864	813.4
0.933	286.8	120.7	22.82	23.69	789.8
0.966	284.2	126.9	24.05	49.91	808.5
1.000	279.5	137.2	26.14	77.24	786.5
1.033	271.6	151.8	29.20	103.0	722.7
1.066	261.2	169.7	33.01	125.0	651.9
1.100	247.0	189.7	37.53	146.4	626.9
1.133	228.5	211.3	42.76	166.9	592.0
1.166	205.7	233.7	48.65	185.8	498.2
1.199	177.9	255.5	55.15	200.5	379.6
1.233	146.0	274.7	62.01	210.8	311.0
1.266	110.4	290.5	69.19	221.0	278.7
1.299	71.19	302.1	76.74	229.8	186.7
1.333	29.67	308.2	84.50	233.5	44.80
1.366	-12.39	309.0	92.30	232.6	-50.37
1.399	-53.61	304.0	100.0	229.9	-98.84
1.433	-93.30	293.8	107.6	226.1	-172.4
1.466	-130.3	278.6	115.1	218.6	-252.7
1.499	-163.4	259.6	122.2	208.8	-370.9
1.533	-193.0	238.5	129.0	194.7	-466.7
1.566	-217.0	215.8	135.2	176.9	-551.0
1.599	-236.9	193.4	140.8	158.4	-619.3
1.633	-252.7	172.3	145.7	135.7	-668.7
1.666	-264.4	153.7	149.8	113.1	-690.7
1.699	-272.5	137.3	153.3	90.41	-738.5
1.733	-278.3	124.8	155.8	63.74	-789.6
1.766	-281.6	116.6	157.5	37.38	-778.3
1.799	-283.3	112.5	158.3	12.18	-746.8
1.833	-283.4	112.7	158.3	-12.58	-743.3
1.866	-281.8	116.7	157.5	-37.12	-732.0
1.899	-278.3	124.8	155.8	-61.57	-690.1
1.933	-272.5	136.5	153.4	-83.28	-658.2
1.966	-264.7	151.0	150.3	-104.9	-616.5
1.999	-254.3	168.9	146.4	-125.1	-567.4
2.032	-240.7	188.3	142.0	-142.2	-508.9
2.066	-223.7	209.1	136.9	-159.1	-495.8
2.099	-202.5	230.1	131.4	-175.2	-445.7
2.132	-177.0	250.4	125.3	-189.0	-342.2
2.166	-147.8	269.3	118.8	-198.1	-258.0
2.199	-115.5	285.3	112.0	-205.7	-206.2
2.232	-80.02	297.6	105.1	-212.3	-157.1
2.266	-42.39	305.5	97.90	-216.0	-52.54
2.299	-3.549	309.1	90.66	-216.1	41.18
2.332	35.05	307.7	83.50	-213.0	100.2
2.366	72.50	301.2	76.47	-209.3	170.7
2.399	108.3	290.6	69.55	-202.1	279.6
2.432	140.9	276.6	63.00	-190.3	366.2
2.466	169.7	260.0	56.87	-177.6	384.1
2.499	194.9	242.1	51.17	-164.7	423.6
2.532	216.7	223.6	45.90	-149.6	515.8
2.566	234.2	205.0	41.20	-130.3	609.5
2.599	248.1	188.4	37.21	-108.8	652.1
2.632	258.4	174.0	33.95	-86.84	681.6
2.666	265.9	162.4	31.43	-63.50	716.0
2.699	270.6	154.5	29.72	-38.92	749.1
2.732	272.6	150.1	28.83	-13.70	751.3
2.765	272.6	149.9	28.81	11.37	747.3
2.799	270.6	153.6	29.59	35.92	685.0
2.832	266.3	161.3	31.20	57.54	666.0
2.865	259.6	171.3	33.42	79.34	660.7
2.899	250.4	185.2	36.49	102.4	635.0
2.932	237.8	201.3	40.25	121.6	555.6
2.965	221.6	218.5	44.59	139.2	529.1
2.999	202.1	236.8	49.52	156.8	509.3
3.032	178.4	255.1	55.04	173.3	456.0
3.065	150.5	272.2	61.07	187.2	379.8
3.099	118.6	286.6	67.51	198.6	267.5
3.132	83.89	298.4	74.30	205.3	175.5
3.165	47.38	306.0	81.20	209.7	90.27
3.199	9.331	309.1	88.27	211.9	21.11
3.232	-28.64	307.7	95.32	210.7	-53.21
3.265	-65.83	301.6	102.3	208.4	-113.7
3.299	-101.4	291.0	109.2	203.3	-212.2
3.332	-134.3	277.0	115.9	194.3	-291.0
3.365	-163.6	260.2	122.2	183.6	-377.0
3.399	-189.4	241.5	128.1	169.7	-472.6
3.432	-210.7	222.4	133.5	151.7	-534.1
3.465	-228.0	203.9	138.2	133.9	-552.3
3.499	-242.0	186.4	142.4	115.2	-625.9
3.532	-252.9	171.3	145.9	92.30	-689.6
3.565	-260.4	159.4	148.5	68.68	-677.7
3.598	-265.6	150.5	150.5	47.32	-690.5
3.632	-268.8	144.8	151.7	23.21	-713.0
3.665	-269.6	143.3	152.0	-1.108	-694.7
3.698	-268.6	145.1	151.6	-22.61	-643.3
3.732	-265.9	150.4	150.5	-44.06	-630.1
3.765	-260.9	158.8	148.7	-64.63	-623.1
3.798	-253.9	170.0	146.2	-85.39	-598.1
3.832	-244.0	184.0	143.0	-104.9	-553.6
3.865	-231.6	199.8	139.2	-122.0	-498.6
3.898	-215.7	216.8	134.9	-138.1	-470.1
3.932	-197.2	235.1	130.0	-153.3	-404.3
3.965	-174.5	252.5	124.6	-165.5	-318.9
3.998	-148.8	268.8	119.0	-174.3	-260.7
4.032	-120.3	283.1	113.0	-182.7	-234.6
4.065	-89.04	294.9	106.8	-190.1	-182.6
4.098	-55.48	303.4	100.4	-194.9	-92.56
4.132	-20.54	308.1	93.81	-196.4	-4.883
4.165	14.69	309.1	87.28	-195.1	67.68
4.198	49.40	305.6	80.82	-191.8	141.6
4.232	83.00	299.2	74.49	-185.7	208.7
4.265	114.2	289.0	68.44	-177.7	260.7
4.298	143.0	276.5	62.65	-168.5	321.8
4.331	168.6	261.7	57.21	-156.3	395.7
4.365	190.5	246.0	52.23	-141.9	478.2
4.398	209.4	230.6	47.75	-124.8	562.6
4.431	224.6	216.3	43.92	-104.2	604.5
4.465	235.9	203.6	40.81	-84.14	596.4
4.498	244.4	193.1	38.31	-64.79	602.9
4.531	250.2	185.1	36.49	-43.98	635.7
4.565	253.8	180.3	35.38	-22.33	652.8
4.598	254.9	178.4	35.00	-0.495	630.6
4.631	253.6	179.9	35.35	19.93	628.5
4.665	250.4	184.1	36.33	40.87	634.4
4.698	244.9	191.8	38.07	62.67	616.4
4.731	236.8	202.3	40.50	81.95	576.9
4.765	225.7	214.4	43.53	100.8	538.6
4.798	211.4	228.5	47.22	118.3	510.1
4.831	194.0	243.2	51.42	134.4	475.1
4.865	173.2	258.5	56.17	150.2	433.9
4.898	148.9	273.3	61.43	163.4	354.3
4.931	121.3	286.6	67.06	173.8	282.9
4.965	90.87	297.3	73.00	182.2	235.0
4.998	58.23	305.3	79.20	189.3	152.5
5.031	23.68	309.3	85.62	192.7	65.57
5.065	-11.04	309.3	92.05	193.2	-42.96
5.098	-45.61	305.4	98.50	190.5	-111.1
5.131	-78.46	298.3	104.7	185.1	-171.2
5.164	-109.5	287.7	110.8	179.4	-220.1
5.198	-138.2	274.9	116.7	170.5	-301.3
5.231	-163.8	260.1	122.2	159.2	-374.6
5.264	-185.9	244.1	127.3	145.6	-441.9
5.298	-204.9	228.3	131.9	129.7	-499.5
5.331	-220.2	213.1	135.9	112.3	-532.3
5.364	-232.4	199.3	139.4	94.18	-562.8
5.398	-242.0	187.6	142.2	74.87	-609.8
5.431	-248.8	178.3	144.4	53.56	-655.6
5.464	-253.0	172.1	145.8	31.06	-653.9
5.498	-254.6	168.9	146.4	9.775	-643.9
5.531	-254.5	168.9	146.4	-11.47	-632.6
5.564	-252.4	172.4	145.7	-32.75	-590.7
5.598	-248.3	178.8	144.3	-50.91	-551.7
5.631	-242.4	187.4	142.3	-69.00	-544.1
5.664	-233.4	198.3	139.7	-87.61	-510.9
5.698	-222.2	211.3	136.4	-103.1	-460.8
5.731	-208.1	224.9	132.8	-117.9	-450.4
5.764	-191.3	239.7	128.6	-133.4	-421.6
5.798	-171.2	254.9	123.9	-146.3	-356.4
5.831	-148.4	269.4	118.8	-156.8	-273.0
5.864	-122.5	282.5	113.4	-164.7	-192.0
5.897	-94.58	293.4	107.9	-169.4	-133.0
5.931	-65.04	301.9	102.2	-173.5	-94.33
5.964	-33.94	307.2	96.31	-176.0	-56.17
5.997	-2.327	309.2	90.43	-176.9	0.977
6.031	29.57	308.1	84.52	-176.2	63.74
6.064	60.79	303.9	78.69	-172.6	176.8
6.097	90.55	296.5	73.02	-164.7	254.6
6.131	117.7	287.2	67.71	-155.0	267.9
6.164	142.5	276.0	62.69	-146.9	289.3
6.197	165.3	263.7	57.92	-136.2	363.0
6.231	184.6	250.5	53.61	-122.3	457.2
6.264	200.9	237.5	49.77	-106.1	529.3
6.297	214.2	226.1	46.54	-86.83	577.5
6.331	223.8	216.1	43.99	-67.41	563.8
6.364	231.3	208.7	42.05	-49.26	545.5
6.397	236.3	203.3	40.70	-31.21	578.0
6.431	238.8	200.2	39.97	-10.91	607.2
6.464	238.7	200.1	39.98	9.703	594.1
6.497	236.4	202.7	40.62	28.53	561.4
6.531	232.1	208.1	41.88	47.04	565.2
6.564	225.2	215.6	43.75	66.12	550.8
6.597	215.4	225.2	46.28	84.06	524.8
6.631	203.0	236.5	49.36	100.8	490.3
6.664	187.7	249.0	53.00	116.9	438.5
6.697	169.1	261.9	57.15	130.1	384.7
6.730	147.7	274.0	61.67	142.2	360.2
6.764	123.3	285.3	66.62	154.3	318.2
6.797	96.27	295.6	71.96	163.6	230.5
6.830	67.10	303.4	77.53	169.5	129.9
6.864	36.45	308.3	83.26	172.4	61.08
6.897	5.324	310.0	89.02	173.4	22.54
6.930	-25.97	308.6	94.81	174.0	-20.39
6.964	-56.87	303.6	100.6	172.2	-98.01
6.997	-86.57	296.3	106.3	167.3	-187.8
7.030	-114.2	286.0	111.8	159.8	-267.3
7.064	-139.4	274.4	116.9	149.4	-320.5
7.097	-161.5	261.2	121.7	138.2	-359.7
7.130	-181.0	247.9	126.1	125.7	-417.4
7.164	-197.5	234.6	130.1	110.4	-474.5
7.197	-211.2	222.6	133.5	93.84	-533.0
7.230	-221.9	211.7	136.3	75.25	-570.9
7.264	-229.8	203.3	138.5	55.32	-583.4
7.297	-235.2	197.1	140.0	36.50	-559.5
7.330	-238.6	193.6	140.9	18.01	-567.8
7.364	-239.3	192.1	141.2	-1.165	-544.0
7.397	-238.2	193.8	140.9	-18.74	-529.4
7.430	-235.0	197.3	140.0	-35.79	-533.1
7.463	-230.0	203.7	138.5	-54.59	-534.1
7.497	-222.2	212.0	136.3	-71.56	-487.3
7.530	-212.1	221.9	133.7	-86.85	-439.4
7.563	-200.0	233.6	130.6	-101.0	-395.5
7.597	-185.0	245.6	127.0	-113.2	-357.5
7.630	-167.6	257.9	123.0	-124.6	-321.3
7.663	-147.7	270.0	118.7	-134.8	-293.0
7.697	-125.4	281.1	114.0	-143.9	-243.4
7.730	-100.8	291.4	109.1	-151.4	-188.8
7.763	-74.41	299.6	103.9	-156.3	-115.7
7.797	-46.54	305.4	98.67	-159.2	-38.56
7.830	-18.01	308.8	93.34	-158.9	6.109
7.863	10.39	309.4	88.08	-158.3	62.82
7.897	38.94	307.6	82.79	-155.5	104.9
7.930	66.00	303.1	77.72	-150.6	170.7
7.963	91.97	296.2	72.75	-144.7	213.4
7.997	116.0	288.2	68.07	-136.0	297.2
8.030	138.0	279.0	63.69	-125.2	330.3
8.063	156.9	268.9	59.73	-113.6	388.5
8.097	173.8	258.8	56.12	-99.90	434.2
8.130	187.2	249.1	53.07	-84.02	470.5
8.163	197.9	240.3	50.52	-68.74	477.2
8.197	206.5	233.4	48.49	-52.27	493.0
8.230	212.5	228.2	47.04	-35.69	532.1
8.263	216.1	224.7	46.11	-17.26	544.5
8.296	217.0	223.9	45.89	1.292	521.8
8.330	215.8	225.1	46.20	17.21	470.2
8.363	212.5	228.2	47.04	32.63	473.4
8.396	207.1	233.1	48.37	48.61	489.2
8.430	199.4	239.9	50.27	65.35	496.5
8.463	188.7	248.0	52.73	81.73	458.2
8.496	175.6	257.6	55.72	96.07	403.3
8.530	159.9	267.5	59.13	108.4	366.4
8.563	141.6	277.3	62.94	120.4	351.9
8.596	120.9	286.9	67.16	131.9	307.6
8.630	97.41	295.1	71.74	141.1	235.0
8.663	72.16	301.9	76.56	147.5	144.0
8.696	45.47	306.6	81.56	150.8	89.82
8.730	18.32	309.4	86.61	153.0	47.06
8.763	-9.537	309.7	91.76	154.4	13.22
8.796	-37.17	307.2	96.90	153.7	-67.44
8.830	-64.22	302.0	102.0	150.2	-132.3
8.863	-89.67	294.9	106.9	144.4	-197.0
8.896	-113.5	286.3	111.6	137.4	-245.0
8.930	-135.1	276.3	116.1	128.0	-325.5
8.963	-154.4	265.7	120.2	115.9	-359.8
8.996	-170.7	255.1	123.8	103.5	-372.0
9.029	-184.7	244.6	127.1	91.51	-404.5
9.063	-196.6	235.2	129.9	76.59	-493.0
9.096	-205.8	227.3	132.2	58.62	-523.9
9.129	-212.2	221.3	133.8	41.20	-518.7
9.163	-216.5	217.2	134.9	24.49	-513.0
9.196	-218.3	215.1	135.4	6.815	-504.7
9.229	-218.1	215.3	135.4	-9.295	-467.5
9.263	-216.0	217.5	134.8	-24.14	-460.1
9.296	-212.0	221.4	133.8	-39.85	-480.3
9.329	-205.9	227.5	132.1	-56.27	-463.3
9.363	-197.3	235.1	130.0	-70.94	-411.5
9.396	-186.4	243.6	127.4	-83.51	-359.8
9.429	-173.5	253.0	124.4	-94.95	-336.8
9.463	-158.6	263.0	121.1	-105.8	-322.1
9.496	-141.5	273.1	117.4	-116.5	-292.4
9.529	-121.9	282.5	113.3	-125.4	-205.3
9.563	-100.4	291.2	109.0	-130.4	-140.1
9.596	-78.01	298.5	104.6	-134.2	-118.5
9.629	-54.04	303.9	100.1	-138.6	-100.8
9.663	-29.13	307.8	95.41	-140.9	-47.10
9.696	-3.738	309.7	90.69	-141.6	19.04
9.729	21.81	309.3	85.97	-139.9	74.10
9.763	46.55	306.7	81.37	-136.4	119.3
9.796	70.50	302.4	76.88	-132.2	172.2
9.829	93.20	296.7	72.56	-125.0	237.9
9.862	113.8	289.5	68.55	-116.0	260.8
9.896	132.3	281.6	64.83	-107.6	288.4
9.929	149.0	273.0	61.38	-97.23	339.5
9.962	163.1	264.6	58.35	-84.57	416.4
9.996	175.0	257.0	55.74	-69.81	438.3
10.029	183.9	250.4	53.70	-54.77	454.0
10.062	190.6	244.8	52.09	-40.07	464.0
10.096	195.6	241.8	51.03	-23.64	491.1
10.129	197.5	239.7	50.52	-7.298	467.3
10.162	197.2	239.6	50.54	7.631	463.3
10.196	195.2	241.3	51.03	23.15	460.5
10.229	190.8	244.9	52.08	38.80	433.7
10.262	184.4	250.2	53.61	51.94	433.0
10.296	176.0	256.6	55.55	67.12	427.8
10.329	164.3	263.8	58.08	81.42	378.9
10.362	151.0	272.0	60.97	91.82	309.0
10.396	135.3	279.9	64.20	102.0	314.5
10.429	117.7	287.9	67.77	112.7	295.3
10.462	97.45	294.9	71.71	122.1	232.2
10.496	75.56	300.9	75.90	128.1	157.4
10.529	52.56	305.8	80.25	132.4	117.6
10.562	28.53	308.9	84.72	136.0	83.56
10.595	3.758	310.1	89.31	138.0	27.64
10.629	-21.20	309.2	93.92	137.8	-51.94
10.662	-45.73	306.4	98.49	134.6	-98.28
10.695	-69.04	301.6	102.9	130.8	-150.5
10.729	-91.45	295.3	107.2	125.2	-176.8
10.762	-111.6	287.3	111.2	118.4	-236.7
10.795	-130.6	278.8	115.1	110.1	-278.9
10.829	-147.0	269.9	118.6	99.23	-326.8
10.862	-161.4	261.2	121.7	88.53	-364.6
10.895	-173.8	253.2	124.5	75.21	-403.4
10.929	-183.4	245.8	126.7	61.12	-444.2
10.962	-190.9	239.6	128.5	46.15	-438.1
10.995	-196.4	235.7	129.8	31.26	-454.9
11.029	-200.0	233.1	130.6	16.51	-456.8
11.062	-200.9	232.0	130.9	0.365	-471.2
11.095	-199.9	232.7	130.7	-14.79	-434.1
11.129	-196.8	235.3	129.9	-28.71	-414.2
11.162	-191.9	239.2	128.7	-42.14	-397.6
11.195	-185.2	244.8	127.1	-55.41	-394.7
11.229	-176.2	251.2	125.1	-68.26	-354.3
11.262	-165.4	259.1	122.6	-79.39	-312.0
11.295	-152.7	267.0	119.8	-88.71	-283.2
11.329	-137.8	274.7	116.6	-98.30	-275.2
11.362	-121.4	283.1	113.2	-107.1	-250.0
11.395	-102.8	290.2	109.5	-114.9	-200.4
11.428	-82.66	297.0	105.6	-120.7	-150.7
11.462	-61.34	302.5	101.5	-124.7	-77.93
11.495	-38.96	306.7	97.24	-126.2	-41.40
11.528	-16.46	308.9	93.05	-126.9	-4.577
11.562	6.566	309.3	88.78	-127.1	11.47
11.595	29.24	308.4	84.58	-125.7	88.88
11.628	51.67	305.6	80.41	-121.7	140.7
11.662	72.67	302.0	76.47	-115.7	205.5
11.695	92.41	296.6	72.70	-108.6	219.3
11.728	110.2	290.6	69.24	-100.5	257.9
11.762	126.4	283.9	66.00	-91.90	285.3
11.795	140.7	277.4	63.11	-81.20	339.9
11.828	152.8	271.0	60.59	-69.41	390.2
11.862	162.8	265.5	58.49	-55.22	409.5
11.895	169.9	260.6	56.91	-41.65	398.3
11.928	175.1	256.9	55.71	-29.08	401.8
11.962	178.5	254.6	54.97	-14.85	434.2
11.995	179.8	254.2	54.72	-2.453E-2	435.0
12.028	178.6	254.7	54.97	14.18	413.1
12.062	175.5	257.0	55.67	27.50	408.1
12.095	170.3	260.2	56.80	41.21	398.4
12.128	163.0	265.1	58.41	54.36	377.6
12.161	153.7	270.8	60.42	66.16	367.7
12.195	142.3	277.2	62.82	78.76	328.3
12.228	128.3	283.7	65.67	88.66	274.4
12.261	113.0	290.2	68.73	96.35	227.6
12.295	95.73	296.2	72.09	104.2	231.0
12.328	76.92	301.2	75.67	111.5	195.9
12.361	56.47	305.3	79.52	117.6	159.3
12.395	35.06	308.2	83.51	121.8	89.07
12.428	12.77	309.8	87.64	123.8	28.72
12.461	-9.528	309.5	91.76	123.5	-38.21
12.495	-31.64	308.0	95.87	121.5	-51.78
12.528	-52.94	304.6	99.86	119.6	-85.34
12.561	-73.82	299.7	103.8	116.4	-157.5
12.595	-93.33	294.0	107.6	108.9	-231.9
12.628	-110.8	287.3	111.1	100.6	-264.1
12.661	-126.7	280.4	114.3	91.63	-300.7
12.695	-140.6	273.7	117.2	80.48	-329.2
12.728	-152.4	267.3	119.7	69.45	-330.6
12.761	-162.3	261.4	121.8	58.67	-351.2
12.795	-170.1	256.0	123.6	46.13	-376.5
12.828	-175.8	251.9	124.9	33.29	-387.6
12.861	-179.6	248.9	125.8	20.53	-402.4
12.895	-181.4	247.3	126.3	6.445	-418.8
12.928	-181.5	247.6	126.2	-7.550	-416.8
12.961	-179.4	249.1	125.8	-21.19	-388.4
12.994	-175.6	252.4	124.8	-33.68	-380.4
13.028	-169.9	256.5	123.5	-46.13	-336.1
13.061	-162.2	262.0	121.8	-56.74	-284.7
13.094	-153.0	267.7	119.7	-64.57	-265.5
13.128	-142.2	273.7	117.5	-74.29	-287.1
13.161	-129.4	280.2	114.8	-84.10	-270.1
13.194	-115.0	286.8	111.8	-92.17	-217.0
13.228	-98.88	293.0	108.6	-98.67	-188.8
13.261	-81.46	298.3	105.3	-104.5	-158.8
13.294	-62.64	302.9	101.7	-109.5	-92.25
13.328	-42.93	306.4	97.97	-110.8	-29.19
13.361	-23.23	308.9	94.30	-110.9	-15.22
13.394	-3.149	310.3	90.58	-112.0	-24.89
13.428	17.14	309.9	86.83	-112.6	33.05
13.461	37.43	308.3	83.08	-110.2	108.2
13.494	56.70	305.7	79.49	-105.0	163.1
13.528	74.74	301.6	76.08	-99.36	182.4
13.561	91.67	297.4	72.87	-92.86	224.3
13.594	107.1	292.7	69.89	-84.56	285.3
13.628	120.8	287.8	67.24	-73.80	317.0
13.661	132.0	282.8	64.97	-63.10	295.4
13.694	141.5	278.1	63.03	-54.19	279.5
13.727	149.7	274.1	61.36	-44.74	326.7
13.761	155.8	270.4	60.05	-32.49	372.9
13.794	159.7	267.9	59.20	-19.52	391.6
13.827	162.0	266.9	58.75	-6.639	392.7
13.861	162.1	267.1	58.76	6.799	388.7
13.894	159.9	268.3	59.20	19.32	372.2
13.927	156.0	270.6	60.04	31.47	352.3
13.961	150.1	274.1	61.30	42.96	348.0
13.994	142.1	277.8	62.91	54.39	335.0
14.027	132.1	282.4	64.92	65.57	300.6
14.061	120.2	287.0	67.28	74.44	254.0
14.094	106.9	291.9	69.88	82.29	236.9
14.127	92.19	297.1	72.76	90.25	222.1
14.161	75.65	301.1	75.90	97.23	183.1
14.194	57.93	304.8	79.24	102.5	134.5
14.227	39.23	307.3	82.72	106.1	105.1
14.261	19.94	309.4	86.31	109.3	73.04
14.294	-5.720E-2	309.3	90.01	111.3	16.57
14.327	-20.09	308.5	93.73	110.4	-66.40
14.361	-39.63	306.4	97.37	106.8	-100.8
14.394	-58.13	303.4	100.8	103.3	-113.7
14.427	-75.98	299.1	104.3	99.70	-136.5
14.461	-92.71	294.2	107.5	94.05	-203.5
14.494	-108.0	288.6	110.5	86.28	-243.7
14.527	-121.4	282.7	113.2	77.49	-274.8
14.560	-133.3	277.3	115.7	68.21	-299.6
14.594	-143.4	272.2	117.8	57.45	-337.7
14.627	-151.5	267.6	119.5	45.72	-324.6
14.660	-157.4	263.7	120.8	35.44	-347.8
14.694	-162.2	260.8	121.9	23.37	-353.5
14.727	-164.6	259.6	122.4	10.87	-369.7
14.760	-165.5	258.8	122.6	-0.472	-353.4
14.794	-164.6	259.8	122.4	-13.12	-367.5
14.827	-161.9	262.0	121.7	-24.84	-346.7
14.860	-157.3	264.9	120.7	-36.26	-304.4
14.894	-150.9	268.8	119.3	-45.37	-278.1
14.927	-143.2	273.0	117.7	-54.24	-286.5
14.960	-133.7	277.8	115.7	-64.75	-274.7
14.994	-122.4	283.3	113.4	-72.86	-232.2
15.027	-109.9	288.8	110.8	-79.74	-181.1
15.060	-95.83	294.1	108.0	-85.39	-158.8
15.094	-80.80	298.5	105.1	-89.84	-152.7
15.127	-64.60	302.3	102.1	-95.69	-127.4
15.160	-47.22	306.0	98.77	-98.82	-77.78
15.194	-29.60	308.7	95.48	-100.2	-12.32
15.227	-11.33	310.3	92.09	-100.2	8.014
15.260	6.522	310.9	88.80	-99.09	43.04
15.293	24.45	309.8	85.49	-97.85	76.20
15.327	41.83	308.4	82.28	-93.88	143.2
15.360	58.21	306.0	79.23	-88.26	172.9
15.393	73.33	303.0	76.40	-82.23	178.8
15.427	87.18	299.1	73.75	-76.41	173.8
15.460	99.92	295.3	71.30	-70.61	220.5
15.493	111.4	291.0	69.05	-62.12	257.6
15.527	121.0	287.4	67.17	-52.77	284.5
15.560	129.3	284.1	65.53	-43.68	306.4
15.593	135.6	281.1	64.25	-32.21	352.0
15.627	139.9	279.2	63.38	-20.12	363.3
15.660	142.2	278.1	62.91	-8.026	334.4
15.693	142.6	278.0	62.85	2.417	303.0
15.727	141.6	278.9	63.07	11.83	310.6
15.760	138.8	280.0	63.64	23.05	329.9
15.793	134.1	282.6	64.61	34.15	310.8
15.827	127.4	284.9	65.91	43.64	280.6
15.860	119.3	288.4	67.52	52.79	283.8
15.893	109.7	292.3	69.43	62.48	244.9
15.927	98.06	296.2	71.68	69.62	196.3
15.960	85.50	299.6	74.07	74.96	181.0
15.993	71.76	303.0	76.68	81.81	186.4
16.027	56.56	305.8	79.52	87.60	151.5
16.060	40.53	308.5	82.52	91.76	103.8
16.093	23.67	310.2	85.64	94.63	65.50
16.126	6.393	310.6	88.82	96.04	36.89
16.160	-11.03	310.1	92.04	97.01	-6.033
16.193	-28.54	308.5	95.29	95.93	-62.42
16.226	-45.35	306.0	98.43	92.60	-115.2
16.260	-61.34	302.7	101.5	88.34	-135.3
16.293	-76.35	299.2	104.3	83.46	-163.9
16.326	-90.35	295.2	107.0	77.57	-179.0
16.360	-102.8	290.6	109.5	71.28	-198.2
16.393	-114.2	286.0	111.8	64.62	-223.0
16.426	-124.3	281.8	113.8	56.35	-272.5
16.460	-132.6	277.8	115.5	46.53	-305.0
16.493	-139.1	274.2	116.9	35.87	-323.3
16.526	-143.9	271.7	117.9	25.05	-335.7
16.560	-147.1	270.3	118.6	13.50	-345.5
16.593	-148.5	270.0	118.8	1.914	-305.9
16.626	-147.7	270.0	118.7	-7.140	-294.1
16.660	-146.1	270.9	118.3	-16.96	-306.8
16.693	-142.4	272.9	117.6	-28.21	-310.9
16.726	-137.2	275.6	116.5	-37.52	-268.9
16.760	-130.6	279.3	115.1	-46.11	-240.4
16.793	-122.4	283.1	113.4	-53.63	-237.5
16.826	-112.9	286.9	111.5	-61.63	-222.7
16.859	-101.8	291.2	109.3	-68.93	-181.6
16.893	-89.74	295.5	106.9	-73.55	-129.8
16.926	-76.76	299.5	104.4	-77.49	-116.5
16.959	-62.87	302.9	101.7	-81.32	-115.4
16.993	-48.16	305.6	98.96	-85.14	-102.1
17.026	-32.64	307.7	96.05	-88.26	-64.47
17.059	-16.62	309.4	93.07	-89.49	-6.883
17.093	-0.491	310.1	90.09	-88.69	35.31
17.126	15.35	310.0	87.16	-86.98	72.99
17.159	30.86	308.8	84.29	-84.02	90.54
17.193	45.49	306.8	81.57	-80.65	119.2
17.226	59.65	304.6	78.92	-76.44	144.1
17.259	72.60	301.7	76.47	-70.75	185.9
17.293	84.60	299.0	74.20	-64.24	216.0
17.326	95.20	296.3	72.19	-56.27	238.0
17.359	104.2	293.6	70.45	-48.28	260.3
17.393	111.7	290.7	68.97	-39.18	276.8
17.426	117.3	288.1	67.84	-29.50	282.5
17.459	121.6	286.7	67.01	-20.51	267.4
17.493	124.3	285.6	66.48	-11.62	283.5
17.526	125.6	285.3	66.23	-1.829	300.5
17.559	124.9	285.2	66.35	8.646	299.8
17.593	122.4	285.8	66.81	18.14	290.9
17.626	118.7	287.4	67.56	27.86	264.2
17.659	113.2	289.7	68.67	36.15	254.3
17.692	106.5	292.1	69.97	44.23	244.8
17.726	98.01	294.9	71.61	52.93	239.0
17.759	88.29	298.0	73.50	60.02	214.2
17.792	77.28	301.2	75.61	67.10	172.9
17.826	64.74	303.9	77.97	71.94	136.9
17.859	51.74	306.1	80.41	75.67	109.4
17.892	37.75	308.0	83.01	79.62	83.55
17.926	23.17	309.0	85.71	81.21	51.05
17.959	8.509	309.7	88.43	82.71	32.41
17.992	-6.610	309.5	91.22	83.74	-4.248
18.026	-21.64	309.0	94.01	82.34	-31.14
18.059	-36.21	307.7	96.71	81.33	-71.36
18.092	-50.74	305.6	99.43	78.25	-93.14
18.126	-63.93	302.7	101.9	74.30	-120.2
18.159	-76.78	299.5	104.4	70.88	-133.1
18.192	-88.54	296.1	106.6	65.19	-211.3
18.226	-99.17	292.6	108.7	57.05	-235.2
18.259	-107.9	289.2	110.5	48.92	-237.1
18.292	-115.5	286.1	112.0	41.73	-240.9
18.326	-121.7	283.4	113.2	32.77	-264.4
18.359	-126.3	281.5	114.2	23.93	-286.4
18.392	-129.6	280.1	114.8	14.04	-270.0
18.425	-130.9	279.5	115.1	5.285	-276.7
18.459	-131.3	279.4	115.2	-3.567	-283.7
18.492	-129.8	280.2	114.9	-14.21	-286.3
18.525	-126.7	281.6	114.2	-22.63	-239.9
18.559	-122.4	283.5	113.4	-30.04	-231.5
18.592	-116.9	286.0	112.2	-37.99	-222.6
18.625	-109.8	288.7	110.8	-45.12	-201.7
18.659	-101.8	292.0	109.2	-51.21	-168.0
18.692	-92.64	295.4	107.4	-56.51	-140.1
18.725	-82.63	298.8	105.5	-60.45	-117.9
18.759	-71.83	301.9	103.4	-64.29	-126.0
18.792	-60.08	304.2	101.2	-68.81	-128.3
18.825	-47.42	306.4	98.80	-73.02	-96.03
18.859	-34.06	308.2	96.31	-75.26	-46.12
18.892	-20.44	309.3	93.78	-75.96	-20.84
18.925	-6.738	310.1	91.24	-76.57	-8.102
18.959	7.153	310.2	88.68	-76.66	52.31
18.992	20.93	309.9	86.14	-73.35	93.51
19.025	33.61	308.9	83.79	-69.72	113.4
19.059	45.94	307.1	81.49	-66.41	105.0
19.092	57.29	305.1	79.37	-62.28	150.2
19.125	68.12	303.3	77.34	-56.90	159.8
19.159	77.53	301.4	75.57	-51.01	201.8
19.192	86.06	299.0	73.94	-44.14	214.5
19.225	92.97	297.3	72.63	-36.07	219.6
19.258	98.74	295.7	71.54	-29.74	218.1
19.292	103.4	294.3	70.65	-21.78	244.1
19.325	106.2	293.1	70.09	-13.10	241.1
19.358	107.8	292.5	69.78	-5.793	234.0
19.392	108.1	292.3	69.70	2.273	246.6
19.425	106.9	292.6	69.93	10.90	264.0
19.458	104.3	293.4	70.43	19.66	264.4
19.492	100.0	294.5	71.24	28.70	249.8
19.525	94.47	296.7	72.34	36.36	199.2
19.558	87.54	298.6	73.66	42.02	179.0
19.592	79.79	300.7	75.14	47.92	174.2
19.625	70.80	303.2	76.86	53.99	165.2
19.658	60.73	304.9	78.74	58.77	150.6
19.692	49.78	306.4	80.77	63.96	129.8
19.725	37.80	307.7	83.00	67.75	87.43
19.758	25.45	308.8	85.29	69.53	55.53
19.792	12.81	309.7	87.63	71.40	34.13
19.825	-0.247	309.8	90.05	72.06	10.21
19.858	-13.16	309.7	92.43	71.79	-19.41
19.892	-26.09	308.8	94.83	70.99	-70.99
19.925	-38.68	307.7	97.16	67.19	-92.06
19.958	-50.11	305.8	99.31	64.20	-110.5
19.991	-61.37	303.2	101.4	60.67	-127.6
20.025	-71.37	300.7	103.4	55.05	-181.3
20.058	-80.50	298.1	105.1	48.99	-181.0
20.091	-88.31	295.9	106.6	42.59	-183.5
20.125	-95.14	293.7	107.9	37.00	-181.5
20.158	-100.9	291.7	109.1	30.50	-205.4
20.191	-105.4	290.0	110.0	23.28	-232.0
20.225	-108.8	289.0	110.6	15.11	-242.9
20.258	-110.6	288.4	111.0	6.897	-260.2
20.291	-111.1	288.1	111.1	-1.950	-244.0
20.325	-109.9	288.4	110.9	-9.870	-216.5
20.358	-107.7	289.1	110.4	-15.99	-181.1
20.391	-104.5	290.5	109.8	-22.07	-210.6
20.425	-100.3	292.0	109.0	-29.67	-190.2
20.458	-94.59	294.4	107.8	-35.56	-179.7
20.491	-88.42	296.7	106.6	-40.70	-135.7
20.525	-80.69	299.0	105.1	-45.49	-152.0
20.558	-72.70	301.4	103.6	-49.93	-127.8
20.591	-63.29	303.6	101.8	-54.78	-106.8
20.625	-53.43	305.8	99.91	-56.75	-52.63
20.658	-43.21	307.7	97.99	-58.25	-59.30
20.691	-32.63	309.0	96.03	-60.56	-51.80
20.725	-21.45	310.0	93.96	-62.07	-15.67
20.758	-10.27	310.9	91.89	-61.43	22.28
20.791	0.739	311.0	89.86	-60.50	26.92
20.824	11.62	311.1	87.86	-59.66	26.66
20.858	22.30	310.2	85.89	-58.72	61.45
20.891	32.79	309.2	83.95	-55.84	89.80
20.924	42.40	308.2	82.17	-52.30	117.6
20.958	51.53	306.7	80.46	-48.39	126.7
20.991	59.72	305.6	78.94	-43.53	168.9
21.024	67.04	303.9	77.56	-37.49	179.2
21.058	72.90	302.4	76.44	-31.13	182.2
21.091	77.86	300.8	75.49	-25.65	174.3
21.124	81.87	300.0	74.73	-19.45	183.7
21.158	84.78	299.5	74.19	-13.36	178.6
21.191	86.57	298.8	73.84	-7.571	216.7
21.224	87.34	298.4	73.69	0.705	243.7
21.258	86.26	298.7	73.89	9.351	223.2
21.291	84.03	299.1	74.31	15.33	175.5
21.324	80.92	300.2	74.91	20.96	161.1
21.358	76.76	301.3	75.71	26.16	163.8
21.391	71.70	302.3	76.66	31.67	161.3
21.424	65.50	303.4	77.82	37.16	154.2
21.458	58.54	304.9	79.13	41.82	156.0
21.491	50.77	306.8	80.60	47.43	143.0
21.524	41.72	308.3	82.29	51.78	84.00
21.557	32.24	309.6	84.06	52.88	61.61
21.591	22.68	310.1	85.82	55.38	61.39
21.624	12.22	310.4	87.75	57.70	56.52
21.657	1.829	310.7	89.66	58.58	-3.058
21.691	-8.933	310.1	91.65	58.05	-0.669
21.724	-19.09	309.3	93.53	57.76	-29.11
21.757	-29.70	308.5	95.50	57.01	-50.78
21.791	-39.47	306.9	97.33	53.77	-100.8
21.824	-48.82	305.4	99.08	50.53	-104.1
21.857	-57.40	303.9	100.7	46.68	-114.9
21.891	-65.32	302.3	102.2	42.94	-135.4
21.924	-72.56	300.9	103.6	37.82	-155.8
21.957	-78.51	299.0	104.7	32.27	-151.2
21.991	-83.74	297.7	105.7	27.81	-166.6
22.024	-88.26	296.7	106.6	21.52	-188.2
22.057	-91.27	295.9	107.1	14.73	-204.4
22.091	-93.33	295.2	107.5	8.315	-180.0
22.124	-93.96	294.5	107.7	2.312	-182.1
22.157	-94.05	294.7	107.7	-3.385	-170.9
22.191	-92.88	295.1	107.5	-9.424	-175.9
22.224	-90.81	295.7	107.1	-14.89	-158.0
22.257	-87.75	296.6	106.5	-20.12	-161.4
22.290	-84.01	298.2	105.7	-25.44	-154.3
22.324	-79.03	299.5	104.8	-30.64	-157.1
22.357	-73.29	300.9	103.7	-35.67	-142.7
22.390	-66.48	302.2	102.4	-40.40	-105.0
22.424	-58.97	303.4	101.0	-42.72	-83.73
22.457	-51.31	304.7	99.56	-45.51	-103.3
22.490	-42.80	305.9	97.97	-49.90	-92.42
22.524	-33.53	307.0	96.23	-51.94	-39.44
22.557	-24.27	308.1	94.50	-52.19	-23.49
22.590	-14.88	309.0	92.76	-53.44	9.877
22.624	-5.087	309.2	90.94	-52.10	41.78
22.657	3.866	309.3	89.28	-49.85	52.09
22.690	12.85	309.3	87.62	-49.10	29.26
22.724	21.56	309.2	86.01	-47.73	74.25
22.757	30.03	308.5	84.44	-44.49	85.09
22.790	37.52	307.6	83.05	-41.42	105.3
22.824	44.87	306.8	81.68	-38.17	132.4
22.857	51.18	306.0	80.50	-32.27	137.0
22.890	56.40	305.2	79.53	-28.67	109.3
22.924	61.44	304.5	78.59	-25.61	118.7
22.957	65.54	303.7	77.82	-20.51	169.9
22.990	68.70	303.0	77.23	-14.39	180.5
23.024	70.60	302.5	76.86	-8.240	180.9
23.057	71.65	302.6	76.68	-2.511	174.3
23.090	71.61	302.8	76.70	3.455	167.1
23.123	70.50	303.1	76.91	8.680	159.2
23.157	68.52	303.4	77.27	13.90	165.7
23.190	65.62	304.4	77.83	19.79	160.1
23.223	61.63	305.4	78.59	24.73	153.3
23.257	56.87	306.3	79.48	29.71	139.6
23.290	51.02	307.2	80.57	34.38	117.4
23.323	44.52	307.9	81.77	37.37	87.78
23.357	37.57	308.8	83.06	40.18	105.8
23.390	30.07	309.4	84.45	44.28	93.32
23.423	21.60	310.0	86.01	46.93	33.50
23.457	13.12	310.3	87.58	46.24	20.63
23.490	4.911	310.8	89.09	47.79	43.87
23.523	-4.128	310.3	90.76	49.92	30.18
23.557	-13.10	309.7	92.42	49.48	-49.42
23.590	-21.95	309.3	94.06	46.88	-45.81
23.623	-29.97	308.7	95.55	45.68	-53.12
23.657	-38.38	308.0	97.10	44.32	-76.07
23.690	-45.83	306.7	98.50	40.02	-125.4
23.723	-52.57	305.3	99.77	36.08	-103.7
23.757	-58.58	304.1	100.9	32.94	-94.16
23.790	-64.16	302.7	102.0	30.05	-107.8
23.823	-69.14	301.7	102.9	25.74	-135.2
23.856	-73.20	300.7	103.7	20.93	-160.7
23.890	-76.39	299.7	104.3	15.21	-179.7
23.923	-78.36	298.8	104.7	8.753	-186.7
23.956	-79.46	299.0	104.9	2.796	-160.9
23.990	-79.51	299.2	104.9	-2.077	-125.3
24.023	-78.78	299.3	104.7	-5.500	-132.4
24.056	-77.59	299.7	104.5	-10.52	-146.4
24.090	-75.06	300.1	104.0	-15.82	-142.9
24.123	-72.08	301.2	103.5	-19.71	-119.0
24.156	-68.31	302.4	102.7	-23.84	-103.7
24.190	-63.84	303.7	101.9	-26.75	-84.54
24.223	-58.97	304.9	100.9	-29.25	-107.4
24.256	-53.55	306.1	99.92	-33.79	-100.2
24.290	-47.00	307.2	98.70	-36.58	-87.55
24.323	-40.52	308.5	97.48	-38.80	-51.71
24.356	-33.14	309.6	96.11	-40.80	-63.08
24.390	-25.89	310.5	94.77	-42.27	-49.20
24.423	-17.89	310.9	93.29	-44.61	-34.96
24.456	-9.730	310.9	91.79	-44.54	15.37
24.490	-1.771	311.1	90.33	-43.45	23.19
24.523	5.990	311.2	88.90	-42.91	57.56
24.556	13.77	311.2	87.47	-40.10	78.14
24.590	20.53	311.2	86.22	-36.94	60.68
24.623	27.14	310.5	85.01	-36.40	58.27
24.656	33.64	309.7	83.80	-33.43	90.74
24.689	39.13	308.8	82.78	-29.73	103.5
24.723	44.30	308.1	81.82	-26.93	119.0
24.756	48.77	307.3	80.98	-21.87	169.0
24.789	52.07	306.6	80.36	-15.46	179.6
24.823	54.21	306.0	79.95	-9.797	136.6
24.856	55.54	305.9	79.71	-6.263	109.5
24.889	56.53	306.0	79.54	-2.883	119.6
24.923	56.67	306.3	79.52	1.874	143.3
24.956	55.91	306.4	79.66	6.690	118.6
24.989	54.24	306.4	79.96	9.981	106.5
25.023	52.27	306.6	80.33	13.35	123.5
25.056	49.40	306.8	80.85	18.41	152.3
25.089	45.69	307.6	81.55	23.53	148.5
25.123	41.05	308.5	82.42	28.33	112.9
25.156	35.56	309.2	83.44	31.26	83.25
25.189	29.83	310.0	84.50	33.51	59.13
25.223	23.52	310.8	85.67	35.50	28.82
25.256	17.03	311.2	86.87	35.38	35.76
25.289	10.70	311.2	88.03	37.34	46.98
25.323	3.499	311.5	89.36	39.36	28.97
25.356	-3.546	311.1	90.65	38.80	-8.345
25.389	-10.54	310.8	91.94	38.81	-8.463
25.422	-17.57	310.4	93.24	38.37	-21.08
25.456	-24.40	310.1	94.50	37.30	-26.16
25.489	-31.03	309.5	95.72	36.59	-55.06
25.522	-37.52	308.4	96.94	33.99	-65.86
25.556	-43.21	307.8	97.99	31.55	-101.5
25.589	-48.81	306.8	99.04	28.05	-102.1
25.622	-53.11	305.6	99.86	23.86	-111.9
25.656	-57.17	304.6	100.6	21.16	-115.8
25.689	-60.64	304.3	101.3	16.13	-121.1
25.722	-62.87	303.4	101.7	12.57	-116.5
25.756	-65.11	303.5	102.1	9.087	-128.3
25.789	-66.24	303.5	102.3	3.597	-155.5
25.822	-66.47	303.7	102.3	-1.229	-110.1
25.856	-65.83	303.8	102.2	-3.987	-86.67
25.889	-65.06	304.0	102.1	-6.497	-127.6
25.922	-63.52	304.2	101.8	-12.47	-150.2
25.956	-60.57	304.5	101.3	-17.20	-116.6
25.989	-57.44	305.5	100.6	-19.69	-88.98
26.022	-53.58	305.8	99.94	-23.21	-75.88
26.056	-49.18	307.0	99.10	-25.05	-74.30
26.089	-44.76	307.9	98.27	-27.52	-63.44
26.122	-39.32	308.3	97.27	-30.01	-40.54
26.156	-33.98	309.3	96.27	-29.88	-31.85
26.189	-28.60	309.6	95.28	-31.81	-56.26
26.222	-22.47	309.7	94.15	-34.17	-34.82
26.255	-16.24	309.8	93.00	-34.01	11.78
26.289	-10.19	310.0	91.88	-33.24	14.58
26.322	-4.249	310.0	90.79	-33.01	13.37
26.355	1.715	310.2	89.68	-32.48	15.12
26.389	7.475	310.3	88.62	-31.85	21.42
26.422	13.22	310.4	87.56	-31.21	52.66
26.455	18.76	310.4	86.54	-28.48	89.28
26.489	23.49	309.7	85.66	-24.93	92.86
26.522	27.75	309.7	84.88	-22.37	75.77
26.555	31.53	309.0	84.17	-19.94	91.37
26.589	34.92	309.0	83.55	-16.40	96.23
26.622	37.43	308.4	83.08	-13.19	104.1
26.655	39.66	308.4	82.67	-9.856	121.7
26.689	41.03	308.4	82.42	-4.905	121.8
26.722	41.47	308.5	82.34	-1.476	105.7
26.755	41.60	308.7	82.32	1.696	110.6
26.789	40.89	308.8	82.46	6.123	106.3
26.822	39.39	308.9	82.73	8.958	85.18
26.855	37.62	308.9	83.05	11.44	71.13
26.889	35.22	308.9	83.50	13.99	86.26
26.922	32.55	309.0	83.99	16.86	77.31
26.955	29.16	309.6	84.62	19.55	77.10
26.988	25.51	309.7	85.29	21.65	60.92
27.022	21.32	309.6	86.06	23.85	83.82
27.055	16.91	310.1	86.88	26.89	67.59
27.088	11.62	310.0	87.85	28.97	35.75
27.122	6.439	309.8	88.81	28.84	-6.593
27.155	1.216	309.6	89.77	28.65	-8.877
27.188	-3.879	309.3	90.72	28.16	-8.841
27.222	-8.908	309.0	91.65	28.05	26.34
27.255	-13.96	308.8	92.59	29.73	13.24
27.288	-19.58	308.4	93.63	29.63	-30.75
27.322	-24.59	308.2	94.56	27.07	-58.69
27.355	-29.31	308.0	95.44	25.79	-64.45
27.388	-33.87	307.7	96.28	23.10	-75.92
27.422	-37.60	307.3	96.98	20.23	-63.87
27.455	-41.16	307.3	97.63	19.06	-60.95
27.488	-44.52	307.2	98.25	16.41	-71.87
27.522	-47.08	306.9	98.72	13.82	-92.11
27.555	-49.42	306.3	99.17	10.79	-89.59
27.588	-50.92	306.2	99.44	7.322	-112.2
27.622	-52.06	306.0	99.65	3.790	-102.8
27.655	-52.31	306.2	99.69	2.321E-2	-103.1
27.688	-52.12	306.3	99.66	-2.799	-101.3
27.722	-51.32	306.5	99.51	-6.717	-118.4
27.755	-49.72	306.7	99.21	-10.83	-97.41
27.788	-47.40	306.7	98.79	-13.32	-87.25
27.821	-44.88	306.9	98.32	-16.23	-67.06
27.855	-41.55	307.1	97.70	-18.37	-43.55
27.888	-38.24	307.2	97.10	-18.71	-49.45
27.921	-34.79	307.3	96.46	-21.49	-59.51
27.955	-30.51	307.6	95.67	-23.33	-44.00
27.988	-26.41	307.8	94.90	-23.82	0.127
28.021	-22.00	308.5	94.08	-23.80	-30.34
28.055	-17.90	308.8	93.32	-25.10	-12.55
28.088	-12.98	308.9	92.41	-25.67	-11.10
28.121	-8.669	309.0	91.61	-24.89	28.33
28.155	-4.028	309.2	90.75	-24.49	-2.628
28.188	0.133	309.3	89.98	-24.38	28.91
28.221	4.740	309.3	89.12	-23.41	-24.65
28.255	8.562	309.4	88.41	-24.71	43.95
28.288	13.67	310.1	87.47	-22.60	94.00
28.321	16.73	309.7	86.91	-16.43	122.1
28.355	19.60	309.8	86.38	-15.20	37.93
28.388	22.22	309.6	85.90	-13.88	62.01
28.421	24.63	309.9	85.45	-11.26	76.69
28.455	26.32	309.9	85.15	-8.422	89.77
28.488	27.71	310.1	84.89	-5.596	78.52
28.521	28.37	310.2	84.77	-2.860	82.62
28.554	28.76	310.2	84.70	-0.394	86.47
28.588	28.53	310.2	84.75	3.030	87.03
28.621	27.67	310.3	84.91	5.543	63.77
28.654	26.52	310.3	85.12	7.141	40.19
28.688	25.06	310.2	85.38	8.292	26.42
28.721	23.50	310.3	85.67	8.852	72.29
28.754	21.83	309.8	85.97	12.62	105.0
28.788	18.92	310.2	86.51	16.74	89.75
28.821	15.78	310.1	87.09	18.14	-21.60
28.854	12.35	309.9	87.72	15.89	-12.30
28.888	10.04	310.2	88.15	15.89	47.61
28.921	6.627	310.5	88.78	20.20	94.41
28.954	2.754	310.4	89.49	22.02	36.13
28.988	-1.324	310.4	90.24	22.60	1.681
29.021	-5.400	310.1	91.00	22.12	-8.432
29.054	-9.298	309.9	91.72	21.86	-63.63
29.088	-13.28	309.8	92.45	18.52	-14.75
29.121	-15.98	309.7	92.95	19.22	12.70
29.154	-20.20	309.4	93.74	21.40	-8.776
29.188	-23.67	309.2	94.38	17.66	-81.17
29.221	-26.56	309.1	94.91	15.84	-39.37
29.254	-29.38	308.9	95.43	15.28	-25.34
29.288	-32.08	308.8	95.93	14.17	-99.13
29.321	-34.52	308.8	96.38	9.135	
29.354	-35.28	307.8	96.54