	mass A					
t	x	y	θ	ω	α	
0.000	-280.5	-113.8	-157.9		
0.033	-282.5	-108.5	-159.0	-52.56	
0.067	-286.9	-96.51	-161.4	-93.58	-1.203E3
0.100	-292.4	-77.13	-165.2	-133.1	-1.225E3
0.133	-297.6	-50.96	-170.3	-174.4	-1.125E3
0.167	-302.6	-16.68	-176.8	-210.0	-1.000E3
0.200	-302.1	22.59	-184.3	-239.2	-867.2
0.233	-295.5	67.05	-192.8	-268.7	-819.6
0.267	-280.3	114.3	-202.2	-293.7	-617.7
0.300	-256.0	162.2	-212.4	-310.5	-442.6
0.333	-222.4	206.4	-222.9	-322.0	-365.2
0.367	-179.9	245.9	-233.8	-335.0	-405.3
0.400	-128.0	277.1	-245.2	-349.0	-316.0
0.433	-68.45	298.1	-257.1	-357.1	-76.02
0.466	-5.400	306.7	-269.0	-353.8	75.69
0.500	56.85	302.5	-280.6	-350.7	139.5
0.533	117.3	285.3	-292.4	-346.2	217.0
0.566	171.6	257.2	-303.7	-335.3	400.6
0.600	217.8	220.1	-314.7	-320.1	548.6
0.633	254.4	177.9	-325.0	-298.4	683.4
0.666	280.7	133.4	-334.6	-274.3	772.7
0.700	298.0	89.34	-343.3	-247.2	851.7
0.733	307.7	48.42	-351.1	-217.2	971.9
0.766	310.7	12.01	-357.8	-183.0	1.072E3
0.800	310.2	-17.61	-363.2	-145.2	1.170E3
0.833	307.4	-40.26	-367.5	-105.3	1.185E3
0.866	304.2	-55.10	-370.3	-65.54	1.197E3
0.900	302.6	-63.38	-371.8	-26.21	1.191E3
0.933	302.6	-64.39	-372.0	14.20	1.200E3
0.966	303.9	-58.43	-370.9	53.65	1.193E3
1.000	306.4	-45.47	-368.4	93.57	1.151E3
1.033	309.2	-25.13	-364.6	130.9	1.110E3
1.066	310.7	1.535	-359.7	166.8	1.065E3
1.100	308.9	35.02	-353.5	202.4	998.6
1.133	302.0	74.03	-346.2	233.4	909.4
1.166	288.1	116.5	-338.0	262.5	849.3
1.199	265.3	161.1	-328.7	290.4	818.1
1.233	232.4	204.8	-318.6	316.7	612.2
1.266	188.6	244.7	-307.6	332.8	497.1
1.299	137.3	276.1	-296.4	347.1	374.5
1.333	76.96	297.6	-284.5	360.4	253.2
1.366	12.99	306.1	-272.4	362.7	-13.60
1.399	-51.35	301.3	-260.3	359.8	-123.1
1.433	-111.9	283.3	-248.4	353.8	-487.1
1.466	-166.9	254.6	-236.7	330.2	-462.6
1.499	-209.4	220.2	-226.4	316.4	-406.1
1.533	-246.5	176.9	-215.7	310.1	-413.8
1.566	-273.0	131.9	-205.8	285.5	-761.8
1.599	-290.0	86.69	-196.6	260.2	-822.9
1.633	-299.6	44.50	-188.4	230.3	-961.5
1.666	-302.7	6.831	-181.3	196.3	-1.044E3
1.699	-302.1	-24.48	-175.4	160.2	-1.113E3
1.733	-299.4	-49.49	-170.6	122.6	-1.143E3
1.766	-296.3	-67.34	-167.2	83.62	-1.178E3
1.799	-293.7	-78.46	-165.0	44.45	-1.167E3
1.833	-292.8	-82.66	-164.2	5.473	-1.140E3
1.866	-293.4	-80.38	-164.7	-31.44	-1.126E3
1.899	-295.2	-71.81	-166.3	-69.21	-1.118E3
1.933	-298.4	-56.43	-169.3	-106.4	-1.103E3
1.966	-301.3	-34.74	-173.4	-142.3	-1.060E3
1.999	-302.7	-6.487	-178.8	-177.4	-1.013E3
2.032	-301.6	27.69	-185.2	-209.8	-970.8
2.066	-295.3	66.82	-192.7	-241.8	-854.7
2.099	-281.8	110.2	-201.4	-267.8	-727.8
2.132	-260.8	154.2	-210.6	-289.0	-626.5
2.166	-230.0	197.3	-220.6	-310.2	-287.4
2.199	-190.3	237.2	-231.3	-310.6	-206.7
2.232	-146.2	267.1	-241.3	-317.6	-299.5
2.266	-92.11	291.0	-252.4	-336.1	-371.0
2.299	-33.56	304.3	-263.7	-340.4	-56.17
2.332	27.34	305.5	-275.1	-340.4	102.4
2.366	86.81	295.1	-286.4	-333.4	258.0
2.399	141.6	273.9	-297.3	-322.8	326.1
2.432	190.1	244.1	-307.9	-311.7	410.8
2.466	230.7	207.0	-318.1	-296.1	535.3
2.499	262.2	166.2	-327.6	-275.5	703.3
2.532	285.1	124.2	-336.5	-249.8	828.4
2.566	299.5	84.33	-344.3	-219.7	913.1
2.599	307.7	48.22	-351.1	-189.0	976.2
2.632	310.7	16.98	-356.9	-154.9	1.053E3
2.666	310.7	-7.685	-361.4	-118.3	1.102E3
2.699	309.3	-25.74	-364.8	-81.64	1.126E3
2.732	307.9	-37.03	-366.9	-43.39	1.157E3
2.765	307.1	-41.24	-367.6	-4.359	1.164E3
2.799	307.5	-38.56	-367.1	34.20	1.134E3
2.832	308.8	-29.03	-365.4	71.37	1.102E3
2.865	310.1	-12.95	-362.4	107.5	1.092E3
2.899	310.6	9.711	-358.2	144.1	1.052E3
2.932	308.8	39.06	-352.8	178.0	1.010E3
2.965	302.4	73.47	-346.3	210.6	907.1
2.999	289.9	112.7	-338.8	239.6	847.0
3.032	269.7	153.3	-330.4	265.9	753.5
3.065	240.8	194.8	-321.0	290.8	689.2
3.099	203.0	233.5	-311.0	311.2	504.3
3.132	155.6	266.4	-300.3	325.3	402.9
3.165	101.9	290.6	-289.3	336.7	285.9
3.199	41.96	304.0	-277.9	345.7	150.1
3.232	-19.81	305.4	-266.3	346.2	-60.84
3.265	-80.09	294.5	-254.8	341.6	-205.3
3.299	-135.9	272.8	-243.5	332.5	-389.9
3.332	-184.6	241.8	-232.6	316.1	-485.5
3.365	-224.0	204.9	-222.5	298.8	-540.5
3.399	-255.1	163.9	-212.7	281.3	-612.2
3.432	-277.3	121.8	-203.7	257.6	-748.0
3.465	-291.8	81.23	-195.6	231.3	-847.5
3.499	-299.7	43.72	-188.3	201.4	-942.2
3.532	-302.9	11.29	-182.1	168.2	-1.036E3
3.565	-302.8	-15.38	-177.1	132.6	-1.076E3
3.598	-301.4	-35.41	-173.3	96.08	-1.091E3
3.632	-299.9	-49.17	-170.7	60.11	-1.099E3
3.665	-299.0	-56.53	-169.3	22.89	-1.096E3
3.698	-298.8	-57.20	-169.2	-13.29	-1.103E3
3.732	-299.6	-51.87	-170.2	-50.00	-1.086E3
3.765	-301.6	-39.72	-172.5	-86.40	-1.046E3
3.798	-303.1	-21.53	-175.9	-119.4	-1.001E3
3.832	-303.6	2.411	-180.5	-152.9	-965.2
3.865	-301.4	32.34	-186.1	-184.3	-904.2
3.898	-295.6	66.82	-192.7	-212.7	-879.3
3.932	-284.3	105.2	-200.3	-242.7	-779.2
3.965	-265.5	146.6	-208.9	-266.1	-601.7
3.998	-239.0	186.9	-218.0	-281.5	-431.8
4.032	-204.7	224.7	-227.7	-295.2	-316.7
4.065	-162.7	257.3	-237.7	-302.8	-254.8
4.098	-115.0	282.4	-247.9	-311.1	-219.1
4.132	-61.30	299.3	-258.4	-318.8	-192.2
4.165	-4.841	306.4	-269.1	-323.0	-4.897
4.198	53.06	302.5	-279.9	-320.4	165.8
4.232	107.6	288.5	-290.4	-310.7	267.2
4.265	157.5	265.8	-300.6	-302.6	306.6
4.298	201.5	235.0	-310.6	-291.0	468.8
4.331	237.6	199.1	-320.0	-271.2	651.1
4.365	265.5	161.5	-328.7	-247.2	736.8
4.398	285.2	123.9	-336.5	-222.1	802.3
4.431	298.2	88.41	-343.5	-194.0	873.4
4.465	306.2	57.06	-349.4	-163.5	953.3
4.498	309.7	30.45	-354.4	-130.9	1.030E3
4.531	310.8	9.968	-358.2	-94.74	1.076E3
4.565	310.6	-3.776	-360.7	-58.76	1.086E3
4.598	310.2	-11.26	-362.1	-22.79	1.073E3
4.631	309.7	-11.98	-362.2	13.18	1.095E3
4.665	310.0	-6.500	-361.2	49.67	1.072E3
4.698	309.9	5.920	-358.9	85.30	1.021E3
4.731	309.5	24.27	-355.5	117.4	980.1
4.765	306.9	48.16	-351.1	150.3	956.7
4.798	301.1	77.87	-345.5	181.8	918.8
4.831	290.2	111.6	-339.0	211.0	867.5
4.865	272.9	148.6	-331.4	239.8	801.7
4.898	247.8	186.8	-323.0	264.7	646.3
4.931	214.3	223.5	-313.8	283.0	531.8
4.965	173.2	255.6	-304.1	299.4	447.4
4.998	124.6	281.7	-293.9	313.6	336.0
5.031	70.27	298.9	-283.2	321.6	161.2
5.065	12.95	306.4	-272.4	324.4	24.81
5.098	-44.64	302.7	-261.6	323.1	-115.1
5.131	-99.80	288.1	-250.9	317.0	-285.1
5.164	-149.9	264.8	-240.5	304.1	-418.6
5.198	-193.0	235.2	-230.6	288.5	-492.6
5.231	-228.1	200.2	-221.3	271.7	-533.3
5.264	-256.0	163.3	-212.5	252.6	-641.8
5.298	-276.1	125.4	-204.4	229.4	-756.8
5.331	-289.5	89.83	-197.2	201.7	-856.3
5.364	-297.8	57.81	-191.0	172.5	-939.0
5.398	-301.8	30.36	-185.7	139.4	-1.012E3
5.431	-303.5	8.989	-181.7	104.5	-1.016E3
5.464	-303.8	-6.470	-178.8	71.67	-1.011E3
5.498	-303.7	-16.34	-176.9	37.64	-1.026E3
5.531	-303.5	-19.78	-176.3	2.780	-1.018E3
5.564	-303.6	-17.31	-176.7	-30.06	-1.012E3
5.598	-303.9	-9.151	-178.3	-64.31	-999.0
5.631	-303.8	5.413	-181.0	-97.37	-970.7
5.664	-302.4	25.20	-184.8	-128.4	-913.9
5.698	-299.1	50.47	-189.6	-158.7	-874.0
5.731	-292.6	80.25	-195.3	-186.5	-818.0
5.764	-281.2	113.6	-202.0	-213.2	-722.6
5.798	-263.9	149.6	-209.5	-235.1	-618.5
5.831	-239.9	185.2	-217.7	-253.6	-477.9
5.864	-209.2	220.0	-226.4	-267.9	-342.4
5.897	-172.3	250.8	-235.5	-275.9	-327.4
5.931	-129.7	276.0	-244.8	-288.6	-319.9
5.964	-80.28	294.6	-254.8	-299.2	-177.7
5.997	-27.93	305.0	-264.8	-299.7	9.104
6.031	25.28	305.8	-274.7	-298.2	75.64
6.064	77.74	297.5	-284.6	-294.9	193.0
6.097	127.3	280.8	-294.4	-285.7	312.3
6.131	171.2	257.0	-303.7	-273.5	404.3
6.164	209.5	227.9	-312.6	-259.3	476.7
6.197	240.9	195.4	-321.0	-241.4	626.6
6.231	265.4	161.4	-328.7	-218.0	739.0
6.264	282.9	129.0	-335.5	-191.3	842.0
6.297	294.8	98.99	-341.4	-162.6	888.3
6.331	302.3	73.58	-346.3	-131.5	932.2
6.364	306.2	52.89	-350.2	-100.7	966.8
6.397	308.1	37.66	-353.0	-67.26	991.6
6.431	308.7	28.73	-354.7	-34.03	974.5
6.464	309.1	25.43	-355.3	-2.650	974.2
6.497	309.1	27.80	-354.9	30.67	1.005E3
6.531	308.3	36.47	-353.3	64.69	987.7
6.564	306.6	51.03	-350.5	96.51	936.0
6.597	302.6	70.84	-346.8	126.9	895.6
6.631	295.8	95.60	-342.1	156.3	860.3
6.664	285.0	124.5	-336.4	184.2	834.7
6.697	268.5	156.2	-329.8	211.8	754.4
6.730	245.6	189.9	-322.3	235.2	623.6
6.764	215.5	222.0	-314.1	252.9	543.8
6.797	179.2	251.7	-305.4	271.0	495.6
6.830	135.7	277.2	-296.1	286.7	373.9
6.864	86.49	295.0	-286.3	295.7	203.5
6.897	34.10	304.9	-276.4	300.1	55.25
6.930	-19.54	305.3	-266.3	299.6	-77.11
6.964	-71.78	297.1	-256.4	294.8	-194.6
6.997	-120.6	280.0	-246.7	286.7	-315.7
7.030	-164.4	256.2	-237.3	273.8	-401.9
7.064	-201.8	227.7	-228.4	259.3	-446.0
7.097	-232.5	195.3	-220.0	244.6	-534.3
7.130	-256.9	161.5	-212.2	224.1	-684.3
7.164	-274.6	128.6	-205.1	198.5	-780.6
7.197	-286.8	98.33	-198.9	171.9	-853.1
7.230	-294.4	71.43	-193.6	142.1	-901.6
7.264	-299.1	49.81	-189.5	111.1	-960.5
7.297	-301.8	32.97	-186.2	78.87	-965.0
7.330	-303.0	22.25	-184.2	45.96	-978.0
7.364	-303.5	16.82	-183.2	14.26	-936.4
7.397	-303.9	17.25	-183.2	-16.92	-941.4
7.430	-303.5	22.82	-184.3	-47.94	-917.8
7.463	-302.2	34.12	-186.4	-78.63	-883.8
7.497	-299.6	50.35	-189.5	-106.6	-822.6
7.530	-295.2	71.13	-193.5	-133.5	-807.3
7.563	-287.8	95.91	-198.4	-160.3	-787.3
7.597	-276.8	124.6	-204.2	-186.2	-716.0
7.630	-260.5	155.5	-210.8	-208.1	-612.6
7.663	-238.8	187.2	-218.1	-226.8	-518.2
7.697	-211.3	218.5	-226.0	-242.8	-442.0
7.730	-177.6	247.0	-234.3	-256.1	-342.0
7.763	-138.0	271.1	-243.0	-265.8	-251.8
7.797	-94.40	290.4	-252.0	-272.6	-157.5
7.830	-46.91	302.3	-261.2	-276.6	-65.56
7.863	2.271	306.5	-270.4	-276.8	35.42
7.897	51.34	302.7	-279.6	-274.2	113.5
7.930	98.54	291.1	-288.7	-269.2	209.6
7.963	142.8	273.5	-297.6	-260.5	354.4
7.997	181.9	249.9	-306.1	-245.7	467.5
8.030	214.7	222.8	-313.9	-228.7	548.2
8.063	242.0	193.9	-321.3	-209.8	618.9
8.097	263.1	164.9	-327.9	-187.1	723.7
8.130	278.7	137.4	-333.8	-161.7	801.5
8.163	289.5	112.9	-338.7	-133.5	838.3
8.197	296.6	92.59	-342.7	-105.6	867.2
8.230	300.9	76.49	-345.7	-76.27	897.9
8.263	303.4	65.89	-347.7	-45.28	928.7
8.296	304.6	60.56	-348.8	-14.60	916.8
8.330	304.6	60.77	-348.7	16.01	904.0
8.363	303.4	66.23	-347.7	45.59	894.9
8.396	301.1	76.85	-345.7	75.51	893.4
8.430	296.7	92.65	-342.7	105.3	881.1
8.463	289.4	113.0	-338.7	134.1	828.1
8.496	278.6	137.6	-333.7	160.8	783.6
8.530	263.1	164.8	-327.9	186.0	691.7
8.563	242.3	193.9	-321.3	207.5	629.8
8.596	215.8	222.5	-314.1	227.0	556.0
8.630	182.5	249.5	-306.2	245.4	483.1
8.663	143.9	273.2	-297.8	259.0	347.0
8.696	99.93	291.3	-288.9	268.6	239.6
8.730	52.63	302.7	-279.9	274.7	125.2
8.763	3.358	306.5	-270.6	277.2	22.79
8.796	-45.76	302.4	-261.4	276.1	-122.2
8.830	-93.16	290.7	-252.2	269.5	-234.1
8.863	-136.2	272.4	-243.4	259.7	-325.9
8.896	-175.0	249.2	-234.9	248.3	-395.4
8.930	-207.7	221.9	-226.9	233.2	-506.1
8.963	-234.5	192.6	-219.4	214.7	-585.6
8.996	-255.5	163.2	-212.6	193.9	-657.4
9.029	-271.3	135.1	-206.5	171.1	-734.1
9.063	-282.3	109.3	-201.2	145.0	-845.1
9.096	-289.8	87.56	-196.8	114.8	-872.3
9.129	-295.0	70.94	-193.5	86.00	-884.8
9.163	-298.0	58.35	-191.1	56.95	-899.2
9.196	-299.3	51.31	-189.7	25.35	-905.1
9.229	-299.9	49.59	-189.4	-3.406	-860.2
9.263	-299.7	52.60	-190.0	-31.61	-844.6
9.296	-298.0	60.60	-191.5	-59.96	-845.4
9.329	-294.9	73.26	-193.9	-87.79	-813.1
9.363	-290.2	90.62	-197.3	-114.4	-753.8
9.396	-282.5	111.7	-201.6	-138.0	-703.9
9.429	-271.9	135.8	-206.5	-161.0	-671.2
9.463	-256.7	162.3	-212.3	-183.1	-620.0
9.496	-237.0	190.2	-218.7	-202.2	-551.6
9.529	-212.0	217.8	-225.8	-219.7	-444.1
9.563	-181.7	244.6	-233.4	-232.4	-321.4
9.596	-146.7	267.5	-241.3	-240.5	-221.4
9.629	-107.3	285.7	-249.4	-247.3	-210.9
9.663	-64.87	298.7	-257.7	-254.2	-136.2
9.696	-19.47	305.5	-266.4	-257.3	-15.66
9.729	26.18	305.7	-274.9	-254.7	121.9
9.763	70.80	299.0	-283.3	-249.4	167.0
9.796	112.9	286.5	-291.5	-243.1	260.6
9.829	152.3	268.9	-299.5	-232.8	346.6
9.862	186.3	246.9	-307.0	-219.1	448.3
9.896	215.5	222.1	-314.1	-203.6	529.3
9.929	239.5	196.8	-320.6	-183.6	627.7
9.962	258.6	172.1	-326.4	-161.7	700.6
9.996	273.0	149.0	-331.4	-137.1	781.3
10.029	282.8	128.9	-335.5	-109.4	825.0
10.062	289.3	113.0	-338.7	-81.85	829.4
10.096	293.6	101.4	-341.0	-54.44	830.0
10.129	296.1	94.54	-342.3	-26.38	847.3
10.162	296.9	92.43	-342.7	1.913	853.4
10.196	296.3	95.32	-342.2	30.57	855.1
10.229	293.6	103.0	-340.7	58.90	814.8
10.262	289.2	115.4	-338.2	85.12	794.8
10.296	282.1	131.6	-335.0	111.3	756.5
10.329	271.5	151.6	-330.8	136.2	716.7
10.362	257.5	174.2	-325.9	158.5	660.8
10.396	238.8	198.6	-320.3	180.5	663.4
10.429	214.9	223.4	-313.9	202.5	586.9
10.462	185.2	247.9	-306.8	220.4	453.4
10.496	150.6	269.4	-299.2	232.2	342.9
10.529	111.9	287.2	-291.3	243.1	272.2
10.562	69.20	299.7	-283.0	250.9	174.5
10.595	24.48	306.2	-274.6	254.3	63.17
10.629	-21.09	305.8	-266.1	255.2	-49.44
10.662	-65.83	298.5	-257.6	251.2	-176.0
10.695	-107.8	285.6	-249.3	243.2	-249.9
10.729	-146.2	267.7	-241.4	234.4	-324.9
10.762	-180.4	245.5	-233.7	222.1	-413.7
10.795	-209.2	220.9	-226.6	206.2	-492.7
10.829	-233.3	195.4	-219.9	189.5	-563.2
10.862	-252.2	169.7	-213.9	168.9	-667.2
10.895	-266.6	145.9	-208.7	144.8	-735.7
10.929	-276.9	125.0	-204.3	119.8	-771.3
10.962	-284.0	107.4	-200.7	93.57	-810.4
10.995	-288.6	94.06	-198.1	65.64	-831.7
11.029	-291.1	85.34	-196.3	37.95	-828.9
11.062	-292.4	81.20	-195.5	10.58	-817.8
11.095	-292.6	81.87	-195.6	-16.69	-814.1
11.129	-291.2	87.00	-196.6	-43.57	-791.0
11.162	-288.2	96.62	-198.5	-69.57	-741.8
11.195	-283.3	110.3	-201.3	-93.05	-715.6
11.229	-275.8	127.1	-204.7	-116.8	-679.2
11.262	-265.7	147.6	-209.1	-139.0	-613.5
11.295	-252.0	170.0	-214.0	-157.3	-549.9
11.329	-234.6	193.7	-219.5	-175.5	-508.5
11.362	-212.3	217.5	-225.7	-191.7	-450.6
11.395	-185.9	240.6	-232.3	-205.2	-388.7
11.428	-155.2	262.0	-239.4	-217.7	-317.3
11.462	-120.0	280.2	-246.8	-226.6	-216.9
11.495	-81.80	294.3	-254.5	-231.9	-146.2
11.528	-41.13	302.9	-262.3	-236.2	-64.19
11.562	1.109	306.1	-270.2	-236.6	30.47
11.595	42.94	304.1	-278.0	-233.6	138.4
11.628	83.68	296.2	-285.8	-227.9	233.8
11.662	121.5	283.2	-293.2	-217.8	295.5
11.695	155.6	266.5	-300.3	-207.8	340.4
11.728	186.5	246.8	-307.1	-195.8	442.6
11.762	212.8	225.5	-313.3	-178.2	563.2
11.795	233.8	203.7	-318.9	-158.0	621.5
11.828	250.7	183.0	-323.9	-136.8	643.0
11.862	263.2	164.1	-328.1	-115.0	690.3
11.895	272.9	148.0	-331.5	-91.15	750.1
11.928	279.2	135.4	-334.1	-64.76	785.8
11.962	283.6	127.2	-335.8	-38.64	794.4
11.995	285.5	122.9	-336.7	-12.08	771.4
12.028	285.1	123.1	-336.7	13.26	766.6
12.062	283.3	127.2	-335.8	38.37	768.4
12.095	279.2	135.6	-334.1	64.86	769.1
12.128	273.1	148.2	-331.5	89.65	716.8
12.161	263.9	164.1	-328.1	112.6	681.6
12.195	251.5	182.7	-324.0	134.9	648.9
12.228	234.8	203.2	-319.1	156.1	615.5
12.261	213.8	224.6	-313.6	175.8	552.8
12.295	187.9	245.7	-307.4	193.2	458.0
12.328	157.9	265.7	-300.7	206.3	380.4
12.361	123.9	282.6	-293.7	218.1	328.3
12.395	85.87	295.8	-286.2	228.6	237.8
12.428	45.07	304.0	-278.4	234.0	111.4
12.461	3.163	306.8	-270.6	235.8	11.17
12.495	-38.77	303.6	-262.7	234.9	-71.33
12.528	-79.43	295.1	-254.9	231.0	-166.7
12.561	-117.6	281.4	-247.3	223.9	-276.2
12.595	-152.3	264.0	-240.0	212.7	-356.8
12.628	-182.5	243.5	-233.2	199.6	-426.1
12.661	-208.5	221.3	-226.7	184.7	-481.1
12.695	-229.9	198.8	-220.9	167.3	-564.1
12.728	-246.9	176.5	-215.6	147.4	-615.7
12.761	-260.2	156.5	-211.0	125.8	-686.7
12.795	-269.9	138.6	-207.2	102.1	-728.2
12.828	-277.1	124.6	-204.2	76.79	-766.3
12.861	-281.8	114.2	-202.1	51.33	-776.4
12.895	-284.6	108.1	-200.8	24.90	-780.9
12.928	-285.5	106.2	-200.4	-0.790	-748.9
12.961	-284.9	108.5	-200.9	-25.02	-731.3
12.994	-282.2	114.4	-202.1	-49.29	-723.3
13.028	-277.7	124.4	-204.1	-73.48	-693.4
13.061	-271.1	137.9	-207.0	-95.55	-660.8
13.094	-261.9	154.3	-210.5	-117.2	-646.7
13.128	-249.6	173.3	-214.8	-138.9	-588.1
13.161	-233.8	194.5	-219.8	-156.7	-506.4
13.194	-214.1	215.8	-225.2	-172.1	-437.1
13.228	-190.6	237.3	-231.2	-186.2	-385.4
13.261	-163.3	257.6	-237.6	-197.6	-321.4
13.294	-131.8	275.1	-244.4	-207.6	-260.1
13.328	-97.01	289.4	-251.5	-215.1	-183.7
13.361	-59.73	299.8	-258.7	-219.8	-100.1
13.394	-20.77	305.5	-266.1	-221.8	-26.05
13.428	18.79	306.2	-273.5	-221.5	83.21
13.461	57.93	301.7	-280.9	-216.6	165.9
13.494	94.92	293.0	-287.9	-209.7	249.4
13.528	129.7	280.1	-294.8	-200.7	312.7
13.561	160.6	263.9	-301.3	-188.4	402.9
13.594	187.7	245.6	-307.4	-174.2	440.8
13.628	211.1	226.9	-312.9	-158.6	531.4
13.661	230.1	207.4	-318.0	-139.4	597.9
13.694	245.4	190.2	-322.2	-117.9	657.2
13.727	256.8	174.4	-325.8	-96.21	640.9
13.761	265.2	161.7	-328.6	-74.58	682.3
13.794	271.0	151.5	-330.8	-51.52	731.1
13.827	274.3	145.4	-332.1	-25.31	773.7
13.861	275.3	143.4	-332.5	5.656E-2	748.0
13.894	274.2	145.4	-332.1	24.52	728.4
13.927	271.1	151.3	-330.8	48.54	691.2
13.961	265.6	160.7	-328.8	70.81	676.0
13.994	257.6	173.0	-326.1	93.11	674.3
14.027	246.7	188.4	-322.6	116.1	663.7
14.061	231.9	206.0	-318.4	137.3	595.0
14.094	213.2	224.8	-313.5	155.9	509.3
14.127	190.5	243.9	-308.0	171.3	461.0
14.161	164.2	262.2	-302.1	186.2	422.1
14.194	133.4	278.5	-295.6	199.9	360.0
14.227	99.05	292.0	-288.7	210.0	230.1
14.261	61.89	301.8	-281.6	215.6	142.0
14.294	23.43	306.5	-274.4	218.8	61.83
14.327	-16.00	306.2	-267.0	220.3	-22.26
14.361	-54.81	301.4	-259.7	217.2	-125.7
14.394	-91.70	291.5	-252.5	211.8	-195.9
14.427	-126.1	277.8	-245.6	204.3	-258.0
14.461	-157.2	260.9	-238.9	194.4	-344.8
14.494	-184.7	241.8	-232.6	181.5	-430.4
14.527	-207.8	221.5	-226.8	165.5	-500.3
14.560	-227.0	201.5	-221.6	148.2	-535.3
14.594	-242.4	182.4	-217.0	129.8	-615.5
14.627	-254.8	165.2	-212.9	107.6	-691.0
14.660	-263.9	151.1	-209.8	83.07	-723.0
14.694	-269.9	140.0	-207.4	59.60	-718.4
14.727	-273.9	132.5	-205.8	35.29	-710.7
14.760	-275.8	128.9	-205.1	11.88	-729.1
14.794	-275.7	128.7	-205.0	-12.66	-710.0
14.827	-273.7	132.9	-205.9	-36.35	-673.3
14.860	-270.1	140.3	-207.5	-56.92	-651.3
14.894	-264.1	150.6	-209.7	-79.60	-650.7
14.927	-256.2	164.8	-212.8	-100.9	-610.7
14.960	-244.9	180.7	-216.4	-119.8	-543.5
14.994	-230.7	198.7	-220.7	-137.5	-500.9
15.027	-213.0	217.4	-225.6	-153.0	-456.7
15.060	-192.0	236.5	-230.9	-167.9	-409.0
15.094	-166.9	254.8	-236.8	-180.5	-342.5
15.127	-138.7	271.8	-243.0	-190.5	-259.9
15.160	-107.0	285.8	-249.5	-198.0	-179.1
15.194	-73.11	296.7	-256.2	-202.4	-101.8
15.227	-37.60	304.2	-263.0	-204.7	-68.59
15.260	-1.062	306.5	-269.8	-206.8	6.459
15.293	35.98	304.8	-276.7	-204.9	119.7
15.327	71.62	299.2	-283.5	-198.2	210.0
15.360	105.1	289.7	-289.9	-190.9	247.1
15.393	136.2	276.9	-296.2	-182.0	336.6
15.427	164.1	261.8	-302.1	-168.7	414.6
15.460	188.2	246.0	-307.4	-153.7	460.6
15.493	208.6	229.1	-312.3	-138.4	504.7
15.527	225.4	212.8	-316.6	-120.1	583.3
15.560	238.5	197.9	-320.3	-99.48	629.1
15.593	248.7	185.6	-323.3	-78.00	644.3
15.627	255.8	175.7	-325.5	-56.54	661.6
15.660	260.4	168.9	-327.0	-34.08	672.3
15.693	262.5	165.4	-327.8	-11.45	671.9
15.727	262.4	165.2	-327.8	10.53	660.2
15.760	260.2	168.5	-327.1	32.61	664.4
15.793	255.9	175.0	-325.6	54.75	656.1
15.827	249.1	184.7	-323.4	76.45	641.7
15.860	239.5	197.2	-320.5	97.41	620.4
15.893	226.8	211.9	-316.9	117.9	586.6
15.927	210.0	227.7	-312.7	136.6	510.0
15.960	189.9	244.5	-307.8	152.0	434.8
15.993	166.4	260.6	-302.6	165.3	383.8
16.027	139.2	275.3	-296.8	177.7	372.2
16.060	109.0	288.2	-290.7	189.8	295.9
16.093	75.28	298.0	-284.2	198.2	198.4
16.126	40.17	304.7	-277.5	202.4	90.66
16.160	3.701	306.9	-270.7	204.6	13.89
16.193	-32.65	304.4	-263.9	203.2	-76.29
16.226	-68.04	298.4	-257.2	199.5	-138.5
16.260	-101.6	288.2	-250.6	193.9	-199.1
16.293	-132.5	274.6	-244.2	186.2	-272.8
16.326	-160.7	259.0	-238.2	175.8	-366.7
16.360	-185.1	241.5	-232.5	161.9	-449.9
16.393	-206.0	223.9	-227.4	145.6	-504.8
16.426	-222.8	206.5	-222.8	128.2	-529.6
16.460	-236.8	190.7	-218.8	110.2	-599.2
16.493	-247.7	176.5	-215.5	88.79	-647.1
16.526	-255.4	165.4	-212.9	66.27	-673.0
16.560	-260.7	157.0	-211.1	44.48	-661.1
16.593	-264.0	152.2	-210.0	21.89	-668.4
16.626	-264.7	150.4	-209.6	4.838E-2	-661.0
16.660	-263.6	152.0	-210.0	-22.11	-642.8
16.693	-260.9	157.2	-211.1	-43.05	-617.6
16.726	-256.0	165.2	-212.8	-62.98	-587.3
16.760	-248.9	176.1	-215.3	-82.42	-570.6
16.793	-238.9	188.8	-218.3	-100.8	-535.0
16.826	-226.7	204.0	-222.0	-118.2	-507.0
16.859	-210.9	219.9	-226.2	-134.5	-473.6
16.893	-192.3	237.1	-231.0	-149.9	-414.7
16.926	-169.9	253.7	-236.2	-162.3	-333.1
16.959	-144.6	269.3	-241.8	-171.9	-264.7
16.993	-116.3	282.7	-247.6	-180.0	-222.4
17.026	-85.51	293.6	-253.8	-186.7	-146.4
17.059	-52.73	301.6	-260.1	-190.0	-71.78
17.093	-19.14	306.2	-266.4	-191.0	1.027
17.126	15.07	307.0	-272.8	-190.3	78.85
17.159	48.70	303.8	-279.1	-185.7	145.6
17.193	80.74	297.5	-285.2	-180.2	199.6
17.226	111.2	288.0	-291.1	-172.9	246.0
17.259	138.9	276.0	-296.7	-163.4	316.8
17.293	163.8	262.2	-302.0	-152.2	411.7
17.326	185.6	247.7	-306.9	-136.1	497.1
17.359	203.6	233.7	-311.1	-118.4	535.0
17.393	218.3	220.2	-314.7	-100.8	540.2
17.426	229.7	208.4	-317.8	-82.19	546.3
17.459	238.5	198.6	-320.2	-64.40	558.9
17.493	244.9	190.8	-322.1	-45.25	613.7
17.526	248.7	185.8	-323.2	-23.38	663.4
17.559	249.8	183.9	-323.6	-0.869	663.0
17.593	248.5	185.3	-323.3	20.83	648.1
17.626	245.3	190.0	-322.2	42.21	613.2
17.659	239.3	197.4	-320.5	61.99	580.4
17.692	230.9	207.0	-318.1	80.55	540.6
17.726	219.5	218.7	-315.1	98.31	535.6
17.759	205.6	231.8	-311.6	115.9	513.8
17.792	188.1	246.1	-307.4	133.0	483.9
17.826	167.2	260.4	-302.7	147.9	407.4
17.859	142.9	274.1	-297.5	160.3	319.1
17.892	115.7	286.1	-292.0	169.1	258.0
17.926	86.34	295.9	-286.3	177.2	229.2
17.959	54.56	302.9	-280.2	184.7	162.1
17.992	21.19	306.3	-274.0	188.2	74.73
18.026	-12.45	306.3	-267.7	189.3	-33.31
18.059	-46.13	303.0	-261.3	186.5	-94.05
18.092	-78.00	296.1	-255.2	182.1	-161.0
18.126	-108.5	285.8	-249.2	176.7	-213.1
18.159	-136.3	272.9	-243.5	167.5	-326.2
18.192	-161.3	258.6	-238.0	155.3	-386.1
18.226	-182.6	243.5	-233.1	141.2	-441.8
18.259	-201.0	228.3	-228.6	126.2	-463.2
18.292	-216.3	214.1	-224.7	110.0	-502.7
18.326	-228.6	200.9	-221.3	93.02	-548.2
18.359	-238.1	189.5	-218.5	73.41	-616.9
18.392	-245.0	180.7	-216.4	51.86	-624.7
18.425	-249.3	175.0	-215.1	31.41	-621.9
18.459	-251.7	171.8	-214.3	10.95	-613.4
18.492	-251.5	171.8	-214.3	-9.950	-615.5
18.525	-249.6	174.7	-215.0	-29.80	-596.9
18.559	-245.5	180.5	-216.3	-49.82	-568.2
18.592	-239.4	189.1	-218.3	-67.87	-530.7
18.625	-230.7	199.4	-220.8	-84.84	-502.4
18.659	-219.6	211.8	-224.0	-101.6	-479.0
18.692	-206.0	225.6	-227.6	-116.7	-437.4
18.725	-189.1	239.7	-231.7	-130.7	-407.0
18.759	-169.3	254.0	-236.3	-143.8	-354.9
18.792	-146.6	268.0	-241.3	-154.6	-293.3
18.825	-121.3	280.6	-246.6	-163.1	-216.7
18.859	-93.46	290.9	-252.2	-169.3	-143.1
18.892	-64.15	299.2	-257.9	-172.5	-88.25
18.925	-33.73	304.8	-263.7	-175.0	-56.05
18.959	-2.338	306.6	-269.6	-176.5	14.29
18.992	29.15	305.9	-275.4	-174.2	100.5
19.025	59.63	302.0	-281.2	-169.5	147.6
19.059	88.56	294.5	-286.7	-164.4	199.3
19.092	116.1	285.6	-292.1	-156.5	302.9
19.125	140.8	274.4	-297.2	-144.1	383.8
19.159	162.4	262.6	-301.7	-130.5	401.8
19.192	181.3	250.7	-305.9	-117.5	430.3
19.225	197.4	239.0	-309.6	-102.1	494.8
19.258	209.9	227.7	-312.7	-84.27	515.6
19.292	219.8	218.5	-315.2	-67.48	542.7
19.325	227.4	210.9	-317.2	-48.77	556.3
19.358	232.1	205.9	-318.4	-29.55	583.6
19.392	234.7	203.1	-319.1	-10.64	583.5
19.425	234.7	203.0	-319.1	9.822	592.9
19.458	232.4	205.8	-318.5	28.82	559.6
19.492	228.0	211.0	-317.2	47.07	561.7
19.525	220.9	218.3	-315.3	66.09	557.6
19.558	211.0	227.8	-312.8	84.57	509.1
19.592	198.3	238.8	-309.7	100.0	452.0
19.625	182.7	250.2	-306.1	114.4	444.4
19.658	164.4	262.3	-302.1	129.7	413.9
19.692	142.8	274.3	-297.5	142.4	348.8
19.725	118.6	285.2	-292.6	152.5	265.6
19.758	91.88	294.3	-287.3	160.5	218.9
19.792	63.46	301.2	-281.9	166.7	160.9
19.825	33.35	305.5	-276.2	171.5	100.7
19.858	2.505	307.1	-270.5	173.3	24.04
19.892	-28.45	305.6	-264.7	173.1	-60.90
19.925	-58.76	300.4	-258.9	169.5	-137.1
19.958	-87.48	293.2	-253.4	163.6	-176.1
19.991	-114.4	283.7	-248.0	157.8	-210.9
20.025	-139.2	271.7	-242.9	149.8	-303.7
20.058	-161.4	258.8	-238.1	137.6	-384.7
20.091	-180.2	245.4	-233.7	123.7	-422.4
20.125	-196.7	232.8	-229.8	109.6	-447.2
20.158	-210.3	220.8	-226.4	93.91	-510.1
20.191	-220.9	210.0	-223.5	75.81	-557.2
20.225	-228.9	201.5	-221.4	56.44	-581.3
20.258	-234.3	195.1	-219.8	37.19	-569.4
20.291	-237.6	191.5	-218.9	18.34	-565.7
20.325	-238.5	190.2	-218.6	-0.312	-545.1
20.358	-237.4	191.5	-218.9	-18.25	-538.2
20.391	-234.2	195.0	-219.8	-35.85	-531.6
20.425	-229.3	201.3	-221.3	-53.89	-523.9
20.458	-222.2	209.9	-223.4	-70.79	-497.5
20.491	-212.3	219.8	-226.0	-86.97	-450.6
20.525	-200.1	231.5	-229.2	-101.1	-404.7
20.558	-185.3	243.6	-232.7	-113.6	-366.9
20.591	-167.9	256.0	-236.7	-125.7	-328.4
20.625	-147.9	268.1	-241.1	-135.6	-291.0
20.658	-125.7	279.3	-245.8	-144.8	-257.9
20.691	-100.9	289.0	-250.8	-153.1	-200.7
20.725	-74.26	297.3	-256.0	-158.2	-127.5
20.758	-46.35	302.9	-261.3	-161.4	-71.16
20.791	-17.53	306.6	-266.7	-163.1	-3.811
20.824	11.62	307.2	-272.2	-161.7	52.46
20.858	40.15	304.9	-277.5	-159.3	90.92
20.891	68.08	300.2	-282.8	-155.9	161.2
20.924	94.68	293.3	-287.9	-148.6	243.7
20.958	119.0	284.7	-292.7	-139.3	310.9
20.991	141.0	274.6	-297.2	-128.3	361.2
21.024	160.0	263.9	-301.2	-115.0	418.2
21.058	176.5	253.7	-304.8	-100.5	447.1
21.091	190.2	244.0	-307.9	-85.03	464.2
21.124	201.1	235.4	-310.5	-69.54	474.1
21.158	209.6	228.3	-312.6	-53.53	491.3
21.191	215.5	222.6	-314.1	-36.75	540.6
21.224	219.2	219.1	-315.0	-17.76	570.7
21.258	220.2	218.3	-315.3	1.771	543.9
21.291	218.8	219.7	-314.9	18.48	512.7
21.324	215.5	223.0	-314.0	35.50	521.9
21.358	209.8	228.8	-312.5	53.58	501.9
21.391	201.3	236.1	-310.4	69.14	447.1
21.424	190.4	244.5	-307.9	83.07	441.7
21.458	177.3	254.0	-304.9	98.44	439.0
21.491	161.0	264.3	-301.4	112.8	403.6
21.524	142.2	274.3	-297.4	125.0	348.2
21.557	120.7	284.1	-293.0	136.2	317.6
21.591	97.00	292.9	-288.3	146.1	256.2
21.624	70.93	300.2	-283.3	153.5	173.6
21.657	43.35	304.9	-278.1	157.5	79.78
21.691	15.03	307.3	-272.8	158.9	35.37
21.724	-13.36	306.6	-267.5	159.6	-20.49
21.757	-41.80	303.8	-262.2	158.0	-98.34
21.791	-68.98	298.3	-257.0	152.7	-154.2
21.824	-94.56	290.8	-252.0	147.5	-173.9
21.857	-118.7	281.8	-247.1	141.5	-237.5
21.891	-140.7	270.9	-242.6	131.7	-318.8
21.924	-160.1	259.9	-238.4	119.9	-372.9
21.957	-176.7	248.4	-234.6	107.1	-409.7
21.991	-191.0	237.9	-231.2	92.55	-462.0
22.024	-202.6	228.2	-228.4	76.34	-486.1
22.057	-211.7	220.4	-226.1	59.86	-513.0
22.091	-218.2	213.8	-224.4	42.53	-524.6
22.124	-222.4	209.7	-223.3	24.52	-528.9
22.157	-224.3	207.6	-222.8	7.446	-504.9
22.191	-224.2	207.8	-222.8	-9.210	-479.4
22.224	-222.1	210.0	-223.4	-24.54	-468.0
22.257	-218.1	214.0	-224.5	-40.12	-480.4
22.291	-212.1	220.1	-226.1	-56.71	-489.4
22.324	-203.8	228.3	-228.2	-72.80	-439.6
22.357	-193.1	237.7	-230.9	-86.27	-384.7
22.390	-180.2	247.8	-234.0	-98.06	-361.3
22.424	-164.9	258.4	-237.5	-110.4	-338.2
22.457	-146.9	268.8	-241.3	-120.9	-306.2
22.490	-127.2	279.2	-245.5	-130.4	-250.8
22.524	-104.7	288.0	-250.0	-138.1	-221.7
22.557	-80.87	295.9	-254.7	-144.5	-158.7
22.590	-55.07	301.9	-259.7	-149.4	-72.94
22.624	-28.54	305.7	-264.7	-149.2	-8.169
22.657	-2.120	307.5	-269.6	-149.4	9.113
22.690	24.77	306.6	-274.6	-149.2	67.46
22.724	51.04	303.4	-279.5	-144.8	174.4
22.757	75.93	298.6	-284.3	-137.5	219.4
22.790	98.87	291.9	-288.7	-130.0	244.6
22.824	120.3	284.5	-292.9	-121.5	275.9
22.857	139.4	275.8	-296.8	-111.3	340.9
22.890	156.4	267.1	-300.3	-99.06	392.0
22.924	170.3	258.2	-303.4	-84.91	432.7
22.957	182.0	250.5	-306.0	-70.33	444.7
22.990	191.2	243.8	-308.1	-55.19	442.5
23.024	198.0	238.7	-309.7	-40.74	465.1
23.057	202.6	234.7	-310.8	-24.64	497.6
23.090	204.7	232.8	-311.3	-7.107	517.8
23.123	204.5	232.9	-311.3	9.705	474.0
23.157	202.0	235.1	-310.7	24.78	460.5
23.190	197.7	238.7	-309.6	39.85	470.9
23.223	191.0	244.2	-308.0	56.49	481.6
23.257	181.6	251.1	-305.9	72.00	471.4
23.290	169.7	259.1	-303.2	87.66	404.6
23.323	155.0	268.2	-300.0	99.75	343.4
23.357	138.3	276.5	-296.6	109.6	318.9
23.390	119.5	285.3	-292.7	121.3	308.9
23.423	98.01	293.1	-288.5	130.5	234.2
23.457	74.88	299.6	-284.0	136.7	156.1
23.490	50.24	304.1	-279.4	141.0	108.9
23.523	24.89	307.0	-274.6	143.8	62.87
23.557	-1.072	307.8	-269.8	145.3	18.62
23.590	-27.07	306.4	-265.0	145.0	-21.16
23.623	-52.56	302.4	-260.1	143.8	-87.03
23.657	-77.37	296.4	-255.4	139.6	-167.4
23.690	-100.4	289.0	-250.8	132.2	-223.4
23.723	-121.6	280.4	-246.6	124.7	-278.1
23.757	-140.9	271.1	-242.5	114.1	-333.3
23.790	-157.6	261.7	-239.0	101.9	-357.7
23.823	-171.8	252.2	-235.7	90.53	-369.4
23.856	-183.9	243.3	-232.9	77.39	-422.4
23.890	-193.9	235.9	-230.6	62.27	-465.6
23.923	-201.4	229.8	-228.8	46.33	-494.1
23.956	-206.7	225.5	-227.5	29.41	-496.9
23.990	-209.3	223.0	-226.8	12.94	-493.0
24.023	-210.2	222.5	-226.6	-3.154	-496.1
24.056	-208.8	224.1	-227.0	-20.22	-487.4
24.090	-205.1	227.7	-228.0	-35.88	-414.7
24.123	-199.3	232.6	-229.4	-47.92	-370.0
24.156	-192.1	238.7	-231.2	-59.96	-379.6
24.190	-182.5	245.8	-233.4	-73.58	-392.8
24.223	-170.8	253.9	-236.1	-86.15	-347.4
24.256	-157.0	262.8	-239.1	-96.81	-305.2
24.290	-141.2	271.6	-242.5	-106.3	-274.1
24.323	-123.4	280.2	-246.2	-115.2	-244.0
24.356	-103.7	288.1	-250.2	-122.6	-210.1
24.390	-82.40	295.1	-254.4	-129.1	-167.3
24.423	-59.47	300.6	-258.8	-134.0	-104.1
24.456	-35.68	304.8	-263.3	-136.0	-24.77
24.490	-11.43	306.9	-267.9	-135.6	-4.745
24.523	12.66	307.2	-272.4	-135.9	29.88
24.556	37.05	305.2	-276.9	-134.4	105.4
24.590	60.32	301.5	-281.3	-128.5	179.3
24.623	82.24	296.9	-285.5	-122.2	218.7
24.656	102.7	290.8	-289.5	-114.3	273.5
24.689	121.1	283.9	-293.1	-103.7	308.8
24.723	137.3	277.0	-296.4	-93.54	330.2
24.756	151.6	269.8	-299.3	-82.09	378.2
24.789	163.3	262.9	-301.8	-68.12	419.5
24.823	172.6	257.2	-303.9	-54.00	422.6
24.856	179.7	252.5	-305.4	-40.06	405.6
24.889	184.6	249.1	-306.5	-26.81	415.4
24.923	187.6	246.9	-307.2	-12.75	429.2
24.956	188.4	246.6	-307.4	2.162	456.8
24.989	187.0	247.4	-307.1	17.39	462.4
25.023	183.2	250.0	-306.2	33.23	458.3
25.056	177.0	254.1	-304.9	47.92	432.3
25.089	168.6	259.3	-303.0	61.97	394.7
25.123	158.0	265.7	-300.7	74.44	363.9
25.156	145.5	272.8	-298.1	85.93	316.2
25.189	130.9	280.6	-295.0	95.87	304.4
25.223	114.4	287.7	-291.7	105.6	259.1
25.256	95.48	294.4	-288.0	113.9	212.5
25.289	75.27	299.8	-284.1	119.3	184.2
25.323	53.71	303.8	-280.0	126.1	161.6
25.356	30.55	306.5	-275.7	130.6	88.04
25.389	7.085	307.7	-271.3	131.5	18.03
25.422	-16.48	306.9	-266.9	131.9	-34.16
25.456	-39.88	304.3	-262.5	129.5	-68.62
25.489	-62.24	300.4	-258.3	126.7	-108.7
25.522	-84.10	295.0	-254.1	122.9	-168.4
25.556	-104.3	288.1	-250.1	115.3	-237.1
25.589	-122.5	280.5	-246.4	106.9	-281.3
25.622	-138.9	272.5	-243.0	96.91	-317.8
25.656	-153.0	264.5	-240.0	85.34	-357.6
25.689	-165.4	257.5	-237.3	73.30	-388.3
25.722	-175.0	250.6	-235.1	59.43	-406.9
25.756	-182.7	245.4	-233.3	45.89	-396.8
25.789	-188.4	241.2	-232.0	33.20	-397.5
25.822	-192.2	238.3	-231.1	19.47	-443.1
25.856	-193.8	236.9	-230.7	3.747	-461.5
25.889	-193.4	237.7	-230.9	-11.68	-428.1
25.922	-190.9	239.9	-231.5	-24.69	-383.3
25.956	-186.8	243.6	-232.5	-37.07	-384.4
25.989	-180.5	248.0	-234.0	-50.27	-382.9
26.022	-172.0	253.7	-235.9	-62.83	-353.0
26.056	-161.9	260.5	-238.1	-73.68	-326.8
26.089	-149.7	267.7	-240.8	-84.48	-301.8
26.122	-135.6	275.3	-243.8	-94.10	-255.6
26.156	-119.8	282.9	-247.0	-101.4	-211.8
26.189	-102.5	289.9	-250.5	-108.1	-187.1
26.222	-83.49	296.0	-254.2	-114.0	-144.6
26.255	-63.23	300.8	-258.1	-117.8	-121.4
26.289	-42.28	304.6	-262.1	-121.7	-82.03
26.322	-20.16	306.9	-266.2	-123.9	-25.32
26.355	1.887	307.4	-270.4	-122.9	41.92
26.389	23.79	306.8	-274.4	-121.2	102.9
26.422	45.21	305.0	-278.4	-116.3	155.1
26.455	65.16	301.8	-282.2	-110.4	193.6
26.489	84.08	297.5	-285.8	-103.9	212.6
26.522	101.3	292.5	-289.1	-95.87	222.5
26.555	116.8	286.6	-292.2	-88.98	258.5
26.589	131.0	280.4	-295.0	-79.24	325.2
26.622	142.9	275.0	-297.5	-66.70	343.5
26.655	152.6	270.0	-299.5	-56.28	341.2
26.689	160.6	265.1	-301.2	-44.53	379.7
26.722	166.4	261.7	-302.4	-30.53	437.1
26.755	169.8	259.1	-303.2	-15.65	416.9
26.789	171.0	258.4	-303.5	-2.183	422.7
26.822	170.6	258.9	-303.4	11.69	411.3
26.855	167.6	261.0	-302.7	26.04	377.4
26.889	162.7	264.0	-301.6	36.63	351.2
26.922	156.4	268.0	-300.3	48.88	352.0
26.955	147.4	272.6	-298.4	60.92	357.8
26.988	136.8	278.0	-296.2	71.99	301.7
27.022	123.9	283.7	-293.6	81.79	275.5
27.055	109.6	289.2	-290.8	89.68	247.0
27.088	93.47	294.4	-287.6	98.53	262.2
27.122	75.63	299.0	-284.2	107.1	205.8
27.155	56.14	303.5	-280.5	112.7	129.1
27.188	35.90	306.4	-276.7	115.3	72.19
27.222	15.07	308.0	-272.8	117.5	39.37
27.255	-6.178	307.9	-268.9	118.1	-5.229
27.288	-27.15	306.3	-264.9	117.0	-38.78
27.322	-47.73	303.3	-261.1	115.5	-85.10
27.355	-67.79	299.3	-257.2	111.6	-138.2
27.388	-86.52	294.4	-253.6	105.9	-179.6
27.422	-104.0	288.5	-250.2	99.79	-214.0
27.455	-120.0	282.3	-247.0	91.68	-266.2
27.488	-134.1	275.7	-244.1	82.00	-298.2
27.522	-146.1	269.1	-241.5	71.73	-332.7
27.555	-156.5	263.4	-239.3	60.01	-338.8
27.588	-164.6	258.4	-237.5	48.70	-359.8
27.622	-171.3	254.3	-236.0	36.67	-378.6
27.655	-175.3	251.0	-235.1	22.97	-433.3
27.688	-177.8	249.4	-234.5	8.195	-411.3
27.722	-178.1	249.8	-234.5	-5.193	-365.3
27.755	-176.4	250.6	-234.9	-15.61	-324.9
27.788	-173.4	252.9	-235.6	-26.84	-344.5
27.821	-168.7	256.3	-236.6	-38.60	-357.2
27.855	-162.1	260.7	-238.1	-50.64	-346.6
27.888	-153.2	265.6	-240.0	-61.87	-322.0
27.921	-142.9	271.7	-242.3	-71.97	-282.2
27.955	-130.5	277.5	-244.8	-80.80	-243.4
27.988	-116.8	284.0	-247.6	-88.10	-228.4
28.021	-101.7	290.1	-250.7	-95.85	-198.5
28.055	-84.59	295.5	-254.0	-101.8	-143.4
28.088	-66.72	300.3	-257.5	-105.0	-94.87
28.121	-48.03	304.1	-261.0	-108.1	-56.31
28.155	-28.57	306.7	-264.7	-109.1	-35.69
28.188	-9.181	308.3	-268.3	-109.9	-8.591
28.221	10.78	308.1	-272.0	-110.3	41.84
28.255	30.32	306.7	-275.6	-107.0	98.00
28.288	48.93	304.4	-279.1	-103.4	125.8
28.321	66.97	301.2	-282.5	-99.00	175.3
28.355	83.72	297.2	-285.7	-91.61	239.1
28.388	98.65	292.4	-288.6	-82.95	254.9
28.421	112.0	287.9	-291.3	-74.54	259.7
28.455	123.8	283.3	-293.6	-65.83	282.7
28.488	133.9	279.0	-295.6	-55.68	318.5
28.521	142.1	275.1	-297.3	-44.55	349.9
28.554	148.4	272.0	-298.6	-32.42	364.3
28.588	152.7	270.0	-299.5	-20.10	369.8
28.621	154.8	268.6	-300.0	-7.899	388.0
28.654	155.1	268.6	-300.0	5.667	379.9
28.688	153.0	269.7	-299.6	17.89	328.0
28.721	149.3	271.5	-298.8	27.26	312.8
28.754	144.4	274.4	-297.8	38.35	325.8
28.788	137.2	278.0	-296.3	49.59	332.8
28.821	128.3	282.1	-294.5	60.05	307.0
28.854	117.2	286.3	-292.3	70.42	271.2
28.888	104.5	290.9	-289.8	78.10	235.2
28.921	90.54	295.2	-287.1	85.72	230.4
28.954	74.90	299.3	-284.0	93.77	218.7
28.988	57.85	303.1	-280.8	100.3	137.7
29.021	39.50	305.6	-277.4	103.2	66.16
29.054	21.08	307.3	-273.9	104.2	36.09
29.088	2.281	307.7	-270.4	105.8	18.11
29.121	-16.76	306.9	-266.9	105.6	-13.30
29.154	-35.35	305.0	-263.4	104.5	-71.09
29.188	-53.77	302.1	-259.9	101.4	-125.5
29.221	-70.93	298.4	-256.6	95.69	-145.6
29.254	-86.89	293.9	-253.5	91.58	-154.1
29.288	-102.1	288.7	-250.5	86.00	-196.5
29.321	-115.7	283.6	-247.8	78.04	-269.7
29.354	-127.9	278.3	-245.3	68.36	-301.2
29.387	-137.7	273.2	-243.2	57.55	-308.4
29.421	-146.1	269.0	-241.5	47.91	-301.9
29.454	-152.9	265.4	-240.1	37.59	-321.4
29.487	-158.1	263.0	-239.0	26.36	-361.8
29.521	-161.1	260.8	-238.3	13.69	-381.8
29.554	-162.0	260.1	-238.1	0.570	-357.1
29.587	-161.4	260.9	-238.3	-10.16	-307.5
29.621	-159.0	262.0	-238.8	-19.70	-305.7
29.654	-155.1	264.0	-239.6	-30.42	-323.9
29.687	-149.5	267.2	-240.8	-41.52	-302.0
29.721	-142.1	271.2	-242.3	-50.64	-277.4
29.754	-133.6	275.7	-244.2	-59.63	-268.4
29.787	-123.2	280.8	-246.3	-68.85	-235.2
29.821	-111.3	286.0	-248.7	-75.42	-191.8
29.854	-98.13	290.5	-251.3	-81.24	-188.0
29.887	-83.70	294.9	-254.2	-88.06	-166.7
29.921	-67.92	299.1	-257.2	-92.69	-109.0
29.954	-51.58	302.8	-260.3	-95.03	-44.07
29.987	-34.64	305.8	-263.5	-95.82	-20.11
30.021	-17.62	307.3	-266.7	-96.01	-26.66
30.054	-0.348	308.2	-269.9	-97.65	13.74
30.087	17.35	307.9	-273.2	-95.77	64.53
30.120	33.95	306.7	-276.3	-92.39	119.5
30.154	50.35	304.7	-279.4	-88.59	134.8
30.187	65.40	301.9	-282.2	-82.84	172.3
30.220	79.47	298.6	-284.9	-77.38	180.5
30.254	92.33	295.1	-287.4	-70.76	235.5
30.287	103.9	291.4	-289.6	-61.89	279.9
30.320	113.5	288.2	-291.5	-51.75	282.4
30.354	121.3	284.8	-293.1	-43.04	285.0
30.387	127.6	281.7	-294.4	-33.16	287.8
30.420	132.1	279.7	-295.3	-23.29	323.1
30.454	135.3	278.4	-295.9	-12.35	315.9
30.487	136.4	278.4	-296.1	-1.369	334.4
30.520	135.8	278.3	-296.0	9.136	299.9
30.554	133.1	279.2	-295.5	19.38	312.0
30.587	129.3	280.8	-294.7	29.18	308.3
30.620	123.5	283.3	-293.5	40.40	313.7
30.654	116.0	286.6	-292.0	50.04	266.3
30.687	106.9	290.4	-290.2	58.18	235.2
30.720	96.45	294.2	-288.2	65.56	218.4
30.754	84.50	297.8	-285.8	72.80	195.4
30.787	71.19	301.1	-283.3	78.71	157.0
30.820	56.90	304.1	-280.6	83.16	153.4
30.854	41.70	306.1	-277.8	88.65	123.0
30.887	25.22	307.5	-274.7	92.08	60.85
30.920	8.731	308.1	-271.6	92.19	17.24
30.953	-7.803	307.6	-268.5	93.15	12.57
30.987	-24.61	306.9	-265.4	93.31	-42.84
31.020	-41.11	305.2	-262.3	90.34	-86.17
31.053	-56.66	302.6	-259.4	87.13	-117.9
31.087	-71.78	299.5	-256.5	83.03	-138.4
31.120	-85.48	295.5	-253.9	77.45	-167.2
31.153	-98.31	291.5	-251.4	72.11	-173.0
31.187	-109.8	286.8	-249.1	65.87	-240.9
31.220	-120.1	282.5	-247.0	56.43	-294.9
31.253	-128.2	278.7	-245.3	45.58	-301.5
31.287	-134.8	275.6	-243.9	36.52	-283.8
31.320	-140.0	273.2	-242.9	26.84	-281.3
31.353	-143.5	271.5	-242.1	17.47	-308.0
31.387	-145.5	270.2	-241.7	6.840	-320.4
31.420	-145.5	270.2	-241.7	-4.491	-301.1
31.453	-144.1	270.9	-242.0	-13.11	-280.9
31.487	-141.6	272.7	-242.6	-22.79	-299.3
31.520	-136.9	274.9	-243.5	-33.48	-294.6
31.553	-130.6	277.5	-244.8	-42.39	-270.1
31.587	-123.3	281.3	-246.3	-51.26	-233.5
31.620	-113.9	285.0	-248.2	-58.41	-202.5
31.653	-104.0	289.3	-250.2	-64.23	-187.3
31.686	-92.45	293.1	-252.5	-71.06	-191.8
31.720	-79.78	297.1	-255.0	-77.10	-149.4
31.753	-65.91	300.5	-257.6	-81.13	-95.09
31.786	-51.44	303.4	-260.4	-83.30	-60.46
31.820	-36.54	305.5	-263.2	-85.06	-58.96
31.853	-21.25	307.4	-266.0	-87.21	-17.39
31.886	-5.421	308.2	-269.0	-86.70	23.57
31.920	9.811	308.3	-271.8	-84.97	59.48
31.953	25.06	307.9	-274.7	-83.24	97.95
31.986	39.68	306.8	-277.4	-78.39	117.4
32.020	53.10	304.9	-279.9	-74.84	116.6
32.053	66.17	302.1	-282.4	-71.35	149.6
32.086	78.16	299.4	-284.6	-64.59	214.7
32.120	88.77	296.6	-286.7	-56.97	252.4
32.153	97.98	294.0	-288.4	-47.94	232.2
32.186	105.4	291.9	-289.9	-40.85	228.0
32.220	111.9	289.3	-291.2	-33.67	241.7
32.253	116.6	287.3	-292.1	-24.14	308.2
32.286	119.9	285.9	-292.8	-13.56	311.7
32.320	121.2	285.5	-293.0	-2.816	294.4
32.353	120.9	285.5	-292.9	5.833	281.9
32.386	119.2	286.1	-292.6	15.72	268.2
32.420	115.6	287.6	-291.9	24.32	258.1
32.453	110.9	289.1	-291.0	32.22	256.5
32.486	104.6	291.3	-289.8	41.77	269.1
32.519	96.74	294.1	-288.2	50.19	227.7
32.553	87.49	297.1	-286.4	56.99	182.1
32.586	77.02	299.7	-284.4	62.28	178.7
32.619	65.64	302.1	-282.3	68.58	158.5
32.653	52.81	304.4	-279.8	73.48	153.0
32.686	39.57	306.3	-277.4	77.99	99.32
32.719	24.98	307.4	-274.6	81.05	78.55
32.753	10.54	308.0	-272.0	82.33	36.29
32.786	-4.517	307.7	-269.2	84.04	15.65
32.819	-19.55	307.4	-266.4	83.23	-61.77
32.853	-34.27	306.2	-263.6	80.05	-96.51
32.886	-47.97	303.8	-261.0	76.39	-92.82
32.919	-61.24	301.6	-258.5	74.00	-108.0
32.953	-73.99	298.8	-256.1	69.54	-131.5
32.986	-85.44	295.8	-253.9	64.67	-168.1
33.019	-96.17	292.3	-251.8	58.96	-199.1
33.053	-105.4	288.9	-250.0	50.97	-235.9
33.086	-113.2	285.9	-248.4	43.31	-229.3
33.119	-119.6	282.8	-247.1	35.69	-244.0
33.153	-125.1	281.0	-246.0	27.18	-255.9
33.186	-128.6	279.2	-245.3	18.40	-290.5
33.219	-131.0	278.1	-244.8	8.216	-320.3
33.252	-131.2	277.8	-244.7	-3.336	-287.4
33.286	-129.8	278.4	-245.0	-11.26	-248.1
33.319	-127.6	279.6	-245.5	-19.04	-235.8
33.352	-123.8	281.7	-246.3	-27.66	-228.3
33.386	-118.8	284.2	-247.3	-34.02	-205.2
33.419	-112.7	286.6	-248.5	-41.14	-224.8
33.452	-105.1	289.6	-250.0	-49.17	-222.0
33.486	-96.22	293.0	-251.8	-56.06	-160.7
33.519	-86.18	296.4	-253.8	-60.01	-136.3
33.552	-75.69	299.5	-255.8	-64.50	-140.6
33.586	-63.70	301.9	-258.1	-69.96	-134.9
33.619	-51.02	304.2	-260.5	-73.36	-81.42
33.652	-37.74	306.1	-263.0	-75.43	-55.95
33.686	-24.16	307.3	-265.5	-76.94	-34.66
33.719	-10.23	308.1	-268.1	-77.87	0.891
33.752	3.741	308.2	-270.7	-76.92	68.00
33.786	17.35	308.1	-273.2	-73.40	85.00
33.819	30.04	307.1	-275.6	-70.71	116.2
33.852	42.69	306.2	-277.9	-66.52	132.0
33.886	53.78	304.4	-280.0	-61.02	149.6
33.919	64.33	302.6	-282.0	-57.06	121.5
33.952	73.99	300.8	-283.8	-52.71	180.0
33.986	82.81	298.3	-285.5	-45.61	234.3
34.019	89.90	296.6	-286.9	-36.44	236.6
34.052	95.58	295.2	-287.9	-29.84	225.9
34.085	100.2	293.6	-288.8	-21.95	256.4
34.119	103.0	292.4	-289.4	-12.26	244.6
34.152	104.4	292.1	-289.7	-5.465	216.1
34.185	104.8	291.7	-289.8	1.513	232.0
34.219	103.8	292.0	-289.6	10.38	274.9
34.252	101.2	292.6	-289.1	19.66	270.7
34.285	96.93	293.9	-288.3	28.69	228.8
34.319	91.42	295.9	-287.2	34.99	213.8
34.352	85.00	297.9	-285.9	42.31	207.4
34.385	76.71	299.9	-284.3	49.58	178.6
34.419	67.52	301.6	-282.6	53.86	137.4
34.452	57.59	303.1	-280.8	58.61	141.6
34.485	46.68	304.6	-278.7	63.49	102.1
34.519	35.01	306.0	-276.5	65.63	76.74
34.552	23.30	307.0	-274.3	67.96	58.85
34.585	10.74	307.9	-272.0	70.24	53.11
34.619	-1.829	308.0	-269.7	71.02	7.848
34.652	-14.70	307.7	-267.3	71.12	-34.67
34.685	-27.28	306.9	-264.9	68.63	-66.98
34.719	-39.20	305.6	-262.7	66.34	-60.78
34.752	-50.85	303.8	-260.5	64.81	-90.23
34.785	-62.11	301.9	-258.4	60.60	-131.7
34.818	-72.06	299.3	-256.5	55.50	-143.2
34.852	-81.30	296.7	-254.7	51.31	-162.7
34.885	-89.76	294.4	-253.0	44.86	-202.2
34.918	-96.79	292.4	-251.7	37.47	-220.8
34.952	-102.4	290.0	-250.5	30.34	-211.5
34.985	-106.9	288.3	-249.7	23.20	-216.8
35.018	-110.3	287.5	-249.0	16.06	-231.8
35.052	-112.5	286.9	-248.6	7.756	-232.0
35.085	-112.9	286.3	-248.5	0.304	-243.9
35.118	-112.6	286.9	-248.6	-7.966	-225.3
35.152	-110.3	287.5	-249.0	-15.47	-198.1
35.185	-107.4	288.8	-249.6	-20.63	-180.5
35.218	-103.4	290.1	-250.4	-27.45	-184.9
35.252	-98.04	291.9	-251.4	-33.36	-179.6
35.285	-92.11	294.1	-252.6	-38.94	-170.7
35.318	-84.94	296.8	-254.0	-45.09	-161.0
35.352	-76.65	298.9	-255.6	-49.62	-129.6
35.385	-67.71	301.3	-257.3	-53.61	-102.3
35.418	-57.97	303.6	-259.2	-56.62	-75.38
35.452	-47.81	305.6	-261.1	-58.48	-78.32
35.485	-37.21	306.9	-263.1	-61.64	-54.60
35.518	-25.77	307.9	-265.2	-62.78	-11.07
35.552	-14.72	308.7	-267.3	-61.75	19.59
35.585	-3.619	309.1	-269.3	-61.67	21.97
35.618	7.444	309.1	-271.4	-60.39	35.41
35.651	18.11	309.1	-273.4	-59.03	35.98
35.685	28.69	308.4	-275.3	-58.19	82.02
35.718	39.01	307.4	-277.2	-53.94	133.4
35.751	48.04	306.5	-278.9	-48.60	155.8
35.785	56.33	304.8	-280.5	-44.00	145.1
35.818	63.57	303.2	-281.8	-38.69	171.9
35.851	69.84	301.4	-283.0	-32.77	160.1
35.885	75.00	300.3	-284.0	-27.61	181.3
35.918	79.60	299.4	-284.9	-21.37	202.9
35.951	82.55	298.7	-285.4	-13.48	201.9
35.985	84.30	298.2	-285.8	-7.946	193.9
36.018	85.25	297.7	-286.0	-1.062	201.4
36.051	84.64	298.0	-285.9	6.127	223.7
36.085	83.08	298.2	-285.6	13.25	216.5
36.118	79.88	298.7	-285.0	21.05	194.4
36.151	75.62	299.6	-284.2	26.19	173.2
36.185	70.71	300.8	-283.2	32.11	155.8
36.218	64.43	302.4	-282.0	37.26	145.1
36.251	57.60	303.5	-280.7	41.16	106.6
36.285	49.86	305.0	-279.3	44.85	118.7
36.318	41.77	306.6	-277.8	48.55	101.5
36.351	32.63	308.0	-276.0	52.13	105.7
36.384	23.10	308.4	-274.3	55.14	74.62
36.418	12.80	308.9	-272.4	57.58	61.21
36.451	2.407	308.7	-270.4	58.84	6.762
36.484	-8.326	308.3	-268.5	58.46	-3.823
36.518	-18.53	307.4	-266.6	57.93	-29.93
36.551	-29.03	306.7	-264.6	57.15	-42.35
36.584	-38.94	305.8	-262.7	54.65	-72.21
36.618	-48.46	304.3	-261.0	52.50	-89.39
36.651	-57.45	302.4	-259.2	48.80	-138.0
36.684	-65.70	301.3	-257.7	43.25	-132.2
36.718	-72.74	299.8	-256.4	39.52	-143.5
36.751	-79.57	298.3	-255.1	34.58	-166.5
36.784	-84.71	296.5	-254.1	27.64	-171.0
36.818	-89.04	295.4	-253.2	23.32	-190.9
36.851	-92.86	294.6	-252.5	15.64	-185.8
36.884	-94.49	294.0	-252.2	9.514	-166.9
36.918	-96.05	293.4	-251.9	5.810	-156.7
36.951	-96.47	293.3	-251.8	-1.382	-225.4
36.984	-95.57	293.5	-252.0	-9.172	-208.7
37.018	-93.20	293.9	-252.4	-15.61	-165.8
37.051	-90.25	295.3	-253.0	-20.00	-138.6
37.084	-86.53	296.7	-253.7	-24.73	-158.2
37.118	-81.82	298.1	-254.7	-30.55	-158.6
37.151	-75.90	299.4	-255.8	-35.55	-117.5
37.184	-69.30	300.6	-257.0	-38.32	-85.41
37.217	-62.38	301.9	-258.3	-41.00	-106.1
37.251	-54.83	303.3	-259.8	-45.38	-106.7
37.284	-46.32	304.5	-261.4	-48.53	-84.49
37.317	-37.62	305.8	-263.0	-50.57	-67.71
37.351	-28.36	306.9	-264.7	-53.24	-32.66
37.384	-18.64	307.8	-266.5	-53.06	-9.341
37.417	-9.376	308.1	-268.3	-53.12	26.90
37.451	0.394	308.3	-270.1	-52.19	53.54
37.484	9.338	308.3	-271.7	-48.83	62.28
37.517	17.92	308.2	-273.3	-48.04	63.45
37.551	26.56	307.6	-274.9	-45.25	80.94
37.584	34.09	306.7	-276.3	-41.80	119.1
37.617	41.49	306.0	-277.7	-38.10	135.1
37.651	47.69	305.2	-278.9	-32.28	131.2
37.684	52.99	304.5	-279.9	-29.18	111.6
37.717	58.08	303.7	-280.8	-25.49	136.8
37.751	62.06	303.1	-281.6	-19.64	160.9
37.784	65.03	302.5	-282.1	-14.75	172.3
37.817	67.19	301.7	-282.6	-8.505	176.1
37.851	68.05	301.9	-282.7	-2.444	183.9
37.884	68.18	302.1	-282.7	3.212	158.0
37.917	66.97	302.4	-282.5	8.601	157.4
37.950	65.08	302.4	-282.1	13.25	148.5
37.984	62.16	302.7	-281.6	18.72	163.2
38.017	58.46	303.7	-280.9	24.04	159.5
38.050	53.71	304.5	-280.0	29.41	123.8
38.084	48.01	305.3	-278.9	32.56	105.4
38.117	42.13	306.2	-277.8	35.82	101.0
38.150	35.22	306.8	-276.5	39.80	85.76
38.184	27.88	307.5	-275.2	41.46	67.73
38.217	20.39	308.1	-273.8	43.95	71.72
38.250	12.14	308.6	-272.3	46.69	30.98
38.284	3.640	308.8	-270.7	46.08	-15.01
38.317	-4.404	308.4	-269.2	45.19	7.785
38.350	-12.56	307.9	-267.7	46.71	2.689
38.384	-21.12	307.3	-266.1	45.92	-29.07
38.417	-28.97	306.7	-264.6	44.04	-59.01
38.450	-36.87	306.2	-263.1	42.52	-62.28
38.484	-44.20	305.6	-261.8	39.61	-90.58
38.517	-50.96	304.4	-260.5	36.57	-94.71
38.550	-57.07	303.0	-259.3	33.23	-100.2
38.584	-62.62	301.9	-258.3	29.92	-108.8
38.617	-67.50	300.5	-257.3	26.04	-131.7
38.650	-71.66	299.5	-256.5	21.14	-158.4
38.684	-74.82	298.5	-255.9	15.45	-184.8
38.717	-76.95	297.9	-255.5	8.875	-173.2
38.750	-77.92	297.8	-255.3	3.561	-128.5
38.783	-78.25	297.8	-255.3	0.521	-101.3
38.817	-78.18	298.1	-255.3	-3.006	-144.9
38.850	-77.24	298.2	-255.5	-9.030	-190.3
38.883	-75.07	299.0	-255.9	-16.01	-169.4
38.917	-71.72	299.8	-256.5	-20.49	-127.5
38.950	-68.06	301.3	-257.3	-24.10	-86.33
38.983	-63.41	302.2	-258.2	-26.67	-86.58
39.017	-58.76	303.7	-259.0	-29.28	-91.49
39.050	-53.22	305.0	-260.1	-33.18	-80.49
39.083	-47.08	306.2	-261.3	-34.75	-55.78
39.117	-40.85	306.9	-262.4	-36.44	-55.24
39.150	-34.03	307.6	-263.7	-38.81	-49.24
39.183	-26.95	308.4	-265.0	-39.67	-22.17
39.217	-19.79	308.7	-266.3	-40.18	1.176
39.250	-12.50	308.8	-267.7	-39.78	8.888
39.283	-5.491	309.0	-269.0	-39.28	-9.592
39.317	1.618	309.4	-270.3	-40.46	-3.019
39.350	9.066	309.4	-271.7	-39.92	68.05
39.383	16.00	309.5	-273.0	-35.77	99.50
39.417	21.98	309.5	-274.1	-32.78	73.78
39.450	27.80	308.8	-275.1	-31.31	72.09
39.483	33.17	307.9	-276.1	-27.99	88.06
39.516	37.78	307.3	-277.0	-25.10	108.2
39.550	42.08	306.4	-277.8	-21.32	130.2
39.583	45.31	305.8	-278.4	-15.98	150.9
39.616	47.82	305.9	-278.9	-11.37	146.9
39.650	49.45	305.7	-279.2	-6.249	135.2
39.683	50.02	305.4	-279.3	-2.089	130.6
39.716	50.17	305.5	-279.3	2.053	139.8
39.750	49.28	305.4	-279.2	7.449	142.3
39.783	47.48	305.7	-278.8	11.66	120.5
39.816	45.10	305.8	-278.4	15.27	95.97
39.850	42.05	306.5	-277.8	18.27	110.1
39.883	38.58	306.6	-277.2	22.18	115.3
39.916	34.11	307.3	-276.3	26.46	96.22
39.950	29.16	308.0	-275.4	28.47	58.63
39.983	23.91	308.1	-274.4	30.21	54.83
40.016	18.30	308.5	-273.4	32.20	72.26
40.050	12.34	308.4	-272.3	34.88	39.38
40.083	5.774	308.9	-271.1	35.38	0.256
40.116	-0.356	308.7	-269.9	34.26	7.490
40.150	-6.523	308.2	-268.8	35.88	11.04
40.183	-13.21	307.8	-267.5	35.65	-29.70
40.216	-19.28	307.5	-266.4	33.30	-47.48
40.250	-25.13	307.2	-265.3	32.57	-19.93
40.283	-30.93	306.7	-264.2	32.09	-19.96
40.316	-36.60	306.2	-263.2	31.21	-61.99
40.349	-42.11	305.9	-262.2	28.22	-98.07
40.383	-46.62	304.8	-261.3	24.25	-91.16
40.416	-50.73	304.7	-260.5	22.17	-84.04
40.449	-54.59	304.2	-259.8	19.04	-112.2
40.483	-57.46	303.4	-259.3	14.36	-135.4
40.516	-59.69	303.4	-258.9	10.07	-131.3
40.549	-61.21	303.7	-258.6	5.642	-122.2
40.583	-61.78	303.5	-258.5	1.794	-93.26
40.616	-61.85	303.7	-258.5	-0.573	-77.46
40.649	-61.58	303.6	-258.5	-3.129	-92.61
40.683	-60.73	303.8	-258.7	-6.844	-120.6
40.716	-59.18	304.1	-259.0	-11.15	-121.4
40.749	-56.72	304.2	-259.4	-15.09	-93.59
40.783	-53.74	304.6	-260.0	-17.41	-77.46
40.816	-50.54	305.2	-260.6	-19.96	-59.50
40.849	-46.67	305.9	-261.3	-21.80	-87.54
40.883	-42.82	306.7	-262.1	-25.06	-60.97
40.916	-37.76	307.3	-263.0	-26.99	-57.59
40.949	-33.21	308.2	-263.8	-27.75	-22.25
40.983	-27.81	308.3	-264.8	-29.34	-26.63
41.016	-22.63	308.5	-265.8	-29.04	-30.94
41.049	-17.38	308.9	-266.8	-31.26	-47.74
41.082	-11.40	309.0	-267.9	-32.83	11.63
41.116	-5.569	309.0	-269.0	-30.36	67.05
41.149	-0.477	309.0	-269.9	-27.89	63.83
41.182	4.461	309.2	-270.8	-26.43	26.18
41.216	9.039	309.5	-271.7	-25.86	16.38
41.249	13.79	309.7	-272.5	-25.70	51.81
41.282	18.32	309.7	-273.4	-22.53	108.3
41.316	21.94	309.9	-274.1	-18.10	86.33
41.349	24.87	309.6	-274.6	-16.57	52.65
41.382	27.90	309.3	-275.2	-15.20	79.53
41.416	30.33	309.1	-275.6	-11.08	106.3
41.449	31.93	309.4	-275.9	-7.784	116.7
41.482	33.19	309.4	-276.1	-3.840	111.3
41.516	33.34	309.5	-276.1	0.238	115.8
41.549	33.12	309.6	-276.1	3.415	87.39
41.582	32.11	309.6	-275.9	6.418	76.14
41.616	30.80	309.7	-275.7	8.273	73.21
41.649	29.09	309.5	-275.4	11.20	78.17
41.682	26.73	309.7	-274.9	13.78	82.39
41.716	24.09	309.5	-274.5	16.34	57.92
41.749	20.79	309.5	-273.8	18.10	71.32
41.782	17.53	309.2	-273.2	20.44	68.70
41.816	13.39	309.0	-272.5	23.33	50.31
41.849	9.117	309.0	-271.7	23.59	2.088
41.882	4.906	308.9	-270.9	23.37	-5.193
41.915	0.716	308.7	-270.1	23.27	29.48
41.949	-3.445	308.2	-269.4	25.06	11.93
41.982	-8.270	308.2	-268.5	24.88	-17.02
42.015	-12.36	308.0	-267.7	23.06	-15.56
42.049	-16.52	307.7	-266.9	24.08	5.556
42.082	-20.97	307.4	-266.1	23.80	-27.42
42.115	-25.03	307.1	-265.3	21.92	-43.62
42.149	-28.82	306.9	-264.6	20.87	-34.65
42.182	-32.50	306.7	-264.0	19.76	-51.80
42.215	-35.91	306.6	-263.3	17.43	-78.42
42.249	-38.78	306.5	-262.8	14.44	-91.88
42.282	-41.11	306.4	-262.4	11.33	-74.60
42.315	-42.86	306.2	-262.0	9.284	-52.19
42.349	-44.44	306.1	-261.7	8.064	-49.54
42.382	-45.78	306.2	-261.5	6.004	-79.83
42.415	-46.64	306.2	-261.3	2.769	-85.80
42.449	-46.80	306.3	-261.3	2.353E-2	-88.25
42.482	-46.65	306.2	-261.3	-2.772	-74.91
42.515	-45.80	306.3	-261.5	-5.346	-76.65
42.549	-44.74	306.5	-261.7	-7.526	-73.23
42.582	-43.12	306.7	-262.0	-10.42	-72.32
42.615	-41.00	306.8	-262.4	-12.39	-47.31
42.648	-38.62	306.7	-262.8	-13.52	-54.25
42.682	-36.13	307.1	-263.3	-15.77	-57.35
42.715	-32.97	307.2	-263.9	-17.77	-43.27
42.748	-29.73	307.3	-264.5	-18.39	-36.34
42.782	-26.36	307.5	-265.1	-20.10	-15.19
42.815	-22.51	307.5	-265.8	-19.91	-10.81
42.848	-19.22	307.8	-266.4	-20.01	-18.95
42.882	-15.35	307.9	-267.1	-21.80	-30.07
42.915	-11.40	308.0	-267.9	-21.88	40.40
42.948	-7.511	308.0	-268.6	-19.36	63.32
42.982	-4.464	308.0	-269.2	-17.01	52.00
43.015	-1.417	308.2	-269.7	-16.33	13.79
43.048	1.388	308.2	-270.3	-15.86	13.10
43.082	4.272	308.4	-270.8	-15.67	21.65
43.115	7.014	308.5	-271.3	-14.40	61.62
43.148	9.446	308.6	-271.8	-11.64	65.43
43.182	11.20	308.7	-272.1	-9.641	43.95
43.215	12.92	308.8	-272.4	-9.023	55.69
43.248	14.45	308.7	-272.7	-6.143	68.12
43.282	15.13	308.9	-272.8	-3.863	62.07
43.315	15.85	309.0	-272.9	-2.572	43.92
43.348	16.07	309.0	-273.0	-0.608	62.23
43.382	16.07	309.0	-273.0	1.345	80.46
43.415	15.58	308.9	-272.9	4.772	73.69
43.448	14.35	308.9	-272.7	6.667	40.21
43.481	13.18	308.9	-272.4	7.038	13.01
43.515	11.82	309.1	-272.2	7.689	39.25
43.548	10.41	308.8	-271.9	9.390	57.97
43.581	8.433	308.7	-271.6	11.86	39.67
43.615	6.143	308.7	-271.1	12.15	10.93
43.648	4.069	308.7	-270.8	12.19	-0.317
43.681	1.763	308.6	-270.3	12.45	8.195
43.715	-0.402	308.5	-269.9	12.48	30.40
43.748	-2.713	308.3	-269.5	14.43	45.29
43.781	-5.575	308.2	-269.0	15.89	30.20
43.815	-8.402	307.9	-268.4	16.15	-33.14
43.848	-11.36	308.0	-267.9	14.13	-19.24
43.881	-13.46	307.7	-267.5	13.84	-33.97
43.915	-16.32	307.8	-267.0	13.19	-29.05
43.948	-18.19	307.6	-266.6	10.78	-42.45
43.981	-20.17	307.5	-266.2	10.88	-4.251
44.015	-22.08	307.4	-265.9	10.42	-18.44
44.048	-23.90	307.3	-265.6	9.690	-13.98
44.081	-25.55	307.1	-265.2	9.354	-48.40
44.115	-27.26	307.2	-264.9	6.951	-59.65
44.148	-28.05	307.1	-264.8	4.592	-49.92
44.181	-28.90	307.0	-264.6	4.143	-18.88
44.214	-29.52	307.0	-264.5	3.163	-48.07
44.248	-30.05	307.1	-264.4	1.179	-46.42
44.281	-29.96	307.1	-264.4	-0.374	-56.22
44.314	-29.91	307.1	-264.4	-2.045	-53.68
44.348	-29.23	307.2	-264.6	-4.394	-60.49
44.381	-28.34	307.2	-264.7	-5.857	-31.05
44.414	-27.13	307.3	-265.0	-6.650	-13.32
44.448	-25.95	307.3	-265.2	-6.583	1.494
44.481	-24.76	307.3	-265.4	-6.580	-4.637
44.514	-23.59	307.3	-265.6	-6.836	-39.49
44.548	-22.32	307.5	-265.8	-9.028	-50.72
44.581	-20.36	307.6	-266.2	-10.74	-0.523
44.614	-18.46	307.6	-266.6	-8.965	16.97
44.648	-17.15	307.7	-266.8	-8.959	-15.57
44.681	-15.26	307.7	-267.2	-10.67	-29.97
44.714	-13.33	307.9	-267.5	-10.77	0.195
44.748	-11.41	307.9	-267.9	-10.64	33.46
44.781	-9.516	308.0	-268.2	-8.766	24.53
44.814	-8.266	308.1	-268.5	-8.325	19.58
44.848	-6.534	308.1	-268.8	-8.292	-1.406
44.881	-5.295	308.2	-269.0	-7.724	23.33
44.914	-3.767	308.2	-269.3	-7.333	29.45
44.948	-2.667	308.2	-269.5	-5.411	37.76
44.981	-1.829	308.3	-269.7	-4.765	11.11
45.014	-0.959	308.3	-269.8	-4.806	-1.072
45.047	-0.106	308.3	-270.0	-4.806	20.39
45.081	0.764	308.4	-270.1	-3.638	52.16
45.114	1.199	308.4	-270.2	-1.158	56.82
45.147	1.179	308.4	-270.2	0.310	25.70
45.181	1.088	308.4	-270.2	0.440	6.924
45.214	1.022	308.4	-270.2	0.679	16.65
45.247	0.845	308.4	-270.2	1.564	42.86
45.281	0.460	308.3	-270.1	3.467	19.55
45.314	-0.399	308.5	-269.9	3.367	16.50
45.347	-0.747	308.3	-269.9	3.716	19.09
45.381	-1.731	308.3	-269.7	5.367	32.90
45.414	-2.671	308.2	-269.5	5.573	4.944
45.447	-3.728	308.2	-269.3	5.821	6.963
45.481	-4.757	308.1	-269.1	5.939	-1.081
45.514	-5.857	308.2	-268.9	5.857	-6.467
45.547	-6.855	308.1	-268.7	5.421	-3.867
45.581	-7.798	308.0	-268.5	5.555	-3.007
45.614	-8.844	308.0	-268.4	5.390	-5.854
45.647	-9.726	307.9	-268.2	4.986	-3.532
45.681	-10.63	307.9	-268.0	5.209	-4.209
45.714	-11.59	307.9	-267.8	4.828	-42.35
45.747	-12.36	308.0	-267.7	2.463	-18.03
45.780	-12.47	307.7	-267.7	2.872	-22.82
45.814	-13.39	307.9	-267.5	2.241	-17.84
45.847	-13.28	307.9	-267.5	0.407	-9.098
45.880	-13.53	307.7	-267.5	2.218	10.02
45.914	-14.07	307.8	-267.4	1.390	-24.99
45.947	-14.03	307.8	-267.4	-5.198E-2	-27.76
45.980	-14.05	307.8	-267.4	-0.137	0.439
46.014	-13.98	307.8	-267.4	-0.161	-0.522
46.047	-14.00	307.8	-267.4	-4.485E-2	2.265
46.080	-13.96	307.8	-267.4	-9.347E-2	-9.759
46.114	-13.96	307.8	-267.4	-0.574	-6.557
46.147	-13.76	307.7	-267.4	-0.756	-5.063
46.180	-13.69	307.7	-267.5	-0.680	1.968
46.214	-13.51	307.7	-267.5	-0.792	6.582
46.247	-13.40	307.7	-267.5	-0.201	12.34
46.280	-13.44	307.8	-267.5	0.128	1.220
46.314	-13.45	307.8	-267.5	-0.166	-42.14
46.347	-13.39	308.0	-267.5	-2.440	-29.48
46.380	-12.58	307.7	-267.7	-2.910	-5.692
46.414	-12.35	308.0	-267.7	-1.982	7.975
46.447	-11.87	307.9	-267.8	-2.771	-7.601
46.480	-11.35	308.0	-267.9	-2.494	16.88
46.514	-10.98	307.9	-268.0	-1.579	29.23
46.547	-10.78	307.9	-268.0	-0.540	15.45
46.580	-10.78	307.9	-268.0	-0.408	13.18
46.613	-10.64	307.8	-268.0	2.434E-2	5.813
46.647	-10.79	307.9	-268.0	0.351	1.924
46.680	-10.76	307.9	-268.0	-0.121	-9.882
46.713	-10.75	307.9	-268.0	-0.204	4.512
46.747	-10.69	307.9	-268.0	7.954E-2	4.801
46.780	-10.78	307.9	-268.0	0.281	0.967
46.813	-10.79	307.9	-268.0	3.196E-2	-4.234
46.847	-10.79	307.9	-268.0	1.343E-2	1.026
46.880	-10.80	307.9	-268.0	0.103	1.825
46.913	-10.83	307.9	-268.0	0.153	-0.734
46.947	-10.85	307.9	-268.0	5.177E-2	
46.980	-10.84	307.9	-268.0		
