	mass A					
t	x	y	θ	ω	α	
2.432	-218.0	-212.5	-135.7	
2.466	-219.6	-210.7	-136.2	-37.45	
2.499	-226.9	-202.7	-138.2	-85.59	-1.606E3
2.532	-238.9	-187.4	-141.9	-143.3	-1.508E3
2.566	-257.0	-162.0	-147.8	-190.2	-1.293E3
2.599	-273.8	-130.2	-154.6	-225.5	-1.072E3
2.632	-289.6	-89.63	-162.8	-263.5	-1.133E3
2.666	-300.6	-41.57	-172.1	-299.7	-1.079E3
2.699	-302.7	14.68	-182.8	-336.4	-827.3
2.732	-293.3	76.10	-194.5	-356.4	-681.1
2.765	-271.2	135.4	-206.5	-377.7	-758.2
2.799	-233.7	194.1	-219.7	-409.6	-591.0
2.832	-179.5	245.4	-233.8	-419.1	-346.0
2.865	-115.9	281.8	-247.6	-427.7	-499.2
2.899	-40.94	303.6	-262.3	-454.6	-317.6
2.932	42.68	306.1	-277.9	-453.2	338.5
2.965	119.7	288.8	-292.5	-427.2	661.3
2.999	187.3	254.0	-306.4	-409.4	481.9
3.032	243.6	205.9	-319.8	-395.4	606.3
3.065	264.9	136.4	-332.8	-370.7	758.2
3.099	311.7	86.43	-344.5	-342.2	876.0
3.132	327.1	25.42	-355.6	-314.4	956.1
3.165	329.5	-31.46	-365.5	-277.7	1.143E3
3.199	315.5	-79.06	-374.1	-238.1	1.226E3
3.232	303.3	-118.4	-381.3	-196.1	1.061E3
3.265	288.4	-147.8	-387.1	-165.4	2.270E3
3.299	266.7	-168.9	-392.3	-59.23	1.765E3
3.332	228.2	-137.5	-391.1	-13.92	1.028E3
3.365	260.8	-171.1	-393.3	-25.24	568.2
3.399	262.3	-168.8	-392.8	39.52	1.962E3
3.432	268.4	-159.0	-390.6	101.3	1.528E3
3.465	279.4	-136.4	-386.0	147.4	1.259E3
3.499	291.3	-110.7	-380.8	178.9	1.084E3
3.532	302.9	-76.02	-374.1	222.1	854.8
3.565	311.2	-32.78	-366.0	238.9	1.000E3
3.598	310.8	9.940	-358.2	278.7	1.308E3
3.632	302.7	67.42	-347.4	336.8	1.273E3
3.665	281.5	127.0	-335.7	360.4	314.9
3.698	246.8	183.1	-323.4	359.5	319.8
3.732	203.4	227.7	-311.8	374.2	691.8
3.765	143.9	265.1	-298.5	411.9	852.4
3.798	79.70	312.3	-284.3	430.7	360.3
3.832	-1.182	323.8	-269.8	435.6	50.81
3.865	-82.11	312.7	-255.3	433.5	-176.7
3.898	-157.5	282.9	-240.9	424.3	292.1
3.932	-220.9	236.9	-227.0	446.9	-389.7
3.965	-260.2	157.1	-211.1	416.6	-1.119E3
3.998	-284.0	99.17	-199.2	351.5	-1.431E3
4.032	-298.1	40.28	-187.7	330.7	-865.9
4.065	-300.5	-14.64	-177.2	293.1	-924.0
4.098	-294.9	-61.79	-168.2	266.0	-1.082E3
4.132	-283.1	-105.9	-159.5	227.2	-1.336E3
4.165	-270.1	-137.5	-153.0	171.5	-1.668E3
4.198	-257.5	-160.6	-148.1	118.8	-1.448E3
4.232	-247.6	-172.6	-145.1	71.90	-1.352E3
4.265	-242.0	-180.6	-143.3	31.63	-1.291E3
4.298	-241.3	-181.8	-143.0	-15.24	-1.406E3
4.331	-245.1	-176.2	-144.3	-61.95	-1.394E3
4.365	-253.4	-163.8	-147.1	-108.3	-1.464E3
4.398	-264.8	-143.8	-151.5	-158.7	-1.360E3
4.431	-282.8	-115.9	-157.7	-201.3	-1.187E3
4.465	-294.9	-79.48	-164.9	-235.4	-1.059E3
4.498	-303.0	-35.09	-173.4	-272.6	-1.054E3
4.531	-304.3	16.39	-183.1	-306.0	-900.3
4.565	-295.7	72.53	-193.8	-332.7	-515.9
4.598	-275.7	130.1	-205.3	-341.8	-531.6
4.631	-245.3	181.9	-216.6	-362.5	-658.0
4.665	-195.9	228.6	-229.4	-391.8	-567.9
4.698	-138.5	268.0	-242.7	-398.6	-108.5
4.731	-73.30	293.4	-256.0	-398.4	-29.95
4.765	-4.142	303.1	-269.2	-400.0	-36.90
4.798	66.50	296.9	-282.6	-401.9	116.1
4.831	133.9	274.5	-296.0	-392.8	248.4
4.865	192.0	238.7	-308.8	-383.1	382.1
4.898	240.4	191.1	-321.5	-370.0	575.7
4.931	275.9	137.8	-333.5	-343.7	504.1
4.965	297.7	82.96	-344.4	-333.4	744.2
4.998	308.6	23.37	-355.7	-302.3	1.171E3
5.031	308.9	-24.70	-364.6	-247.5	1.456E3
5.065	303.2	-65.34	-372.2	-207.6	1.243E3
5.098	294.6	-98.04	-378.4	-164.9	1.301E3
5.131	285.9	-122.2	-383.1	-120.5	1.337E3
5.164	278.4	-138.4	-386.4	-75.96	1.381E3
5.198	273.6	-146.8	-388.2	-28.65	1.438E3
5.231	273.1	-147.3	-388.3	20.25	1.429E3
5.264	277.1	-140.3	-386.9	66.77	1.372E3
5.298	284.3	-125.9	-383.9	111.4	1.312E3
5.331	292.7	-103.3	-379.4	154.5	1.246E3
5.364	300.8	-72.76	-373.6	194.4	1.236E3
5.398	306.2	-34.79	-366.5	236.1	1.201E3
5.431	306.5	11.42	-357.9	275.7	1.132E3
5.464	298.4	62.82	-348.1	310.7	1.242E3
5.498	279.6	117.7	-337.2	357.0	906.9
5.531	250.3	179.7	-324.3	377.8	492.9
5.564	205.3	228.1	-312.0	381.9	319.8
5.598	147.5	267.6	-298.9	402.4	475.9
5.631	79.76	294.1	-285.2	414.0	252.1
5.664	6.790	303.8	-271.3	418.6	45.75
5.698	-66.85	296.1	-257.3	417.4	-185.6
5.731	-135.2	270.8	-243.5	406.4	-463.3
5.764	-194.2	233.0	-230.2	386.3	-580.5
5.798	-240.6	186.1	-217.7	366.6	-1.015E3
5.831	-274.0	132.3	-205.8	323.1	-903.3
5.864	-293.3	85.14	-196.2	296.2	-713.2
5.897	-304.1	32.12	-186.0	285.9	-601.1
5.931	-306.2	-15.33	-177.1	251.7	-1.043E3
5.964	-301.8	-57.25	-169.3	217.4	-1.125E3
5.997	-293.9	-91.86	-162.6	176.6	-1.226E3
6.031	-284.7	-118.0	-157.5	135.0	-1.261E3
6.064	-276.1	-136.8	-153.6	93.23	-1.287E3
6.097	-270.1	-148.0	-151.3	48.90	-1.319E3
6.131	-268.0	-152.3	-150.4	5.209	-1.322E3
6.164	-269.7	-149.9	-150.9	-38.93	-1.303E3
6.197	-274.8	-140.1	-153.0	-82.11	-1.283E3
6.231	-282.5	-123.4	-156.4	-124.0	-1.235E3
6.264	-292.1	-99.15	-161.2	-164.8	-1.220E3
6.297	-301.1	-67.38	-167.4	-204.8	-1.159E3
6.331	-307.4	-27.42	-174.9	-242.7	-1.008E3
6.364	-308.3	19.18	-183.6	-272.2	-780.1
6.397	-301.3	69.81	-193.0	-294.4	-684.8
6.431	-284.5	121.8	-203.2	-317.1	-727.2
6.464	-256.4	174.1	-214.2	-343.2	-679.3
6.497	-215.2	223.3	-226.1	-363.3	-395.0
6.531	-162.7	264.3	-238.4	-369.7	-1.009E3
6.564	-102.8	293.5	-250.7	-421.9	-795.9
6.597	-18.82	307.5	-266.5	-442.4	129.1
6.631	54.40	303.3	-280.2	-398.3	1.255E3
6.664	121.2	284.9	-293.0	-363.2	1.007E3
6.697	174.3	254.9	-304.4	-328.1	468.5
6.730	217.8	218.5	-314.9	-329.9	127.4
6.764	258.3	171.9	-326.4	-327.5	383.1
6.797	286.7	123.3	-336.7	-299.5	802.1
6.830	304.3	74.12	-346.3	-274.9	837.5
6.864	312.9	27.12	-355.0	-244.3	1.107E3
6.897	314.6	-14.23	-362.6	-201.4	1.172E3
6.930	310.0	-46.13	-368.5	-163.4	1.108E3
6.964	304.9	-73.10	-373.5	-130.3	1.113E3
6.997	299.7	-92.47	-377.1	-88.43	1.285E3
7.030	295.9	-104.0	-379.4	-44.55	1.303E3
7.064	294.6	-107.9	-380.1	-1.308	1.285E3
7.097	295.7	-104.5	-379.5	40.89	1.268E3
7.130	299.1	-93.68	-377.4	83.21	1.248E3
7.164	304.2	-75.36	-373.9	124.2	1.230E3
7.197	309.4	-49.63	-369.1	164.8	1.172E3
7.230	312.7	-16.00	-362.9	203.0	1.107E3
7.264	311.9	24.05	-355.6	238.1	1.065E3
7.297	304.5	69.94	-347.1	273.9	935.7
7.330	287.7	120.2	-337.3	301.7	791.3
7.364	260.8	169.6	-327.0	324.9	757.7
7.397	221.7	216.5	-315.7	352.6	670.6
7.430	170.2	257.5	-303.5	371.1	265.5
7.463	110.0	287.2	-291.0	370.3	-27.44
7.497	47.29	306.0	-278.8	367.0	90.77
7.530	-18.79	307.2	-266.5	376.5	183.6
7.563	-85.98	294.0	-253.7	381.5	-122.4
7.597	-147.5	266.9	-241.1	367.9	-342.0
7.630	-198.2	229.5	-229.2	356.2	-422.0
7.663	-240.0	183.1	-217.3	342.9	434.2
7.697	-269.9	133.5	-206.3	375.3	-262.6
7.730	-300.3	65.63	-192.3	350.0	-1.704E3
7.763	-307.1	16.12	-183.0	240.9	-2.092E3
7.797	-300.5	-19.55	-176.3	208.5	-1.206E3
7.830	-299.0	-57.52	-169.1	173.9	-913.8
7.863	-289.2	-79.16	-164.7	134.6	-1.062E3
7.897	-285.3	-103.0	-160.1	112.9	-936.7
7.930	-279.8	-117.8	-157.2	68.18	-1.309E3
7.963	-276.6	-125.5	-155.6	26.04	-1.259E3
7.997	-276.3	-126.3	-155.4	-15.70	-1.270E3
8.030	-278.8	-120.4	-156.6	-58.40	-1.265E3
8.063	-283.9	-107.1	-159.3	-100.4	-1.211E3
8.097	-290.3	-86.88	-163.3	-139.0	-1.165E3
8.130	-296.3	-59.82	-168.6	-177.6	-1.125E3
8.163	-300.5	-25.37	-175.2	-214.6	-1.034E3
8.197	-300.5	15.18	-182.9	-246.4	-1.084E3
8.230	-294.3	60.38	-191.6	-285.2	-915.6
8.263	-279.5	112.4	-201.9	-311.8	-573.0
8.296	-254.6	161.4	-212.4	-319.9	-408.0
8.330	-219.9	206.6	-223.2	-338.4	-403.9
8.363	-174.0	247.7	-234.9	-349.9	-219.1
8.396	-120.8	278.4	-246.5	-350.4	-138.9
8.430	-61.87	298.1	-258.3	-358.9	-167.5
8.463	2.428	305.4	-270.5	-363.6	-18.68
8.496	66.37	299.4	-282.5	-359.1	170.0
8.530	127.1	280.5	-294.4	-352.4	277.9
8.563	181.4	249.9	-306.0	-340.7	456.7
8.596	227.2	211.2	-317.1	-322.1	546.6
8.630	262.2	167.4	-327.4	-303.3	639.3
8.663	287.3	120.2	-337.3	-281.0	790.2
8.696	303.2	74.66	-346.2	-249.8	953.5
8.730	310.9	33.00	-353.9	-217.2	987.4
8.763	313.1	-3.487	-360.6	-184.2	1.089E3
8.796	312.5	-34.03	-366.2	-145.3	1.201E3
8.830	309.4	-56.33	-370.3	-103.1	1.235E3
8.863	306.4	-71.20	-373.1	-63.17	1.207E3
8.896	304.4	-78.88	-374.5	-22.79	1.226E3
8.930	304.4	-79.30	-374.6	18.61	1.234E3
8.963	306.1	-72.29	-373.3	59.60	1.209E3
8.996	309.1	-58.01	-370.6	99.17	1.160E3
9.029	312.3	-36.57	-366.7	137.0	1.131E3
9.063	314.1	-8.234	-361.5	174.3	1.112E3
9.096	312.6	27.00	-355.1	211.3	1.121E3
9.129	305.7	68.22	-347.4	248.6	922.6
9.163	289.8	114.2	-338.5	274.8	829.7
9.196	266.9	159.7	-329.1	300.4	701.9
9.229	232.2	205.6	-318.5	325.1	676.7
9.263	188.2	245.7	-307.4	342.7	450.9
9.296	133.3	277.9	-295.6	357.4	290.0
9.329	72.45	298.7	-283.6	361.1	125.8
9.363	8.405	306.5	-271.6	365.1	86.83
9.396	-56.74	300.3	-259.3	367.7	-46.11
9.429	-118.8	280.7	-247.1	362.2	-327.3
9.463	-173.9	249.9	-235.2	346.2	-734.3
9.496	-218.3	210.8	-224.0	313.8	-684.8
9.529	-250.7	170.7	-214.3	295.6	-479.3
9.563	-276.1	124.7	-204.3	287.4	-480.0
9.596	-292.6	78.96	-195.1	262.0	-886.6
9.629	-300.8	36.11	-186.8	228.6	-1.096E3
9.663	-303.5	-0.695	-179.9	188.5	-1.151E3
9.696	-302.4	-30.25	-174.3	151.1	-643.6
9.729	-299.2	-53.83	-169.8	142.7	-837.7
9.763	-291.2	-79.24	-164.8	106.3	-1.333E3
9.796	-288.4	-89.71	-162.7	42.71	-1.595E3
9.829	-287.4	-93.76	-161.9	3.755	-1.201E3
9.862	-288.2	-91.04	-162.5	-37.26	-1.207E3
9.896	-290.8	-81.11	-164.4	-77.15	-1.168E3
9.929	-294.7	-64.75	-167.6	-114.8	-1.118E3
9.962	-298.4	-41.61	-172.1	-151.7	-1.080E3
9.996	-300.6	-11.96	-177.7	-186.8	-1.169E3
10.029	-299.4	23.61	-184.5	-228.4	-886.4
10.062	-294.8	67.73	-192.9	-250.8	-632.6
10.096	-281.4	109.3	-201.2	-264.1	-536.1
10.129	-260.1	153.5	-210.5	-289.8	-716.8
10.162	-229.6	196.3	-220.5	-311.0	-463.0
10.196	-189.4	236.1	-231.3	-322.3	-355.5
10.229	-142.3	267.7	-242.0	-331.9	-217.9
10.262	-87.04	291.7	-253.4	-339.7	-186.8
10.296	-28.45	303.9	-264.7	-342.1	-6.289
10.329	32.95	304.5	-276.2	-341.9	107.2
10.362	92.04	293.0	-287.4	-333.8	249.8
10.396	146.6	270.8	-298.4	-325.3	327.9
10.429	194.9	239.7	-309.1	-312.6	417.7
10.462	234.5	202.1	-319.2	-296.7	560.3
10.496	265.9	160.5	-328.9	-276.1	698.8
10.529	287.9	118.4	-337.7	-249.4	834.9
10.562	301.7	77.98	-345.5	-220.7	919.9
10.595	308.9	41.44	-352.4	-188.2	1.110E3
10.629	311.8	10.61	-358.1	-147.2	1.126E3
10.662	314.7	-11.93	-362.2	-110.8	1.066E3
10.695	313.4	-29.81	-365.4	-78.68	1.030E3
10.729	312.2	-40.62	-367.4	-41.12	1.135E3
10.762	311.4	-44.72	-368.2	-3.312	1.151E3
10.795	311.7	-41.78	-367.6	35.71	1.168E3
10.829	313.1	-31.77	-365.8	74.56	1.137E3
10.862	314.7	-14.65	-362.7	111.7	1.097E3
10.895	315.0	9.061	-358.4	147.4	1.031E3
10.929	312.4	39.23	-352.8	180.8	1.001E3
10.962	305.9	74.52	-346.3	213.5	917.0
10.995	293.2	114.8	-338.6	242.8	835.2
11.029	272.2	156.4	-330.1	268.2	710.0
11.062	242.7	198.3	-320.7	290.9	610.2
11.095	203.9	236.8	-310.7	308.5	461.7
11.129	156.7	269.3	-300.2	321.9	361.3
11.162	102.5	293.0	-289.3	332.2	104.2
11.195	43.28	306.0	-278.1	330.5	89.47
11.229	-14.69	307.3	-267.3	334.0	71.05
11.262	-75.11	296.7	-255.8	339.8	8.436
11.295	-130.4	274.9	-244.6	332.2	-287.8
11.329	-179.8	244.3	-233.7	321.5	-344.9
11.362	-220.1	206.6	-223.2	308.3	-527.2
11.395	-252.1	164.4	-213.1	288.0	-695.8
11.428	-274.5	122.2	-204.0	260.3	-833.4
11.462	-289.1	81.60	-195.8	232.9	-873.7
11.495	-296.9	44.27	-188.5	202.2	-945.3
11.528	-299.8	11.99	-182.3	169.7	-1.027E3
11.562	-299.6	-14.79	-177.2	134.2	-1.091E3
11.595	-298.0	-34.76	-173.3	96.41	-1.119E3
11.628	-296.1	-48.21	-170.8	59.73	-1.111E3
11.662	-295.0	-55.38	-169.4	22.50	-1.117E3
11.695	-294.8	-55.97	-169.3	-14.91	-1.123E3
11.728	-296.0	-50.28	-170.4	-52.14	-1.108E3
11.762	-297.8	-38.01	-172.7	-88.96	-1.098E3
11.795	-299.5	-19.43	-176.3	-125.1	-1.060E3
11.828	-299.9	5.578	-181.1	-159.9	-997.7
11.862	-297.5	36.23	-186.9	-191.6	-893.4
11.895	-291.2	71.71	-193.8	-219.6	-808.5
11.928	-279.1	110.4	-201.6	-245.1	-689.2
11.962	-260.2	151.2	-210.2	-266.1	-598.1
11.995	-233.3	191.0	-219.3	-284.1	-508.2
12.028	-198.3	228.9	-229.1	-300.7	-377.8
12.062	-154.7	261.1	-239.3	-309.6	-225.6
12.095	-105.7	286.1	-249.7	-314.8	-126.6
12.128	-51.52	302.2	-260.3	-318.5	-48.04
12.161	5.129	308.0	-271.0	-317.9	202.3
12.195	61.79	303.5	-281.5	-306.2	255.9
12.228	113.2	289.5	-291.4	-297.7	212.5
12.261	162.2	266.3	-301.3	-294.8	210.9
12.295	205.1	235.9	-311.0	-282.9	446.3
12.328	240.8	200.7	-320.2	-265.3	556.9
12.361	268.0	163.0	-328.7	-245.1	685.3
12.395	288.2	125.1	-336.5	-220.6	814.1
12.428	301.6	90.00	-343.4	-190.2	911.2
12.461	309.4	58.99	-349.2	-159.7	952.0
12.495	313.0	32.75	-354.0	-127.2	1.011E3
12.528	314.6	12.75	-357.7	-91.99	1.053E3
12.561	314.9	-0.866	-360.2	-56.96	1.072E3
12.595	314.9	-8.107	-361.5	-20.80	1.054E3
12.628	314.6	-8.476	-361.5	13.89	1.057E3
12.661	314.7	-3.016	-360.5	48.83	1.044E3
12.695	314.5	9.396	-358.3	84.24	1.062E3
12.728	313.7	27.81	-354.9	119.0	1.010E3
12.761	310.6	52.75	-350.4	152.3	938.7
12.795	303.6	82.55	-344.8	181.2	852.5
12.828	292.3	116.4	-338.3	208.9	825.0
12.861	274.8	153.2	-330.9	236.3	752.9
12.895	248.7	190.5	-322.5	259.5	656.5
12.928	215.7	226.8	-313.6	279.4	497.6
12.961	173.8	258.5	-303.9	293.6	367.0
12.994	126.6	284.3	-294.0	302.9	309.5
13.028	73.56	300.9	-283.7	314.3	269.3
13.061	16.31	304.9	-273.1	321.7	113.8
13.094	-40.75	301.5	-262.3	321.5	-144.9
13.128	-95.59	288.0	-251.6	312.5	-257.0
13.161	-144.2	265.4	-241.5	302.7	-322.5
13.194	-187.8	235.8	-231.5	292.6	-445.7
13.228	-224.1	201.6	-222.0	272.8	-614.9
13.261	-251.5	165.1	-213.3	250.8	-671.6
13.294	-272.0	128.4	-205.3	228.6	-716.3
13.328	-286.2	93.26	-198.1	203.0	-808.6
13.361	-294.4	61.17	-191.7	174.7	-905.0
13.394	-299.0	33.58	-186.4	142.8	-974.9
13.428	-300.4	11.64	-182.2	109.3	-1.033E3
13.461	-301.1	-4.604	-179.1	74.36	-1.038E3
13.494	-300.8	-14.37	-177.3	39.54	-1.050E3
13.528	-300.5	-18.44	-176.5	5.019	-1.031E3
13.561	-300.6	-16.12	-176.9	-29.73	-1.053E3
13.594	-300.9	-8.039	-178.5	-64.61	-1.023E3
13.628	-300.8	6.488	-181.2	-98.54	-974.2
13.661	-299.2	26.37	-185.0	-129.2	-909.9
13.694	-295.8	51.33	-189.8	-159.2	-829.6
13.727	-289.5	81.05	-195.6	-185.0	-738.0
13.761	-278.1	113.3	-202.2	-207.6	-654.2
13.794	-261.9	148.0	-209.5	-229.0	-636.2
13.827	-239.0	182.9	-217.4	-249.6	-541.0
13.861	-209.0	217.3	-226.1	-266.0	-432.0
13.894	-172.3	247.5	-235.2	-277.5	-331.2
13.927	-129.7	273.3	-244.6	-288.3	-261.0
13.961	-81.71	292.1	-254.4	-295.2	-94.73
13.994	-30.36	302.7	-264.3	-294.9	45.54
14.027	21.42	304.8	-274.0	-291.3	103.7
14.061	72.54	297.8	-283.7	-288.2	162.9
14.094	121.3	282.7	-293.2	-280.9	289.6
14.127	165.4	260.5	-302.4	-268.6	368.8
14.161	203.5	233.0	-311.1	-255.9	434.3
14.194	235.5	201.4	-319.5	-240.4	577.7
14.227	260.9	168.5	-327.1	-217.4	728.4
14.261	279.1	136.5	-333.9	-191.3	789.6
14.294	292.1	106.9	-339.9	-165.0	813.4
14.327	300.8	80.95	-344.9	-137.1	906.4
14.361	306.2	59.37	-349.0	-104.9	977.4
14.394	308.7	43.78	-351.9	-71.18	1.002E3
14.427	309.8	33.82	-353.8	-38.55	984.7
14.461	310.2	29.89	-354.5	-5.394	998.9
14.494	309.7	31.85	-354.1	27.91	987.1
14.527	308.9	39.92	-352.6	60.61	973.9
14.560	306.4	53.52	-350.1	92.61	927.4
14.594	302.1	72.71	-346.5	122.8	877.6
14.627	295.4	96.50	-341.9	150.8	836.4
14.660	284.6	124.2	-336.4	178.6	803.9
14.694	268.4	154.9	-330.0	204.5	734.7
14.727	246.3	187.1	-322.8	227.5	641.4
14.760	217.3	218.4	-314.9	247.3	570.3
14.794	182.3	248.1	-306.3	265.3	438.0
14.827	140.3	273.3	-297.2	277.3	341.0
14.860	93.92	292.0	-287.8	286.7	245.6
14.894	42.90	302.7	-278.1	294.7	155.2
14.927	-9.642	304.6	-268.2	296.7	11.09
14.960	-61.69	297.9	-258.3	295.5	-103.7
14.994	-111.2	282.2	-248.5	289.9	-282.1
15.027	-155.9	259.2	-239.0	276.9	-431.0
15.060	-194.2	231.8	-230.0	260.4	-470.5
15.094	-225.7	200.6	-221.6	245.7	-527.7
15.127	-251.3	167.4	-213.7	226.1	-669.0
15.160	-270.5	135.2	-206.6	200.4	-785.0
15.194	-283.4	104.9	-200.3	173.7	-801.5
15.227	-292.0	78.15	-195.0	147.0	-854.7
15.260	-297.5	55.29	-190.5	117.2	-893.1
15.293	-300.3	37.78	-187.2	86.64	-945.8
15.327	-302.1	25.12	-184.8	55.01	-950.8
15.360	-302.9	18.55	-183.5	22.45	-977.1
15.393	-303.0	17.25	-183.3	-9.485	-936.8
15.427	-302.7	21.89	-184.1	-40.61	-917.5
15.460	-302.0	31.56	-186.0	-70.09	-905.1
15.493	-300.3	46.54	-188.8	-101.0	-903.3
15.527	-296.0	66.68	-192.7	-130.6	-830.2
15.560	-288.9	91.16	-197.5	-156.4	-747.8
15.593	-278.4	118.8	-203.1	-180.1	-713.2
15.627	-263.4	149.1	-209.5	-203.9	-675.1
15.660	-242.2	180.5	-216.7	-225.5	-586.7
15.693	-215.5	212.0	-224.5	-242.9	-421.4
15.727	-182.3	241.0	-232.9	-253.9	-325.5
15.760	-144.7	266.1	-241.5	-263.5	-322.7
15.793	-101.4	285.6	-250.5	-276.0	-234.1
15.827	-53.51	298.8	-259.8	-280.1	-35.16
15.860	-4.677	304.7	-269.1	-277.0	85.76
15.893	44.23	302.8	-278.3	-274.6	96.46
15.927	91.86	292.8	-287.4	-270.8	250.7
15.960	136.6	275.7	-296.4	-258.7	364.3
15.993	175.4	253.7	-304.7	-244.7	439.5
16.026	209.8	227.6	-312.7	-230.9	485.5
16.060	237.3	198.8	-320.0	-211.7	587.1
16.093	259.8	170.2	-326.8	-191.8	640.6
16.126	276.7	142.0	-332.8	-169.2	743.9
16.160	288.8	116.4	-338.1	-142.2	843.8
16.193	296.9	94.73	-342.3	-112.8	896.4
16.226	301.7	77.66	-345.6	-82.55	908.2
16.260	304.3	65.77	-347.8	-52.14	913.3
16.293	306.1	59.27	-349.0	-21.77	933.7
16.326	306.0	58.07	-349.3	9.956	956.0
16.360	305.1	62.75	-348.4	42.18	939.7
16.393	302.5	72.93	-346.4	72.65	912.8
16.426	298.0	88.08	-343.5	102.7	859.2
16.460	291.0	108.2	-339.6	130.5	797.9
16.493	280.7	131.9	-334.8	155.4	736.5
16.526	266.5	158.6	-329.2	179.7	718.9
16.560	246.5	186.7	-322.9	203.2	683.6
16.593	221.2	215.9	-315.7	225.5	568.7
16.626	189.1	243.4	-307.8	241.6	441.9
16.660	151.9	267.3	-299.6	254.0	370.6
16.693	109.4	286.5	-290.9	266.7	271.2
16.726	62.74	299.5	-281.8	272.8	107.4
16.760	14.56	304.8	-272.7	273.0	13.54
16.793	-33.75	302.6	-263.6	273.5	-43.97
16.826	-81.15	292.8	-254.5	270.7	-141.2
16.859	-125.3	276.1	-245.6	263.7	-293.3
16.893	-165.4	254.0	-236.9	251.7	-421.5
16.926	-199.0	227.5	-228.8	235.0	-484.1
16.959	-226.7	199.0	-221.3	219.2	-525.0
16.993	-249.5	169.6	-214.2	200.8	-638.2
17.026	-266.9	141.3	-207.9	176.4	-769.3
17.059	-278.7	115.2	-202.5	149.3	-821.2
17.093	-286.9	92.92	-197.9	121.6	-845.5
17.126	-292.1	74.76	-194.4	93.11	-879.2
17.159	-295.3	61.36	-191.7	63.03	-925.1
17.193	-297.2	53.24	-190.2	31.43	-909.0
17.226	-297.8	50.61	-189.6	1.962	-883.2
17.259	-297.7	52.62	-190.0	-26.74	-863.5
17.293	-295.9	59.80	-191.4	-56.06	-855.8
17.326	-292.8	71.71	-193.8	-83.62	-815.8
17.359	-288.4	88.17	-197.0	-110.4	-766.1
17.393	-281.5	108.7	-201.1	-134.9	-728.6
17.426	-271.0	132.1	-206.0	-158.6	-700.9
17.459	-256.6	158.4	-211.7	-182.0	-663.8
17.493	-237.0	185.9	-218.1	-202.8	-547.2
17.526	-212.5	214.0	-225.2	-218.8	-441.5
17.559	-182.9	240.0	-232.7	-231.6	-339.1
17.592	-148.3	263.5	-240.6	-241.8	-268.3
17.626	-109.4	282.3	-248.8	-249.0	-201.1
17.659	-67.09	296.0	-257.2	-255.4	-172.3
17.692	-22.12	303.2	-265.8	-260.5	-41.09
17.726	24.40	304.2	-274.6	-259.0	92.64
17.759	69.29	298.1	-283.1	-253.1	223.1
17.792	112.3	285.7	-291.5	-245.0	288.0
17.826	151.2	268.3	-299.4	-233.3	390.8
17.859	185.7	246.4	-307.0	-219.4	458.8
17.892	214.9	222.3	-314.0	-202.4	537.9
17.926	239.0	197.1	-320.5	-183.7	585.2
17.959	258.0	172.3	-326.3	-163.3	636.9
17.992	272.2	148.7	-331.4	-141.3	712.7
18.026	283.2	127.9	-335.7	-115.9	795.6
18.059	290.6	111.0	-339.1	-88.02	835.8
18.092	295.5	98.60	-341.6	-60.16	849.3
18.126	298.1	90.60	-343.1	-31.61	865.1
18.159	298.7	87.58	-343.7	-2.314	872.8
18.192	298.2	89.73	-343.3	26.53	851.0
18.226	295.5	96.65	-341.9	54.49	843.6
18.259	291.2	108.2	-339.6	82.53	805.1
18.292	284.4	124.3	-336.4	108.6	778.8
18.326	274.7	143.7	-332.4	133.8	733.9
18.359	261.0	166.5	-327.5	158.2	684.4
18.392	243.0	191.0	-321.8	179.2	626.8
18.425	220.1	216.0	-315.5	199.7	572.7
18.459	191.6	240.6	-308.5	217.8	484.3
18.492	158.3	263.3	-301.0	231.8	346.9
18.525	120.3	282.1	-293.1	241.3	296.7
18.559	78.92	295.7	-284.9	250.6	191.2
18.592	33.93	303.1	-276.4	255.5	68.03
18.625	-11.06	304.4	-267.9	253.9	-51.15
18.659	-55.57	298.9	-259.5	252.4	-103.2
18.692	-98.29	287.1	-251.1	247.2	-213.8
18.725	-137.5	269.8	-243.0	238.0	-309.6
18.759	-172.2	248.2	-235.2	226.5	-384.4
18.792	-202.5	224.0	-227.9	212.5	-470.7
18.825	-227.6	198.4	-221.1	195.1	-565.1
18.859	-247.4	172.6	-214.9	174.8	-645.8
18.892	-263.0	148.4	-209.4	152.1	-733.7
18.925	-273.9	126.3	-204.8	126.1	-789.4
18.959	-281.8	108.3	-201.0	99.04	-804.8
18.992	-286.5	93.99	-198.2	72.63	-817.5
19.025	-289.9	84.16	-196.2	44.66	-840.9
19.059	-291.0	78.98	-195.2	16.32	-853.5
19.092	-291.2	78.58	-195.1	-11.99	-816.5
19.125	-290.0	83.08	-196.0	-38.56	-802.6
19.158	-287.8	91.68	-197.7	-64.81	-774.6
19.192	-283.2	104.8	-200.3	-90.84	-721.8
19.225	-276.6	121.6	-203.7	-112.8	-658.0
19.258	-267.4	141.1	-207.8	-134.3	-654.7
19.292	-254.5	163.2	-212.7	-156.6	-625.8
19.325	-237.4	187.2	-218.3	-176.3	-546.3
19.358	-215.8	211.5	-224.4	-192.8	-486.5
19.392	-190.1	235.7	-231.1	-208.6	-395.6
19.425	-159.2	258.0	-238.3	-219.8	-284.9
19.458	-124.6	276.7	-245.8	-226.9	-242.0
19.492	-86.59	291.2	-253.4	-235.8	-160.8
19.525	-45.10	300.6	-261.5	-238.8	-55.85
19.558	-3.435	304.6	-269.4	-238.0	39.84
19.592	38.90	302.5	-277.3	-237.2	99.34
19.625	80.06	295.5	-285.2	-231.2	215.0
19.658	118.5	282.9	-292.7	-222.7	276.2
19.692	153.6	266.1	-300.0	-212.7	352.9
19.725	185.1	246.5	-306.9	-199.4	441.5
19.758	211.6	224.7	-313.3	-183.0	531.8
19.792	233.7	202.5	-319.1	-164.2	593.9
19.825	251.0	180.9	-324.2	-143.2	653.1
19.858	264.7	161.3	-328.6	-120.8	718.5
19.892	274.9	144.5	-332.3	-95.42	759.4
19.925	281.5	131.3	-335.0	-69.73	795.9
19.958	285.5	121.6	-336.9	-42.97	799.9
19.991	287.6	117.0	-337.9	-15.73	790.0
20.025	287.9	116.5	-338.0	9.370	763.5
20.058	286.1	120.0	-337.2	35.06	764.4
20.091	282.9	128.1	-335.6	60.51	753.2
20.125	277.4	140.1	-333.2	85.13	736.9
20.158	269.0	155.5	-330.0	109.6	715.3
20.191	257.2	174.1	-325.9	133.0	671.6
20.225	241.6	194.9	-321.1	154.3	645.4
20.258	221.2	216.5	-315.6	175.7	590.0
20.291	196.0	238.7	-309.4	194.3	486.9
20.325	166.3	259.3	-302.7	207.9	388.5
20.358	132.6	277.6	-295.5	220.0	317.3
20.391	94.79	291.5	-288.0	229.4	213.5
20.425	54.51	301.2	-280.3	234.1	91.18
20.458	12.84	305.0	-272.4	235.4	21.49
20.491	-28.78	302.9	-264.6	235.3	-49.91
20.525	-69.71	295.6	-256.7	232.5	-124.6
20.558	-108.2	282.9	-249.1	226.6	-230.4
20.591	-143.7	266.1	-241.6	217.6	-321.1
20.625	-174.7	245.7	-234.6	204.8	-408.7
20.658	-201.4	223.5	-228.0	190.4	-490.9
20.691	-223.9	200.9	-221.9	172.3	-576.7
20.724	-241.6	178.7	-216.5	151.7	-636.9
20.758	-255.8	158.5	-211.8	130.0	-690.2
20.791	-266.4	140.7	-207.8	105.8	-759.7
20.824	-273.9	126.2	-204.7	79.22	-772.3
20.858	-278.8	115.8	-202.6	53.94	-794.5
20.891	-281.4	108.8	-201.1	27.07	-798.8
20.924	-282.4	107.0	-200.8	-0.244	-795.4
20.958	-281.7	109.0	-201.2	-25.36	-735.8
20.991	-279.0	115.2	-202.4	-49.65	-682.5
21.024	-274.5	124.9	-204.5	-70.80	-669.8
21.058	-268.5	137.7	-207.2	-93.63	-690.0
21.091	-259.5	154.2	-210.7	-117.5	-654.5
21.124	-247.1	173.0	-215.0	-137.3	-563.6
21.158	-231.3	193.1	-219.9	-154.8	-497.6
21.191	-212.2	214.5	-225.3	-170.6	-457.1
21.224	-188.9	235.2	-231.2	-185.0	-423.0
21.258	-161.6	254.9	-237.6	-198.9	-344.0
21.291	-130.3	272.9	-244.5	-208.4	-253.6
21.324	-96.12	287.6	-251.5	-215.1	-190.0
21.358	-58.92	298.1	-258.8	-221.4	-117.1
21.391	-19.77	303.6	-266.3	-223.2	20.21
21.424	19.61	304.3	-273.7	-219.9	132.0
21.458	57.94	300.1	-280.9	-214.1	161.2
21.491	94.50	291.6	-288.0	-208.9	205.6
21.524	129.2	279.0	-294.9	-201.2	304.6
21.557	160.4	263.2	-301.4	-188.3	385.1
21.591	187.5	245.2	-307.4	-175.1	423.1
21.624	211.0	226.0	-313.0	-160.6	485.2
21.657	230.8	207.1	-318.1	-142.6	571.1
21.691	246.7	189.0	-322.5	-122.5	653.3
21.724	258.7	172.7	-326.3	-99.26	692.7
21.757	267.3	159.7	-329.1	-75.79	716.7
21.791	273.1	149.4	-331.3	-52.11	738.8
21.824	276.8	143.4	-332.6	-26.24	744.9
21.857	278.0	141.2	-333.1	-2.211	738.4
21.891	276.9	142.5	-332.8	22.37	746.2
21.924	273.8	148.2	-331.6	48.04	726.6
21.957	268.2	157.6	-329.6	70.84	696.3
21.991	260.1	169.9	-326.9	93.93	665.4
22.024	248.7	185.3	-323.3	115.9	621.6
22.057	234.5	202.9	-319.1	134.9	543.6
22.091	216.3	221.5	-314.3	152.4	501.0
22.124	194.5	240.4	-309.0	168.1	459.6
22.157	168.7	258.7	-303.1	183.1	451.9
22.191	138.9	275.3	-296.8	198.0	356.0
22.224	104.8	289.1	-289.9	207.7	245.7
22.257	68.66	298.9	-282.9	213.3	155.7
22.290	30.41	304.3	-275.7	218.6	92.05
22.324	-8.688	304.9	-268.4	219.5	-13.80
22.357	-47.17	300.5	-261.1	217.5	-99.43
22.390	-84.28	291.6	-253.9	213.1	-192.0
22.424	-119.0	278.9	-246.9	204.7	-285.3
22.457	-150.1	262.5	-240.2	193.8	-349.3
22.490	-177.6	244.2	-234.0	181.5	-397.9
22.524	-201.3	224.6	-228.1	167.3	-475.2
22.557	-221.2	205.0	-222.8	150.0	-555.6
22.590	-236.8	186.0	-218.1	130.1	-622.5
22.624	-249.4	169.2	-214.2	108.6	-656.8
22.657	-258.9	155.0	-210.9	86.17	-692.6
22.690	-265.6	143.7	-208.4	62.57	-689.6
22.724	-269.9	136.0	-206.7	39.76	-721.4
22.757	-272.5	131.5	-205.8	15.29	-749.1
22.790	-272.5	131.3	-205.7	-10.94	-730.4
22.824	-270.7	134.9	-206.5	-33.39	-682.1
22.857	-266.9	141.6	-207.9	-55.84	-656.0
22.890	-261.0	152.0	-210.2	-77.74	-634.3
22.924	-253.0	165.1	-213.1	-97.70	-604.0
22.957	-242.5	180.9	-216.7	-118.1	-584.5
22.990	-228.1	198.3	-221.0	-136.8	-536.1
23.024	-210.5	216.7	-225.8	-153.7	-463.2
23.057	-189.5	235.9	-231.2	-167.9	-368.2
23.090	-164.7	253.9	-237.0	-178.2	-295.1
23.123	-137.0	270.2	-243.1	-187.2	-290.3
23.157	-106.2	284.1	-249.5	-197.5	-221.0
23.190	-72.10	295.1	-256.3	-202.8	-125.7
23.223	-36.99	302.3	-263.0	-204.8	-31.09
23.257	-0.428	304.7	-269.9	-205.7	38.46
23.290	35.85	303.7	-276.7	-201.9	122.8
23.323	70.88	298.1	-283.4	-197.3	159.8
23.357	104.3	288.6	-289.9	-191.6	212.9
23.390	135.3	275.8	-296.1	-183.1	324.1
23.423	163.5	260.8	-302.1	-170.2	401.9
23.457	187.4	244.4	-307.5	-155.7	478.5
23.490	208.4	227.9	-312.4	-139.0	519.4
23.523	225.5	212.1	-316.7	-120.3	579.6
23.557	238.7	196.9	-320.5	-100.9	596.6
23.590	249.0	184.4	-323.5	-80.18	617.8
23.623	256.7	174.4	-325.8	-59.90	651.6
23.657	261.4	166.8	-327.5	-37.02	696.3
23.690	264.2	163.3	-328.3	-13.01	716.2
23.723	264.0	162.8	-328.3	10.46	680.6
23.757	261.9	166.3	-327.6	32.69	676.0
23.790	257.4	172.6	-326.2	54.97	667.6
23.823	250.5	182.5	-323.9	77.65	641.3
23.856	240.5	194.9	-321.0	97.68	577.9
23.890	227.8	209.4	-317.4	116.1	515.0
23.923	212.0	225.4	-313.2	132.2	503.4
23.956	193.0	241.7	-308.6	149.0	482.6
23.990	169.6	258.0	-303.3	165.2	419.9
24.023	142.6	272.8	-297.6	176.7	306.2
24.056	112.7	285.6	-291.5	185.5	254.1
24.090	80.53	295.7	-285.2	193.4	202.2
24.123	45.96	302.1	-278.7	199.4	149.2
24.156	10.35	304.6	-271.9	203.0	38.14
24.190	-25.87	303.1	-265.1	202.5	-67.74
24.223	-60.77	297.4	-258.5	197.9	-120.9
24.256	-94.01	288.2	-251.9	194.3	-175.7
24.290	-125.6	275.6	-245.5	187.0	-297.0
24.323	-153.5	260.3	-239.5	174.0	-388.8
24.356	-177.7	243.8	-233.9	160.8	-421.3
24.390	-198.3	226.2	-228.8	146.4	-479.6
24.423	-216.0	209.7	-224.2	128.7	-563.6
24.456	-230.1	194.3	-220.2	108.8	-612.7
24.490	-240.4	180.5	-216.9	87.73	-633.1
24.523	-248.2	169.5	-214.3	66.65	-634.0
24.556	-253.2	161.0	-212.5	45.51	-663.4
24.590	-256.6	156.0	-211.3	22.66	-673.6
24.623	-257.3	154.3	-210.9	0.118	-646.9
24.656	-256.2	155.7	-211.3	-20.21	-630.2
24.689	-253.3	160.1	-212.3	-41.64	-617.4
24.723	-248.3	167.9	-214.1	-61.93	-608.6
24.756	-241.3	178.1	-216.4	-81.56	-572.9
24.789	-231.4	190.7	-219.5	-100.7	-540.3
24.823	-218.8	205.0	-223.1	-117.3	-503.9
24.856	-203.5	220.6	-227.3	-134.2	-486.3
24.889	-184.7	237.0	-232.1	-150.0	-399.7
24.923	-162.4	253.1	-237.3	-161.0	-330.0
24.956	-137.8	268.1	-242.8	-171.2	-261.3
24.989	-109.5	281.2	-248.7	-179.4	-215.3
25.023	-79.57	291.9	-254.8	-184.7	-125.8
25.056	-47.33	299.6	-261.0	-188.4	-57.37
25.089	-14.26	303.7	-267.3	-188.2	-0.147
25.123	18.97	304.4	-273.6	-188.2	39.03
25.156	52.29	301.1	-279.9	-186.1	117.1
25.189	84.33	294.7	-286.0	-180.1	240.4
25.223	114.4	285.2	-291.9	-170.4	292.6
25.256	141.4	273.7	-297.3	-160.0	328.3
25.289	166.0	260.4	-302.5	-149.1	366.0
25.323	187.3	246.3	-307.3	-135.3	459.1
25.356	205.7	232.3	-311.5	-118.8	512.8
25.389	220.1	218.7	-315.2	-100.7	561.6
25.422	231.4	206.6	-318.2	-81.68	585.2
25.456	240.0	197.0	-320.6	-61.40	582.3
25.489	245.9	189.8	-322.3	-42.78	593.8
25.522	249.6	184.9	-323.5	-22.41	631.9
25.556	250.3	183.0	-323.8	-0.127	656.0
25.589	249.1	184.5	-323.5	21.17	611.8
25.622	245.6	189.0	-322.4	40.87	625.0
25.656	239.9	196.0	-320.8	62.15	600.9
25.689	231.1	206.1	-318.3	82.02	577.3
25.722	219.9	217.7	-315.3	99.63	529.7
25.756	205.3	230.9	-311.6	117.9	512.1
25.789	187.6	245.1	-307.4	133.7	430.2
25.822	166.7	259.4	-302.7	146.7	392.6
25.856	143.1	273.1	-297.7	159.3	365.9
25.889	115.7	284.6	-292.1	171.5	286.9
25.922	85.63	294.3	-286.2	178.7	174.6
25.956	54.25	301.3	-280.2	182.7	117.2
25.989	21.57	304.8	-274.0	186.5	60.49
26.022	-11.84	304.7	-267.8	187.1	-18.06
26.056	-44.56	301.1	-261.6	184.9	-98.45
26.089	-76.38	294.4	-255.5	180.9	-167.2
26.122	-106.1	284.3	-249.5	173.6	-236.3
26.156	-133.2	271.8	-243.9	165.0	-301.6
26.189	-157.9	258.1	-238.5	153.8	-360.7
26.222	-179.3	243.5	-233.6	140.6	-424.0
26.255	-197.5	228.5	-229.2	125.8	-508.7
26.289	-212.7	214.6	-225.2	106.8	-572.1
26.322	-224.2	202.2	-222.1	87.10	-565.9
26.355	-233.1	191.8	-219.4	69.33	-555.0
26.389	-240.0	183.7	-217.4	50.33	-592.6
26.422	-244.4	178.2	-216.1	29.69	-604.8
26.455	-245.9	175.1	-215.5	9.828	-601.0
26.489	-245.8	174.9	-215.4	-10.05	-597.7
26.522	-243.7	177.8	-216.1	-30.26	-617.6
26.555	-239.7	183.6	-217.5	-50.93	-592.7
26.589	-232.8	192.0	-219.5	-70.28	-536.3
26.622	-223.8	202.5	-222.1	-86.42	-495.1
26.655	-212.6	214.7	-225.3	-103.0	-481.0
26.689	-198.3	228.1	-229.0	-118.9	-413.2
26.722	-181.2	242.2	-233.2	-130.6	-333.0
26.755	-161.8	256.0	-237.7	-140.7	-318.4
26.789	-139.6	269.1	-242.6	-151.9	-284.1
26.822	-114.4	280.7	-247.8	-160.1	-230.3
26.855	-87.59	290.9	-253.2	-166.5	-156.3
26.889	-58.42	298.4	-258.9	-171.2	-103.6
26.922	-28.35	302.9	-264.7	-173.0	-16.62
26.955	2.379	305.0	-270.4	-172.6	43.18
26.988	32.81	304.1	-276.2	-169.8	83.10
27.022	62.48	300.0	-281.8	-167.0	142.4
27.055	91.10	292.7	-287.3	-160.9	225.7
27.088	117.4	283.7	-292.5	-151.4	277.2
27.122	141.4	273.0	-297.4	-142.4	321.0
27.155	163.0	261.0	-302.0	-130.5	393.5
27.188	181.7	249.4	-306.1	-115.7	462.8
27.222	197.2	237.6	-309.7	-99.92	486.2
27.255	209.7	227.0	-312.7	-83.07	494.1
27.288	219.5	217.8	-315.2	-66.98	504.3
27.322	227.1	210.3	-317.2	-49.75	558.7
27.355	231.8	204.8	-318.5	-29.70	588.1
27.388	234.5	202.6	-319.2	-10.13	604.6
27.422	234.4	202.2	-319.2	10.01	587.4
27.455	231.9	205.1	-318.5	29.73	576.2
27.488	227.3	210.3	-317.2	47.85	560.2
27.522	219.9	217.5	-315.3	67.21	568.9
27.555	209.8	226.9	-312.8	85.89	499.3
27.588	196.8	237.9	-309.6	100.8	438.9
27.622	181.4	249.4	-306.0	114.5	417.5
27.655	163.0	261.3	-302.0	129.0	396.5
27.688	141.8	273.1	-297.4	141.0	321.8
27.722	117.8	283.3	-292.6	150.4	262.6
27.755	91.81	292.6	-287.4	158.4	217.8
27.788	63.72	299.4	-282.0	165.0	148.9
27.821	34.21	303.8	-276.4	168.4	66.09
27.855	4.195	304.8	-270.8	169.2	5.365
27.888	-25.70	302.9	-265.1	168.8	-32.38
27.921	-55.13	298.7	-259.5	167.1	-110.7
27.955	-83.61	291.9	-254.0	161.7	-184.9
27.988	-109.8	282.5	-248.8	154.2	-270.2
28.021	-133.8	271.2	-243.7	144.3	-305.8
28.055	-154.8	259.1	-239.1	133.1	-360.4
28.088	-173.7	246.8	-234.9	121.0	-423.1
28.121	-189.3	234.5	-231.1	104.7	-483.5
28.155	-202.1	223.6	-227.9	88.40	-459.6
28.188	-212.0	213.5	-225.2	74.13	-487.2
28.221	-220.1	204.9	-223.0	56.59	-531.9
28.255	-225.4	198.9	-221.4	37.75	-596.0
28.288	-228.9	195.0	-220.4	17.80	-583.6
28.321	-229.6	194.3	-220.2	-2.214	-560.7
28.355	-228.4	195.7	-220.6	-18.97	-534.2
28.388	-225.3	199.4	-221.5	-37.67	-531.0
28.421	-219.6	205.4	-223.1	-54.98	-498.1
28.455	-212.4	213.7	-225.2	-70.32	-445.4
28.488	-202.6	223.3	-227.8	-85.01	-453.6
28.521	-190.6	234.0	-230.8	-100.1	-410.4
28.554	-175.4	245.4	-234.4	-113.2	-380.2
28.588	-158.4	257.2	-238.4	-124.5	-308.4
28.621	-138.4	268.7	-242.7	-134.5	-256.6
28.654	-116.6	279.2	-247.3	-141.1	-195.6
28.688	-92.82	288.3	-252.2	-147.6	-182.5
28.721	-67.37	296.0	-257.2	-153.3	-120.3
28.754	-40.33	301.1	-262.4	-155.9	-74.88
28.788	-12.91	303.8	-267.6	-157.7	-14.95
28.821	15.31	304.4	-272.9	-157.7	33.43
28.854	42.93	302.6	-278.1	-154.8	140.8
28.888	69.96	298.3	-283.2	-148.9	188.1
28.921	94.78	291.7	-288.0	-141.4	236.9
28.954	118.2	283.7	-292.6	-133.8	259.2
28.988	139.3	274.5	-296.9	-123.9	333.4
29.021	158.3	264.7	-300.9	-111.9	379.3
29.054	174.2	254.6	-304.4	-98.25	418.7
29.088	187.8	245.5	-307.4	-84.15	429.4
29.121	198.7	237.0	-310.0	-69.48	476.6
29.154	207.4	229.9	-312.1	-52.75	499.5
29.188	213.2	224.7	-313.5	-35.61	537.2
29.221	216.9	221.3	-314.4	-17.62	549.3
29.254	217.8	220.4	-314.7	1.601	527.6
29.288	216.5	221.7	-314.3	17.57	487.5
29.321	213.2	224.7	-313.5	33.59	517.9
29.354	207.5	229.8	-312.1	52.22	525.2
29.387	199.0	237.0	-310.0	69.07	491.4
29.421	188.1	245.3	-307.5	84.42	438.9
29.454	174.3	254.7	-304.4	98.78	413.6
29.487	158.4	264.7	-300.9	111.6	366.3
29.521	139.4	274.1	-297.0	123.5	332.1
29.554	118.5	283.7	-292.7	133.6	276.3
29.587	95.14	291.9	-288.1	142.0	219.3
29.621	69.94	298.2	-283.2	148.2	152.3
29.654	43.48	302.4	-278.2	152.2	89.63
29.687	16.30	305.0	-273.1	154.1	13.93
29.721	-11.12	304.6	-267.9	153.2	-37.50
29.754	-37.89	302.0	-262.8	151.3	-50.69
29.787	-64.02	296.8	-257.8	150.0	-110.2
29.821	-89.41	289.8	-252.9	144.5	-186.0
29.854	-112.5	281.1	-248.2	136.7	-282.7
29.887	-133.9	271.4	-243.7	126.5	-321.1
29.921	-152.1	260.9	-239.8	114.4	-355.4
29.954	-168.4	250.8	-236.1	103.4	-377.5
29.987	-182.3	240.8	-232.9	89.32	-417.8
30.021	-193.6	232.1	-230.2	75.06	-468.7
30.054	-202.7	224.1	-227.9	58.80	-479.5
30.087	-209.0	218.4	-226.2	42.16	-512.6
30.120	-213.7	214.3	-225.1	25.53	-504.6
30.154	-215.3	212.0	-224.5	7.796	-532.7
30.187	-215.3	212.0	-224.5	-9.463	-478.6
30.220	-213.0	214.3	-225.2	-24.81	-462.6
30.254	-209.3	218.3	-226.2	-39.41	-479.5
30.287	-203.2	224.1	-227.8	-57.09	-494.0
30.320	-194.4	231.8	-230.0	-72.74	-413.9
30.354	-183.5	240.4	-232.7	-84.53	-362.2
30.387	-170.6	249.6	-235.6	-96.44	-351.2
30.420	-155.5	259.6	-239.1	-108.4	-348.4
30.454	-137.9	269.0	-242.9	-119.4	-295.4
30.487	-118.0	278.5	-247.0	-128.5	-240.8
30.520	-96.50	287.2	-251.4	-135.1	-150.3
30.554	-73.26	294.5	-256.0	-138.9	-77.00
30.587	-49.22	299.9	-260.7	-139.9	-53.30
30.620	-24.69	303.6	-265.4	-142.2	-60.24
30.654	0.819	304.8	-270.2	-144.3	9.738
30.687	26.48	304.5	-275.0	-141.7	77.03
30.720	50.99	301.5	-279.6	-138.4	156.1
30.754	75.11	297.0	-284.2	-132.4	196.8
30.787	96.95	291.1	-288.4	-124.2	247.1
30.820	117.4	283.9	-292.5	-116.7	256.4
30.854	135.7	275.9	-296.2	-106.8	306.6
30.887	151.8	267.4	-299.6	-96.28	348.4
30.920	165.8	259.2	-302.6	-83.72	401.2
30.953	177.7	252.2	-305.2	-69.35	428.0
30.987	186.7	245.7	-307.2	-55.11	437.0
31.020	193.5	240.3	-308.8	-40.41	463.7
31.053	198.4	237.1	-309.9	-24.19	491.2
31.087	200.4	235.1	-310.4	-7.540	490.5
31.120	200.2	235.0	-310.4	8.509	466.2
31.153	197.9	236.9	-309.9	23.57	450.0
31.187	193.6	240.3	-308.9	38.36	431.3
31.220	187.3	245.6	-307.3	52.50	455.0
31.253	178.6	251.8	-305.4	68.17	437.5
31.287	167.1	259.4	-302.8	82.57	379.3
31.320	153.5	267.4	-299.9	92.95	346.9
31.353	137.8	275.4	-296.6	105.3	351.8
31.387	119.3	283.4	-292.8	117.1	290.9
31.420	98.93	290.9	-288.8	124.5	218.6
31.453	76.99	296.9	-284.5	131.3	165.2
31.487	53.36	301.6	-280.0	136.1	104.0
31.520	29.11	304.1	-275.5	137.8	58.58
31.553	4.512	305.1	-270.8	139.9	40.22
31.587	-20.50	304.2	-266.1	140.8	-21.92
31.620	-45.19	301.1	-261.5	138.5	-127.8
31.653	-68.89	296.4	-256.9	132.4	-189.5
31.686	-90.62	290.0	-252.6	125.4	-192.9
31.720	-110.8	282.1	-248.6	119.7	-212.1
31.753	-129.5	273.5	-244.7	111.6	-279.8
31.786	-145.9	264.6	-241.1	100.7	-365.5
31.820	-160.3	256.2	-238.0	87.49	-392.6
31.853	-171.8	248.1	-235.3	74.00	-399.0
31.886	-181.2	240.7	-233.0	61.31	-442.5
31.920	-188.6	234.7	-231.2	44.77	-487.9
31.953	-193.3	230.7	-230.0	28.01	-479.6
31.986	-196.0	228.2	-229.3	13.27	-438.0
32.020	-196.9	227.7	-229.2	-1.354	-435.0
32.053	-195.7	228.6	-229.4	-15.58	-432.2
32.086	-192.8	231.4	-230.2	-30.19	-420.4
32.120	-188.0	235.9	-231.4	-43.77	-388.3
32.153	-181.2	241.5	-233.1	-55.95	-369.1
32.186	-172.4	247.9	-235.2	-68.26	-350.3
32.220	-161.5	255.1	-237.7	-79.55	-331.5
32.253	-148.9	262.9	-240.5	-90.06	-304.2
32.286	-134.1	270.8	-243.7	-100.1	-285.8
32.320	-117.6	279.0	-247.1	-108.9	-247.6
32.353	-99.03	286.3	-250.9	-116.7	-189.2
32.386	-78.89	292.9	-254.9	-121.7	-151.6
32.420	-57.85	298.4	-259.0	-126.4	-89.46
32.453	-35.24	301.9	-263.3	-128.4	-58.23
32.486	-12.81	304.1	-267.6	-129.2	8.264
32.519	10.38	304.4	-272.0	-128.9	58.02
32.553	32.83	303.4	-276.2	-124.8	104.8
32.586	54.47	300.7	-280.3	-121.8	113.0
32.619	75.46	296.2	-284.3	-117.6	179.5
32.653	95.14	291.0	-288.1	-109.8	227.7
32.686	112.8	284.8	-291.6	-102.0	259.8
32.719	129.1	278.2	-294.9	-93.12	294.5
32.753	143.3	271.7	-297.8	-81.89	335.6
32.786	155.5	265.5	-300.4	-70.87	391.9
32.819	165.6	259.6	-302.5	-56.21	436.6
32.853	172.6	254.9	-304.1	-40.90	437.2
32.886	177.7	251.4	-305.3	-27.56	408.2
32.919	180.6	249.1	-305.9	-13.59	421.4
32.953	181.6	248.5	-306.2	0.484	420.1
32.986	180.4	249.1	-305.9	14.47	413.4
33.019	177.4	251.5	-305.2	28.02	409.7
33.053	172.1	254.8	-304.0	41.70	407.2
33.086	164.9	259.6	-302.4	55.27	416.6
33.119	155.4	265.3	-300.4	69.28	401.5
33.153	143.2	271.5	-297.8	82.39	325.5
33.186	129.0	278.3	-294.9	91.08	270.2
33.219	113.5	284.8	-291.7	99.67	246.8
33.252	95.71	290.7	-288.2	108.3	223.3
33.286	76.71	296.2	-284.5	114.2	162.6
33.319	56.31	300.4	-280.6	119.2	115.7
33.352	34.96	303.3	-276.6	122.0	79.41
33.386	13.24	304.9	-272.5	124.2	31.13
33.419	-9.037	304.4	-268.3	124.5	-8.528
33.452	-30.84	303.0	-264.2	123.1	-39.83
33.486	-52.31	299.5	-260.1	122.1	-79.33
33.519	-73.13	294.4	-256.1	118.1	-174.5
33.552	-92.55	288.6	-252.2	110.3	-231.8
33.586	-109.9	282.0	-248.7	102.3	-262.0
33.619	-125.9	275.0	-245.4	93.35	-287.9
33.652	-139.7	268.1	-242.5	82.72	-338.6
33.686	-151.4	261.1	-239.9	71.06	-344.0
33.719	-161.0	255.1	-237.7	59.37	-365.1
33.752	-168.8	249.7	-235.9	47.22	-380.0
33.786	-174.5	245.5	-234.6	33.69	-400.2
33.819	-178.3	242.6	-233.7	20.64	-411.5
33.852	-180.2	241.0	-233.2	6.426	-422.6
33.886	-180.2	241.4	-233.3	-7.829	-424.9
33.919	-178.2	243.0	-233.7	-21.64	-393.2
33.952	-174.4	246.4	-234.7	-34.36	-384.5
33.986	-168.7	250.5	-236.0	-46.81	-356.3
34.019	-160.9	255.8	-237.8	-58.62	-343.1
34.052	-151.5	261.8	-239.9	-69.25	-319.2
34.085	-139.8	267.9	-242.4	-80.11	-275.9
34.119	-126.4	274.5	-245.3	-87.87	-235.0
34.152	-111.9	281.1	-248.3	-95.15	-234.1
34.185	-95.49	287.4	-251.6	-103.8	-201.0
34.219	-77.36	293.1	-255.2	-108.9	-133.4
34.252	-58.58	298.0	-258.9	-112.1	-79.95
34.285	-38.70	301.6	-262.7	-114.7	-41.83
34.319	-18.49	304.0	-266.5	-114.7	25.71
34.352	1.774	305.3	-270.3	-113.0	48.47
34.385	21.59	304.8	-274.1	-111.2	50.66
34.419	41.25	303.3	-277.7	-109.9	70.92
34.452	60.50	300.8	-281.4	-106.6	131.6
34.485	78.64	296.6	-284.8	-101.0	181.3
34.519	95.39	291.8	-288.1	-94.40	218.2
34.552	110.9	286.7	-291.1	-86.60	280.4
34.585	124.5	281.2	-293.9	-75.85	340.0
34.619	135.8	276.2	-296.2	-63.62	361.6
34.652	145.2	271.7	-298.1	-51.82	322.5
34.685	152.3	267.7	-299.6	-41.86	299.2
34.719	158.5	264.7	-300.9	-32.36	335.7
34.752	162.6	262.2	-301.8	-19.56	390.6
34.785	164.7	261.4	-302.2	-5.909	399.7
34.818	164.8	261.7	-302.2	6.902	393.2
34.852	162.7	262.9	-301.7	20.27	374.9
34.885	158.7	265.7	-300.8	32.19	368.3
34.918	152.7	268.7	-299.6	44.27	348.7
34.952	144.6	273.1	-297.9	56.03	343.0
34.985	134.6	277.6	-295.9	66.65	326.6
35.018	122.5	282.5	-293.5	78.02	281.6
35.052	108.7	288.0	-290.7	85.81	215.9
35.085	93.73	293.1	-287.7	91.75	175.5
35.118	77.15	297.1	-284.6	97.88	189.5
35.152	59.61	300.7	-281.2	104.1	159.8
35.185	40.58	303.2	-277.6	109.0	94.38
35.218	20.99	304.2	-273.9	110.2	43.89
35.252	1.485	304.4	-270.3	111.5	18.53
35.285	-18.48	303.4	-266.5	112.0	-44.65
35.318	-37.98	301.3	-262.8	108.4	-97.14
35.352	-56.40	298.2	-259.3	105.0	-121.6
35.385	-74.25	293.7	-255.8	100.9	-174.7
35.418	-90.63	288.5	-252.6	93.22	-230.1
35.452	-105.3	283.2	-249.6	85.32	-228.0
35.485	-118.5	277.5	-246.9	78.19	-242.0
35.518	-130.3	272.0	-244.4	69.38	-299.2
35.552	-140.4	267.0	-242.3	58.17	-347.3
35.585	-148.3	262.3	-240.5	46.10	-364.3
35.618	-154.3	258.7	-239.2	33.92	-373.2
35.651	-158.2	255.7	-238.3	21.25	-345.6
35.685	-160.4	254.5	-237.8	10.52	-373.3
35.718	-161.3	253.8	-237.6	-2.636	-368.7
35.751	-159.6	254.9	-237.9	-15.44	-356.7
35.785	-157.0	257.0	-238.6	-25.37	-324.4
35.818	-152.4	260.0	-239.6	-37.38	-299.7
35.851	-145.8	263.9	-241.1	-45.83	-281.1
35.885	-138.4	268.0	-242.7	-55.02	-298.7
35.918	-128.7	272.9	-244.7	-66.59	-291.1
35.951	-117.5	278.5	-247.1	-74.43	-224.2
35.985	-105.0	283.9	-249.7	-81.15	-187.9
36.018	-91.00	289.2	-252.5	-87.26	-191.9
36.051	-75.82	293.6	-255.5	-93.51	-137.8
36.085	-59.08	297.4	-258.8	-97.25	-93.25
36.118	-42.24	300.5	-262.0	-98.88	-60.10
36.151	-24.63	303.0	-265.4	-101.6	-45.94
36.185	-6.532	304.6	-268.8	-102.0	17.62
36.218	11.47	305.2	-272.2	-100.3	43.55
36.251	29.10	304.7	-275.5	-98.94	79.58
36.285	46.54	302.6	-278.7	-95.55	139.0
36.318	62.88	300.3	-281.8	-89.28	185.1
36.351	77.90	297.1	-284.7	-83.19	182.3
36.384	91.76	293.4	-287.4	-77.18	213.4
36.418	104.4	289.5	-289.8	-69.21	244.8
36.451	115.1	285.3	-292.0	-60.45	283.9
36.484	124.6	281.6	-293.9	-50.71	265.0
36.518	132.0	278.5	-295.4	-42.06	277.6
36.551	138.3	275.4	-296.7	-33.14	327.5
36.584	142.7	273.4	-297.6	-19.89	389.2
36.618	144.8	272.4	-298.0	-6.895	375.5
36.651	145.0	272.4	-298.0	4.946	325.5
36.684	143.3	273.3	-297.7	15.06	297.2
36.718	140.4	275.2	-297.0	24.36	293.6
36.751	135.6	277.6	-296.0	34.74	295.2
36.784	129.0	280.3	-294.7	44.20	283.4
36.818	120.9	283.6	-293.1	53.37	284.6
36.851	111.2	287.5	-291.2	63.28	259.8
36.884	99.55	291.1	-288.9	70.98	226.8
36.918	86.88	294.8	-286.4	77.90	208.0
36.951	72.58	298.0	-283.7	85.19	167.6
36.984	57.12	301.0	-280.7	89.24	124.6
37.018	41.27	303.6	-277.7	92.89	98.62
37.051	24.31	305.2	-274.6	96.38	63.37
37.084	7.032	305.4	-271.3	96.96	-1.972
37.118	-10.15	305.0	-268.1	96.18	-29.98
37.151	-27.03	303.4	-264.9	94.88	-35.27
37.184	-43.53	300.9	-261.8	93.81	-71.71
37.217	-59.65	297.4	-258.7	90.50	-132.8
37.251	-74.56	293.4	-255.7	84.61	-180.6
37.284	-88.32	289.2	-253.0	78.46	-179.7
37.317	-100.7	284.5	-250.5	72.57	-218.4
37.351	-112.1	280.0	-248.2	64.36	-255.3
37.384	-121.6	275.9	-246.2	54.96	-297.5
37.417	-129.5	271.8	-244.5	45.04	-322.7
37.451	-135.8	269.0	-243.2	33.15	-320.0
37.484	-139.9	266.7	-242.3	23.42	-308.7
37.517	-143.1	265.3	-241.7	13.25	-322.3
37.551	-144.4	265.1	-241.4	1.447	-337.7
37.584	-143.5	265.0	-241.6	-9.162	-310.9
37.617	-141.1	265.9	-242.0	-19.27	-306.3
37.651	-137.5	268.1	-242.8	-29.49	-283.0
37.684	-132.1	270.9	-244.0	-38.41	-271.4
37.717	-125.6	274.5	-245.4	-47.13	-245.1
37.751	-117.3	278.3	-247.1	-55.25	-248.0
37.784	-108.0	282.8	-249.1	-63.12	-206.1
37.817	-96.90	287.2	-251.4	-69.67	-177.1
37.851	-85.04	291.4	-253.7	-74.30	-165.1
37.884	-71.86	294.9	-256.3	-80.76	-147.7
37.917	-57.29	297.9	-259.1	-84.70	-96.69
37.950	-42.55	300.8	-261.9	-86.58	-76.48
37.984	-27.11	302.8	-264.9	-89.89	-58.90
38.017	-10.95	304.3	-267.9	-90.94	2.140
38.050	5.027	305.2	-270.9	-89.39	75.63
38.084	20.78	305.2	-273.9	-86.14	95.96
38.117	35.61	303.8	-276.7	-82.54	84.82
38.150	49.96	301.8	-279.4	-80.65	114.3
38.184	64.04	299.8	-282.1	-75.49	158.8
38.217	76.39	296.9	-284.4	-69.21	211.6
38.250	88.08	294.2	-286.7	-62.20	218.4
38.284	97.95	291.5	-288.6	-53.93	225.6
38.317	106.7	288.9	-290.3	-47.45	224.9
38.350	114.2	286.5	-291.7	-39.16	248.0
38.384	119.9	284.1	-292.9	-30.50	271.3
38.417	124.2	282.1	-293.8	-21.51	281.5
38.450	126.8	280.8	-294.3	-11.43	308.4
38.484	128.1	280.7	-294.5	-1.134	313.6
38.517	127.5	281.2	-294.4	9.621	291.2
38.550	124.9	282.1	-293.9	18.46	282.9
38.584	121.2	283.5	-293.2	27.93	257.2
38.617	115.7	285.9	-292.0	36.39	264.2
38.650	109.1	288.3	-290.7	44.63	234.2
38.684	100.5	291.1	-289.1	52.86	244.1
38.717	90.99	293.9	-287.2	60.17	215.7
38.750	79.69	296.5	-285.0	67.79	178.9
38.783	67.32	299.0	-282.7	72.05	135.7
38.817	54.41	301.1	-280.2	76.38	125.1
38.850	40.42	303.1	-277.6	80.85	130.8
38.883	25.82	304.1	-274.9	84.75	68.08
38.917	10.37	304.7	-271.9	86.02	9.971
38.950	-4.674	304.4	-269.1	84.75	-26.97
38.983	-19.60	303.2	-266.3	84.40	-25.76
39.017	-34.42	301.9	-263.5	83.14	-85.14
39.050	-48.74	299.6	-260.8	78.91	-140.5
39.083	-61.78	296.7	-258.2	73.34	-126.3
39.117	-73.93	293.7	-255.9	70.37	-154.3
39.150	-85.67	290.1	-253.5	64.05	-206.7
39.183	-95.34	286.7	-251.6	55.45	-228.1
39.217	-103.9	283.3	-249.9	49.31	-190.7
39.250	-111.4	280.2	-248.3	42.71	-252.7
39.283	-117.7	277.5	-247.0	32.90	-305.7
39.317	-122.0	275.7	-246.1	21.65	-307.7
39.350	-124.6	274.3	-245.6	12.57	-297.2
39.383	-126.1	273.9	-245.3	2.177	-287.4
39.417	-125.5	274.3	-245.4	-7.239	-278.0
39.450	-123.9	275.2	-245.8	-15.69	-243.6
39.483	-120.6	276.9	-246.5	-24.01	-257.3
39.516	-116.2	278.7	-247.4	-32.29	-240.1
39.550	-110.1	281.2	-248.6	-40.56	-224.6
39.583	-102.9	283.9	-250.1	-46.97	-178.7
39.616	-94.71	287.2	-251.7	-52.59	-190.9
39.650	-85.65	290.6	-253.6	-59.30	-157.5
39.683	-74.93	294.0	-255.7	-63.94	-105.9
39.716	-64.01	297.0	-257.8	-65.64	-85.86
39.750	-52.39	299.3	-260.1	-69.63	-121.3
39.783	-39.78	301.4	-262.5	-74.02	-92.37
39.816	-26.51	303.3	-265.0	-75.91	-61.76
39.850	-13.08	304.4	-267.5	-77.67	-22.18
39.883	0.968	305.3	-270.2	-78.01	41.95
39.916	14.59	305.1	-272.7	-74.57	86.13
39.950	27.42	304.2	-275.2	-71.93	68.20
39.983	40.08	303.2	-277.5	-70.35	74.95
40.016	52.25	301.3	-279.8	-67.02	139.5
40.050	63.64	299.4	-282.0	-61.09	183.2
40.083	73.70	297.6	-283.9	-54.51	184.0
40.116	82.73	295.7	-285.6	-48.90	182.9
40.150	90.65	293.4	-287.2	-42.50	231.5
40.183	97.35	291.6	-288.5	-33.55	256.7
40.216	102.2	290.2	-289.4	-24.92	239.0
40.250	105.8	288.8	-290.1	-17.91	235.1
40.283	108.4	288.4	-290.6	-9.408	240.2
40.316	109.0	287.8	-290.7	-1.457	225.6
40.349	108.6	287.6	-290.7	5.268	242.1
40.383	107.1	288.1	-290.4	14.50	254.8
40.416	103.8	289.3	-289.7	22.90	267.4
40.449	99.35	290.7	-288.9	31.52	242.6
40.483	93.02	292.7	-287.6	39.93	208.2
40.516	85.71	294.8	-286.2	44.99	148.0
40.549	77.43	296.6	-284.6	49.75	150.2
40.583	68.32	298.4	-282.9	54.93	156.5
40.616	58.29	300.7	-281.0	60.29	141.9
40.649	47.22	302.3	-278.9	64.48	127.3
40.683	35.50	303.3	-276.7	68.52	76.99
40.716	22.95	304.5	-274.3	70.17	65.00
40.749	10.63	304.6	-272.0	71.93	37.53
40.783	-2.564	304.5	-269.5	73.63	14.74
40.816	-15.42	303.6	-267.1	72.39	-66.77
40.849	-28.10	302.5	-264.7	69.52	-88.61
40.883	-39.81	300.8	-262.5	65.98	-72.84
40.916	-51.07	298.6	-260.3	64.74	-74.53
40.949	-62.16	296.2	-258.1	61.57	-131.8
40.983	-72.15	293.6	-256.2	55.55	-183.6
41.016	-81.05	291.2	-254.4	49.36	-190.8
41.049	-88.81	288.8	-252.9	42.83	-225.8
41.082	-95.43	286.7	-251.6	34.52	-250.5
41.116	-100.3	284.8	-250.6	25.74	-226.6
41.149	-103.8	283.2	-249.9	19.40	-201.8
41.182	-106.7	282.4	-249.3	12.71	-236.2
41.216	-108.0	281.8	-249.0	3.551	-271.5
41.249	-107.9	282.1	-249.1	-5.614	-266.0
41.282	-106.3	282.7	-249.4	-14.05	-234.9
41.316	-103.4	284.2	-250.0	-21.44	-199.6
41.349	-99.32	285.7	-250.8	-27.26	-182.3
41.382	-94.29	287.2	-251.8	-33.41	-176.3
41.416	-88.22	289.6	-253.1	-39.27	-154.4
41.449	-81.28	292.0	-254.4	-43.61	-142.6
41.482	-73.57	294.3	-256.0	-48.56	-146.0
41.516	-64.76	296.5	-257.7	-53.62	-98.27
41.549	-55.19	298.8	-259.5	-55.31	-67.10
41.582	-45.68	300.9	-261.4	-57.36	-48.37
41.616	-35.18	302.1	-263.4	-59.35	-74.57
41.649	-24.82	303.3	-265.3	-61.49	-44.09
41.682	-13.51	304.2	-267.5	-63.19	-14.55
41.716	-2.479	304.3	-269.5	-61.91	31.47
41.749	8.406	304.4	-271.6	-61.16	19.98
41.782	19.20	304.4	-273.6	-60.57	63.36
41.816	29.86	303.5	-275.6	-57.34	92.45
41.849	39.46	302.6	-277.4	-53.69	126.9
41.882	48.83	301.6	-279.2	-49.62	93.14
41.915	57.01	300.7	-280.7	-46.55	100.0
41.949	65.19	299.1	-282.3	-43.95	120.0
41.982	72.30	297.4	-283.7	-38.07	190.0
42.015	78.37	295.9	-284.8	-31.42	195.8
42.049	83.28	295.1	-285.8	-24.80	233.7
42.082	87.17	294.5	-286.5	-16.34	240.1
42.115	88.98	293.9	-286.8	-8.012	217.0
42.149	89.81	293.4	-287.0	-2.306	191.4
42.182	89.77	293.6	-287.0	4.622	222.8
42.215	88.26	293.9	-286.7	12.67	199.1
42.249	85.31	294.5	-286.2	18.27	178.4
42.282	81.93	295.5	-285.5	23.84	191.7
42.315	77.06	296.5	-284.6	31.47	206.1
42.349	70.89	297.6	-283.4	37.65	175.4
42.382	63.95	299.3	-282.1	42.99	151.9
42.415	55.97	301.0	-280.5	47.89	106.2
42.449	47.21	302.6	-278.9	50.26	76.36
42.482	38.31	303.9	-277.2	52.45	85.78
42.515	28.63	304.5	-275.4	56.24	78.83
42.549	18.31	304.9	-273.4	57.97	30.04
42.582	8.040	305.2	-271.5	57.95	30.30
42.615	-2.260	305.2	-269.6	59.77	-4.731
42.648	-13.17	304.7	-267.5	58.54	-51.72
42.682	-22.99	304.0	-265.7	55.27	-57.61
42.715	-32.69	303.1	-263.8	55.04	-27.82
42.748	-42.34	301.5	-262.0	53.67	-68.49
42.782	-51.45	299.9	-260.3	50.32	-133.1
42.815	-59.91	298.5	-258.7	44.96	-125.1
42.848	-67.08	296.9	-257.3	41.31	-116.0
42.882	-74.05	294.8	-255.9	38.10	-140.7
42.915	-79.93	292.8	-254.7	31.59	-182.7
42.948	-84.83	291.9	-253.8	25.70	-178.6
42.982	-88.80	290.8	-253.0	19.98	-213.3
43.015	-91.63	290.0	-252.5	11.60	-263.4
43.048	-92.64	289.3	-252.2	2.090	-227.6
43.082	-92.29	289.6	-252.3	-3.899	-174.9
43.115	-91.36	289.9	-252.5	-8.872	-165.0
43.148	-89.23	290.4	-252.9	-15.24	-178.3
43.182	-86.29	291.7	-253.5	-20.73	-156.4
43.215	-82.38	293.0	-254.3	-25.64	-150.4
43.248	-77.61	294.4	-255.2	-30.67	-155.3
43.282	-71.84	295.6	-256.3	-36.04	-111.5
43.315	-65.14	297.0	-257.6	-38.51	-82.09
43.348	-58.47	298.2	-258.9	-40.72	-107.8
43.382	-50.95	299.5	-260.3	-46.01	-111.7
43.415	-42.42	300.8	-262.0	-48.68	-77.11
43.448	-33.92	301.9	-263.6	-50.39	-50.05
43.481	-24.74	303.1	-265.3	-52.55	-24.29
43.515	-15.45	304.0	-267.1	-51.93	22.58
43.548	-6.410	304.2	-268.8	-50.82	25.23
43.581	2.535	304.2	-270.5	-50.33	22.15
43.615	11.41	304.5	-272.1	-49.40	22.33
43.648	20.06	304.4	-273.8	-48.68	60.90
43.681	28.65	303.6	-275.4	-45.84	79.71
43.715	36.23	302.8	-276.8	-42.63	112.8
43.748	43.68	301.9	-278.2	-39.06	135.9
43.781	49.98	301.0	-279.4	-33.12	139.5
43.815	55.34	300.4	-280.4	-29.54	114.8
43.848	60.39	299.6	-281.4	-26.02	129.1
43.881	64.44	298.7	-282.2	-20.65	165.6
43.915	67.59	298.1	-282.8	-15.04	178.8
43.948	69.65	297.5	-283.2	-8.755	187.8
43.981	70.67	297.6	-283.4	-2.428	169.8
44.015	70.62	297.9	-283.3	2.642	161.0
44.048	69.80	298.1	-283.2	7.993	157.5
44.081	67.79	298.3	-282.8	13.46	169.6
44.115	64.98	298.4	-282.3	18.98	135.4
44.148	61.13	299.4	-281.5	23.02	102.2
44.181	57.03	300.4	-280.7	25.30	108.4
44.214	52.35	301.4	-279.9	30.13	143.9
44.248	46.44	302.1	-278.7	35.31	158.3
44.281	39.87	302.8	-277.5	40.32	102.1
44.314	32.19	303.5	-276.1	42.80	81.80
44.348	24.73	304.2	-274.6	44.80	50.04
44.381	16.33	304.6	-273.1	47.02	33.14
44.414	8.066	305.0	-271.5	46.54	-19.09
44.448	-0.172	304.6	-270.0	45.84	-19.22
44.481	-8.175	304.0	-268.5	45.13	-26.07
44.514	-16.12	303.6	-267.0	44.27	-16.93
44.548	-23.81	303.1	-265.5	43.77	-17.14
44.581	-31.56	302.5	-264.0	43.39	-53.68
44.614	-38.99	300.9	-262.6	40.33	-91.41
44.648	-45.58	299.8	-261.4	36.85	-108.8
44.681	-51.74	298.4	-260.2	33.45	-84.12
44.714	-57.11	297.3	-259.1	30.77	-104.0
44.748	-62.31	296.0	-258.1	27.22	-139.9
44.781	-66.44	295.1	-257.3	21.01	-178.1
44.814	-69.43	294.0	-256.7	15.34	-176.6
44.848	-71.52	293.2	-256.3	9.384	-187.9
44.881	-72.66	293.3	-256.1	2.737	-179.4
44.914	-72.59	293.5	-256.1	-2.757	-154.2
44.947	-71.76	293.7	-256.3	-7.321	-110.5
44.981	-70.03	293.9	-256.6	-10.41	-106.6
45.014	-68.11	294.2	-257.0	-13.87	-125.7
45.047	-65.39	295.5	-257.5	-19.14	-153.6
45.081	-61.75	296.6	-258.2	-24.06	-111.7
45.114	-57.24	297.9	-259.1	-26.87	-88.37
45.147	-52.54	298.9	-260.0	-29.39	-66.30
45.181	-47.11	300.2	-261.1	-31.82	-73.62
45.214	-41.54	301.4	-262.2	-33.82	-56.36
45.247	-35.35	302.5	-263.3	-35.97	-81.27
45.281	-28.97	303.6	-264.5	-38.77	-63.00
45.314	-21.68	303.9	-265.9	-40.84	-27.88
45.347	-14.53	304.8	-267.3	-40.23	18.60
45.381	-7.451	305.0	-268.6	-39.60	12.41
45.414	-0.485	305.2	-269.9	-39.34	22.44
45.447	6.513	305.2	-271.2	-38.34	28.90
45.481	13.14	305.4	-272.5	-37.12	54.18
45.514	19.72	305.2	-273.7	-35.11	65.68
45.547	25.60	304.6	-274.8	-32.35	60.42
45.581	31.13	303.8	-275.9	-31.15	66.31
45.614	36.57	303.1	-276.9	-28.32	82.79
45.647	41.07	302.2	-277.7	-25.07	113.2
45.681	45.34	301.6	-278.5	-21.35	127.5
45.714	48.63	301.5	-279.2	-16.15	131.6
45.747	51.04	301.0	-279.6	-12.56	108.7
45.780	53.05	300.9	-280.0	-9.127	134.6
45.814	54.39	301.3	-280.2	-3.677	156.4
45.847	54.45	301.3	-280.2	1.685	163.4
45.880	53.78	301.3	-280.1	6.841	112.6
45.914	52.00	301.5	-279.8	9.836	103.4
45.947	50.30	301.7	-279.5	12.78	112.4
45.980	47.56	302.5	-278.9	17.96	115.1
46.014	43.97	302.5	-278.3	20.52	94.10
46.047	40.32	303.5	-277.6	23.70	107.1
46.080	35.66	304.0	-276.7	28.10	105.5
46.114	30.34	304.1	-275.7	30.72	85.96
46.147	24.75	304.7	-274.6	33.55	61.25
46.180	18.46	305.3	-273.5	35.26	22.54
46.214	12.22	305.1	-272.3	34.75	-9.281
46.247	6.090	304.7	-271.1	34.58	-8.910
46.280	-5.840E-2	304.5	-270.0	34.29	-10.57
46.314	-6.053	304.2	-268.9	33.77	-20.39
46.347	-11.99	303.7	-267.7	33.03	-17.01
46.380	-17.71	303.4	-266.7	32.46	-14.12
46.414	-23.45	303.1	-265.6	32.24	-54.58
46.447	-29.09	302.7	-264.5	29.15	-83.37
46.480	-33.73	302.3	-263.6	25.97	-60.31
46.513	-38.19	301.5	-262.8	25.45	-56.25
46.547	-42.63	300.9	-261.9	22.61	-80.90
46.580	-46.06	300.1	-261.3	19.39	-112.4
46.613	-49.39	299.8	-260.6	15.79	-124.0
46.647	-51.67	299.8	-260.2	10.63	-127.3
46.680	-53.18	299.7	-259.9	7.316	-107.7
46.713	-54.33	300.0	-259.7	3.742	-109.6
46.747	-54.59	300.0	-259.7	-0.253	-107.9
46.780	-54.25	300.0	-259.8	-3.364	-97.20
46.813	-53.42	300.3	-259.9	-6.660	-114.1
46.847	-51.91	300.4	-260.2	-10.93	-108.8
46.880	-49.53	300.5	-260.6	-14.23	-94.50
46.913	-46.86	300.7	-261.1	-16.86	-81.38
46.947	-43.57	301.0	-261.8	-19.87	-85.72
46.980	-39.84	301.3	-262.5	-22.47	-63.20
47.013	-35.71	302.2	-263.3	-24.24	-34.84
47.047	-31.35	302.4	-264.1	-24.69	-50.33
47.080	-26.97	302.6	-264.9	-27.21	-59.59
47.113	-21.74	303.0	-265.9	-29.40	-31.14
47.147	-16.63	303.7	-266.9	-28.89	14.22
47.180	-11.57	304.0	-267.8	-28.45	10.72
47.213	-6.574	304.1	-268.8	-28.17	6.416
47.247	-1.606	304.2	-269.7	-28.04	15.30
47.280	3.346	304.3	-270.6	-27.24	13.56
47.313	8.042	304.5	-271.5	-26.88	13.18
47.346	12.88	304.6	-272.4	-26.66	51.16
47.380	17.51	304.6	-273.3	-23.60	88.17
47.413	21.28	304.8	-274.0	-20.28	97.12
47.446	24.75	304.9	-274.6	-17.52	78.35
47.480	27.53	304.7	-275.2	-14.75	52.29
47.513	29.95	304.1	-275.6	-14.05	60.04
47.546	32.49	304.2	-276.1	-11.32	82.65
47.580	34.02	304.3	-276.4	-7.796	103.7
47.613	35.29	304.3	-276.6	-4.943	113.0
47.646	35.81	304.4	-276.7	-0.111	122.0
47.680	35.36	304.5	-276.6	3.492	92.80
47.713	34.56	304.4	-276.5	5.781	66.05
47.746	33.30	304.6	-276.2	8.006	82.04
47.780	31.70	304.6	-275.9	11.02	70.28
47.813	29.35	304.5	-275.5	13.16	42.95
47.846	26.99	304.5	-275.1	13.54	47.98
47.880	24.51	304.4	-274.6	16.13	68.58
47.913	21.23	304.3	-274.0	18.66	39.63
47.946	17.86	304.3	-273.4	18.58	37.25
47.980	14.62	304.1	-272.8	20.65	61.54
48.013	10.53	304.0	-272.0	23.38	48.20
48.046	6.332	303.8	-271.2	23.61	-4.768
48.079	2.170	303.6	-270.4	23.07	-12.35
48.113	-1.819	303.4	-269.7	22.66	-10.95
48.146	-5.824	303.3	-268.9	22.46	-3.853
48.179	-9.733	302.9	-268.2	22.31	-11.47
48.213	-13.68	302.8	-267.4	21.84	-5.361
48.246	-17.42	302.6	-266.7	21.71	-8.159
48.279	-21.32	302.4	-266.0	21.58	-59.95
48.313	-25.03	302.2	-265.3	17.94	-86.05
48.346	-27.64	302.1	-264.8	15.02	-54.54
48.379	-30.33	302.0	-264.3	14.84	-48.38
48.413	-32.88	301.8	-263.8	12.03	-76.14
48.446	-34.57	301.7	-263.5	9.170	-57.61
48.479	-36.13	301.7	-263.2	8.471	-57.09
48.513	-37.58	301.7	-262.9	5.687	-76.43
48.546	-38.15	301.7	-262.8	2.777	-78.70
48.579	-38.58	301.7	-262.7	0.879	-75.66
48.613	-38.47	301.7	-262.7	-2.365	-97.75
48.646	-37.75	301.8	-262.9	-5.713	-71.55
48.679	-36.46	301.9	-263.1	-7.318	-31.93
48.713	-35.18	302.2	-263.4	-7.595	-45.36
48.746	-33.77	302.1	-263.6	-10.08	-72.28
48.779	-31.60	302.3	-264.0	-12.94	-43.76
48.813	-29.21	302.4	-264.5	-12.93	-51.29
48.846	-27.04	302.6	-264.9	-15.62	-59.56
48.879	-23.68	302.5	-265.5	-18.06	-39.92
48.912	-20.66	302.8	-266.1	-17.52	12.50
48.946	-17.51	302.9	-266.7	-17.49	-3.661
48.979	-14.49	302.9	-267.3	-17.55	3.594
49.012	-11.32	303.0	-267.9	-17.49	14.27
49.046	-8.323	303.2	-268.4	-16.48	14.26
49.079	-5.509	303.2	-269.0	-16.39	6.659
49.112	-2.540	303.2	-269.5	-16.31	-0.708
49.146	0.244	303.3	-270.0	-16.18	4.942
49.179	3.166	303.4	-270.6	-16.22	7.935
49.212	5.972	303.6	-271.1	-15.54	59.93
49.246	8.656	303.5	-271.6	-12.55	80.71
49.279	10.41	303.6	-272.0	-9.511	51.25
49.312	12.03	303.8	-272.3	-9.369	54.31
49.346	13.73	303.8	-272.6	-6.471	83.95
49.379	14.32	303.7	-272.7	-2.897	92.61
49.412	14.76	303.9	-272.8	-0.861	70.36
49.446	14.63	303.9	-272.8	2.014	35.49
49.479	14.05	303.8	-272.6	1.838	2.415
49.512	13.98	303.9	-272.6	1.437	42.53
49.546	13.54	303.9	-272.6	4.834	81.73
49.579	12.26	303.9	-272.3	7.384	39.03
49.612	10.93	304.0	-272.1	7.203	39.06
49.645	9.713	303.8	-271.8	9.477	60.03
49.679	7.567	303.7	-271.4	12.02	48.39
49.712	5.458	303.6	-271.0	12.25	1.526
49.745	3.238	303.6	-270.6	12.28	-0.694
49.779	1.123	303.5	-270.2	12.06	6.144
49.812	-1.021	303.4	-269.8	12.68	37.28
49.845	-3.349	303.3	-269.4	14.50	12.29
49.879	-6.133	303.1	-268.8	14.04	9.461
49.912	-8.297	303.0	-268.4	14.17	-15.43
49.945	-11.12	302.9	-267.9	14.09	-999.0
49.979	-13.26	302.9	-267.5	-45.07	23.77
50.012	4.863	309.6	-270.9	-13.12	767.9
50.045	-8.634	302.9	-268.4	44.26	704.1
50.079	-10.84	302.8	-267.9	12.07	-562.5
50.112	-12.88	302.7	-267.6	11.24	-22.24
50.145	-14.79	302.6	-267.2	10.59	-12.49
50.179	-16.61	302.5	-266.9	10.37	-24.02
50.212	-18.45	302.4	-266.5	9.218	-47.36
50.245	-19.85	302.3	-266.2	7.005	-63.40
50.279	-20.91	302.3	-266.0	5.024	-41.87
50.312	-21.62	302.2	-265.9	4.072	-34.14
50.345	-22.35	302.2	-265.8	3.050	-43.71
50.379	-22.70	302.2	-265.7	0.996	-53.60
50.412	-22.70	302.2	-265.7	-0.575	-44.59
50.445	-22.49	302.2	-265.7	-1.889	-50.70
50.478	-22.03	302.3	-265.8	-3.903	-23.32
50.512	-21.12	302.3	-266.0	-3.884	-21.15
50.545	-20.67	302.3	-266.1	-4.492	-28.71
50.578	-19.54	302.4	-266.3	-6.506	-36.34
50.612	-18.38	302.5	-266.5	-6.670	-10.68
50.645	-17.20	302.6	-266.7	-7.152	-31.56
50.678	-15.86	302.6	-267.0	-8.730	-41.02
50.712	-14.13	302.7	-267.3	-10.12	-1.709
50.745	-12.30	302.8	-267.7	-8.950	13.65
50.778	-10.97	302.9	-267.9	-8.614	14.28
50.812	-9.265	302.9	-268.2	-8.655	-7.575
50.845	-7.924	303.0	-268.5	-8.541	12.39
50.878	-6.257	303.0	-268.8	-8.390	-1.545
50.912	-4.968	303.1	-269.1	-8.096	15.63
50.945	-3.404	303.1	-269.4	-7.866	18.45
50.978	-2.195	303.1	-269.6	-6.519	1.058
51.012	-1.106	303.2	-269.8	-7.632	2.743
51.045	0.496	303.3	-270.1	-7.088	22.06
51.078	1.393	303.3	-270.3	-5.345	37.31
51.112	2.382	303.3	-270.4	-5.041	11.63
51.145	3.172	303.3	-270.6	-4.386	15.56
51.178	3.930	303.4	-270.7	-4.088	43.77
51.211	4.615	303.3	-270.9	-1.731	59.19
51.245	4.541	303.4	-270.9	0.439	33.86
51.278	4.460	303.4	-270.8	0.252	-5.038
51.311	4.452	303.4	-270.8	4.242E-2	16.40
51.345	4.445	303.4	-270.8	1.207	27.05
51.378	4.027	303.4	-270.8	2.204	38.48
51.411	3.667	303.4	-270.7	3.364	33.34
51.445	2.838	303.3	-270.5	4.814	2.622
51.478	1.968	303.3	-270.4	3.576	-8.654
51.511	1.577	303.3	-270.3	3.632	12.33
51.545	0.687	303.3	-270.1	5.000	22.93
51.578	-0.187	303.2	-270.0	4.948	-24.52
51.611	-1.058	303.2	-269.8	3.566	-14.51
51.645	-1.445	303.2	-269.7	3.415	6.539
51.678	-2.262	303.1	-269.6	4.557	-1.805
51.711	-3.052	303.1	-269.4	3.270	-20.22
51.745	-3.415	303.1	-269.4	2.775	-17.02
51.778	-4.030	303.1	-269.2	2.635	-1.109
51.811	-4.343	303.0	-269.2	2.284	-16.77
51.845	-4.834	303.1	-269.1	1.908	-19.76
51.878	-5.016	303.1	-269.1	0.692	-23.30
51.911	-5.078	303.1	-269.0	0.381	18.26
51.945	-5.149	303.0	-269.0	1.770	12.11
51.978	-5.702	303.0	-268.9	1.768	-15.24
52.011	-5.773	303.0	-268.9	0.199	-27.89
52.044	-5.772	303.0	-268.9	4.014E-2	-5.237
52.078	-5.787	303.0	-268.9	-8.372E-2	-2.237
52.111	-5.742	303.0	-268.9	-0.175	-3.219
52.144	-5.725	303.0	-268.9	-0.232	-0.680
52.178	-5.661	303.0	-268.9	-0.283	-1.830
52.211	-5.626	303.0	-268.9	-0.296	-1.938E-2
52.244	-5.556	303.0	-268.9	-0.333	-3.729
52.278	-5.508	303.0	-269.0	-0.483	-6.758
52.311	-5.386	303.0	-269.0	-0.833	4.975
52.344	-5.214	303.0	-269.0	-0.262	10.49
52.378	-5.293	303.0	-269.0	0.133	3.683
52.411	-5.261	303.0	-269.0	-0.204	-6.031
52.444	-5.221	303.0	-269.0	-0.230	0.414
52.478	-5.180	303.0	-269.0	-0.181	0.364
52.511	-5.157	303.0	-269.0	-0.183	-24.46
52.544	-5.116	303.1	-269.0	-1.634	-13.39
52.578	-4.582	303.1	-269.1	-1.664	14.30
52.611	-4.530	303.1	-269.1	-0.116	28.17
52.644	-4.541	303.1	-269.1	6.817E-2	2.453
52.678	-4.554	303.1	-269.1	2.993E-2	-0.852
52.711	-4.551	303.1	-269.1	-3.292E-3	-0.283
52.744	-4.553	303.1	-269.1	1.864E-2	0.515
52.777	-4.560	303.2	-269.1	3.249E-2	0.249
52.811	-4.565	303.1	-269.1	3.432E-2	-0.377
52.844	-4.571	303.1	-269.1	1.026E-2	-0.596
52.877	-4.568	303.1	-269.1	-1.220E-2	-0.322
52.911	-4.566	303.1	-269.1	-7.981E-3	0.209
52.944	-4.565	303.1	-269.1	1.574E-3	9.638E-2
52.977	-4.567	303.1	-269.1	8.491E-4	-2.946E-2
53.011	-4.566	303.1	-269.1	-3.716E-3	-0.255
53.044	-4.565	303.1	-269.1	-1.275E-2	-0.255
53.077	-4.561	303.0	-269.1	-2.442E-2	0.130
53.111	-4.556	303.0	-269.1	-5.171E-3	0.394
53.144	-4.559	303.0	-269.1	8.203E-3	-8.218E-2
53.177	-4.559	303.1	-269.1	-1.292E-2	-9.341E-2
53.211	-4.554	303.0	-269.1	-4.847E-3	0.175
53.244	-4.558	303.0	-269.1	8.945E-3	2.846E-2
53.277	-4.557	303.0	-269.1	-7.931E-3	-0.893
53.311	-4.555	303.0	-269.1	-4.683E-2	0.545
53.344	-4.541	303.0	-269.1	8.118E-3	0.291
53.377	-4.557	303.0	-269.1	1.336E-2	0.168
53.411	-4.545	303.0	-269.1	-2.270E-2	-0.860
53.444	-4.549	303.0	-269.1	-1.424E-2	0.877
53.477	-4.541	303.0	-269.1	1.010E-2	4.020E-2
53.511	-4.553	303.0	-269.1	1.862E-2	3.150E-2
53.544	-4.547	303.0	-269.1	-1.431E-2	-0.154
53.577	-4.548	303.1	-269.1	1.945E-2	0.542
53.610	-4.554	303.0	-269.1	2.439E-2	-0.342
53.644	-4.557	303.0	-269.1	-5.140E-3	-0.906
53.677	-4.552	303.0	-269.1	-3.859E-2	0.481
53.710	-4.543	303.0	-269.1	1.632E-2	0.343
53.744	-4.558	303.0	-269.1	1.546E-2	-0.872
53.777	-4.548	303.0	-269.1	-6.900E-2	-0.341
53.810	-4.533	303.0	-269.1	-1.222E-2	0.213
53.844	-4.544	303.0	-269.1	-2.040E-2	0.114
53.877	-4.527	303.1	-269.1	-4.584E-2	0.410
53.910	-4.528	303.1	-269.1	3.106E-2	1.093
53.944	-4.538	303.1	-269.1	2.879E-2	-0.205
53.977	-4.538	303.1	-269.1	7.033E-3	-0.491
54.010	-4.540	303.0	-269.1	1.322E-3	0.775
54.044	-4.539	303.0	-269.1	4.820E-2	0.343
54.077	-4.557	303.0	-269.1	4.878E-2	-0.266
54.110	-4.556	303.0	-269.1	5.544E-3	-0.111
54.144	-4.559	303.0	-269.1	4.790E-2	-0.219
54.177	-4.573	303.1	-269.1	8.370E-3	-0.786
54.210	-4.562	303.0	-269.1	-3.333E-2	-0.437
54.244	-4.561	303.0	-269.1	-2.564E-3	-87.79
54.277	-4.561	303.0	-269.1	-5.152	
54.310	-3.100	342.2	-269.5	0	
